# This file was produced by bcftools stats (1.9+htslib-1.9) and can be plotted using plot-vcfstats.
# The command line was:	bcftools stats  -v --samples-file /cromwell_root/fc-47de7dae-e8e6-429c-b760-b4ba49136eee/resources/1kgp/SAS.txt /cromwell_root/fc-51aefb1c-4e8e-4dcb-a59c-62e318ea351a/cf9188d4-5ce4-4209-af9a-d0697c795f98/subset_vcf_sample_list/6cc08b4f-6f37-4a81-8658-991e36c73880/call-bgzip_bcftools_index/1kgp.chrY.recalibrated.snp_indel.pass.singleton.SAS_singleton.vcf.gz
#
# Definition of sets:
# ID	[2]id	[3]tab-separated file names
ID	0	/cromwell_root/fc-51aefb1c-4e8e-4dcb-a59c-62e318ea351a/cf9188d4-5ce4-4209-af9a-d0697c795f98/subset_vcf_sample_list/6cc08b4f-6f37-4a81-8658-991e36c73880/call-bgzip_bcftools_index/1kgp.chrY.recalibrated.snp_indel.pass.singleton.SAS_singleton.vcf.gz
# SN, Summary numbers:
#   number of records   .. number of data rows in the VCF
#   number of no-ALTs   .. reference-only sites, ALT is either "." or identical to REF
#   number of SNPs      .. number of rows with a SNP
#   number of MNPs      .. number of rows with a MNP, such as CC>TT
#   number of indels    .. number of rows with an indel
#   number of others    .. number of rows with other type, for example a symbolic allele or
#                          a complex substitution, such as ACT>TCGA
#   number of multiallelic sites     .. number of rows with multiple alternate alleles
#   number of multiallelic SNP sites .. number of rows with multiple alternate alleles, all SNPs
# 
#   Note that rows containing multiple types will be counted multiple times, in each
#   counter. For example, a row with a SNP and an indel increments both the SNP and
#   the indel counter.
# 
# SN	[2]id	[3]key	[4]value
SN	0	number of samples:	276
SN	0	number of records:	184255
SN	0	number of no-ALTs:	0
SN	0	number of SNPs:	173522
SN	0	number of MNPs:	0
SN	0	number of indels:	11276
SN	0	number of others:	728
SN	0	number of multiallelic sites:	9796
SN	0	number of multiallelic SNP sites:	7004
# TSTV, transitions/transversions:
# TSTV	[2]id	[3]ts	[4]tv	[5]ts/tv	[6]ts (1st ALT)	[7]tv (1st ALT)	[8]ts/tv (1st ALT)
TSTV	0	101204	74276	1.36	99021	71140	1.39
# SiS, Singleton stats:
# SiS	[2]id	[3]allele count	[4]number of SNPs	[5]number of transitions	[6]number of transversions	[7]number of indels	[8]repeat-consistent	[9]repeat-inconsistent	[10]not applicable
SiS	0	1	29990	17219	12771	2393	0	0	2393
# AF, Stats by non-reference allele frequency:
# AF	[2]id	[3]allele frequency	[4]number of SNPs	[5]number of transitions	[6]number of transversions	[7]number of indels	[8]repeat-consistent	[9]repeat-inconsistent	[10]not applicable
AF	0	0.000000	152889	88669	64220	11514	0	0	11514
AF	0	0.003623	3539	2163	1376	502	0	0	502
AF	0	0.007246	4246	2461	1785	513	0	0	513
AF	0	0.010870	1915	1036	879	274	0	0	274
AF	0	0.014493	800	417	383	171	0	0	171
AF	0	0.018116	661	342	319	111	0	0	111
AF	0	0.021739	738	417	321	128	0	0	128
AF	0	0.025362	488	252	236	99	0	0	99
AF	0	0.028986	375	178	197	84	0	0	84
AF	0	0.032609	290	161	129	81	0	0	81
AF	0	0.036232	218	109	109	57	0	0	57
AF	0	0.039855	596	341	255	83	0	0	83
AF	0	0.043478	271	135	136	62	0	0	62
AF	0	0.047101	259	148	111	50	0	0	50
AF	0	0.050725	158	82	76	48	0	0	48
AF	0	0.054348	108	46	62	17	0	0	17
AF	0	0.057971	474	284	190	71	0	0	71
AF	0	0.061594	608	364	244	68	0	0	68
AF	0	0.065217	212	127	85	52	0	0	52
AF	0	0.068841	222	114	108	43	0	0	43
AF	0	0.072464	117	67	50	34	0	0	34
AF	0	0.076087	95	49	46	30	0	0	30
AF	0	0.079710	179	95	84	38	0	0	38
AF	0	0.083333	65	31	34	16	0	0	16
AF	0	0.086957	56	23	33	21	0	0	21
AF	0	0.090580	53	26	27	19	0	0	19
AF	0	0.094203	407	248	159	49	0	0	49
AF	0	0.097826	140	75	65	30	0	0	30
AF	0	0.101449	52	19	33	29	0	0	29
AF	0	0.105072	52	23	29	22	0	0	22
AF	0	0.108696	39	26	13	15	0	0	15
AF	0	0.112319	41	18	23	17	0	0	17
AF	0	0.115942	42	24	18	21	0	0	21
AF	0	0.119565	305	205	100	47	0	0	47
AF	0	0.123188	126	77	49	28	0	0	28
AF	0	0.126812	221	131	90	37	0	0	37
AF	0	0.130435	150	78	72	36	0	0	36
AF	0	0.134058	51	24	27	23	0	0	23
AF	0	0.137681	41	22	19	19	0	0	19
AF	0	0.141304	31	16	15	10	0	0	10
AF	0	0.144928	24	9	15	13	0	0	13
AF	0	0.148551	46	21	25	21	0	0	21
AF	0	0.152174	31	12	19	14	0	0	14
AF	0	0.155797	19	7	12	12	0	0	12
AF	0	0.159420	39	20	19	15	0	0	15
AF	0	0.163043	26	10	16	12	0	0	12
AF	0	0.166667	27	12	15	11	0	0	11
AF	0	0.170290	293	180	113	21	0	0	21
AF	0	0.173913	78	42	36	15	0	0	15
AF	0	0.177536	36	18	18	12	0	0	12
AF	0	0.181159	35	17	18	10	0	0	10
AF	0	0.184783	23	10	13	14	0	0	14
AF	0	0.188406	21	8	13	10	0	0	10
AF	0	0.192029	99	54	45	14	0	0	14
AF	0	0.195652	33	22	11	8	0	0	8
AF	0	0.199275	20	3	17	12	0	0	12
AF	0	0.202899	21	9	12	9	0	0	9
AF	0	0.206522	14	3	11	5	0	0	5
AF	0	0.210145	11	2	9	9	0	0	9
AF	0	0.213768	23	13	10	8	0	0	8
AF	0	0.217391	13	4	9	12	0	0	12
AF	0	0.221014	18	6	12	6	0	0	6
AF	0	0.224638	15	5	10	3	0	0	3
AF	0	0.228261	23	14	9	7	0	0	7
AF	0	0.231884	19	9	10	3	0	0	3
AF	0	0.235507	51	18	33	7	0	0	7
AF	0	0.239130	16	7	9	4	0	0	4
AF	0	0.242754	15	8	7	3	0	0	3
AF	0	0.246377	15	9	6	7	0	0	7
AF	0	0.250000	9	5	4	7	0	0	7
AF	0	0.253623	9	3	6	7	0	0	7
AF	0	0.257246	10	4	6	9	0	0	9
AF	0	0.260870	20	13	7	10	0	0	10
AF	0	0.264493	227	137	90	19	0	0	19
AF	0	0.268116	59	36	23	16	0	0	16
AF	0	0.271739	19	6	13	5	0	0	5
AF	0	0.275362	12	5	7	7	0	0	7
AF	0	0.278986	16	6	10	10	0	0	10
AF	0	0.282609	19	7	12	0	0	0	0
AF	0	0.286232	12	7	5	2	0	0	2
AF	0	0.289855	19	11	8	5	0	0	5
AF	0	0.293478	11	6	5	11	0	0	11
AF	0	0.297101	17	9	8	4	0	0	4
AF	0	0.300725	10	4	6	5	0	0	5
AF	0	0.304348	12	8	4	6	0	0	6
AF	0	0.307971	17	5	12	3	0	0	3
AF	0	0.311594	12	9	3	2	0	0	2
AF	0	0.315217	11	4	7	4	0	0	4
AF	0	0.318841	10	5	5	5	0	0	5
AF	0	0.322464	10	5	5	4	0	0	4
AF	0	0.326087	14	7	7	4	0	0	4
AF	0	0.329710	22	9	13	5	0	0	5
AF	0	0.333333	9	6	3	7	0	0	7
AF	0	0.336957	13	6	7	4	0	0	4
AF	0	0.340580	15	8	7	3	0	0	3
AF	0	0.344203	8	2	6	4	0	0	4
AF	0	0.347826	10	3	7	4	0	0	4
AF	0	0.351449	19	9	10	4	0	0	4
AF	0	0.355072	10	3	7	5	0	0	5
AF	0	0.358696	11	5	6	3	0	0	3
AF	0	0.362319	15	7	8	1	0	0	1
AF	0	0.365942	9	3	6	1	0	0	1
AF	0	0.369565	6	2	4	2	0	0	2
AF	0	0.373188	14	4	10	4	0	0	4
AF	0	0.376812	14	8	6	3	0	0	3
AF	0	0.380435	13	5	8	1	0	0	1
AF	0	0.384058	14	8	6	2	0	0	2
AF	0	0.387681	15	8	7	5	0	0	5
AF	0	0.391304	14	8	6	1	0	0	1
AF	0	0.394928	4	3	1	1	0	0	1
AF	0	0.398551	15	7	8	4	0	0	4
AF	0	0.402174	9	4	5	2	0	0	2
AF	0	0.405797	11	7	4	2	0	0	2
AF	0	0.409420	12	4	8	1	0	0	1
AF	0	0.413043	16	5	11	1	0	0	1
AF	0	0.416667	20	13	7	3	0	0	3
AF	0	0.420290	11	6	5	2	0	0	2
AF	0	0.423913	13	7	6	2	0	0	2
AF	0	0.427536	8	5	3	1	0	0	1
AF	0	0.431159	14	5	9	1	0	0	1
AF	0	0.434783	8	4	4	0	0	0	0
AF	0	0.438406	12	5	7	4	0	0	4
AF	0	0.442029	11	5	6	2	0	0	2
AF	0	0.445652	6	1	5	3	0	0	3
AF	0	0.449275	7	4	3	0	0	0	0
AF	0	0.452899	15	8	7	4	0	0	4
AF	0	0.456522	30	15	15	2	0	0	2
AF	0	0.460145	8	5	3	3	0	0	3
AF	0	0.463768	6	3	3	3	0	0	3
AF	0	0.467391	7	1	6	5	0	0	5
AF	0	0.471014	9	2	7	1	0	0	1
AF	0	0.474638	10	7	3	1	0	0	1
AF	0	0.478261	11	6	5	3	0	0	3
AF	0	0.481884	9	4	5	3	0	0	3
AF	0	0.485507	8	1	7	1	0	0	1
AF	0	0.489130	12	6	6	3	0	0	3
AF	0	0.492754	9	3	6	1	0	0	1
AF	0	0.496377	19	8	11	3	0	0	3
AF	0	0.500000	7	3	4	2	0	0	2
AF	0	0.503623	6	2	4	1	0	0	1
AF	0	0.507246	17	10	7	2	0	0	2
AF	0	0.510870	12	4	8	0	0	0	0
AF	0	0.514493	8	5	3	2	0	0	2
AF	0	0.518116	8	3	5	1	0	0	1
AF	0	0.521739	10	7	3	2	0	0	2
AF	0	0.525362	15	7	8	3	0	0	3
AF	0	0.528986	11	8	3	3	0	0	3
AF	0	0.532609	16	9	7	2	0	0	2
AF	0	0.536232	14	7	7	0	0	0	0
AF	0	0.539855	8	5	3	0	0	0	0
AF	0	0.543478	11	6	5	2	0	0	2
AF	0	0.547101	17	6	11	1	0	0	1
AF	0	0.550725	8	5	3	0	0	0	0
AF	0	0.554348	13	6	7	4	0	0	4
AF	0	0.557971	16	5	11	0	0	0	0
AF	0	0.561594	9	7	2	1	0	0	1
AF	0	0.565217	10	5	5	3	0	0	3
AF	0	0.568841	15	9	6	5	0	0	5
AF	0	0.572464	48	33	15	5	0	0	5
AF	0	0.576087	187	113	74	7	0	0	7
AF	0	0.579710	5	2	3	2	0	0	2
AF	0	0.583333	10	5	5	1	0	0	1
AF	0	0.586957	5	2	3	0	0	0	0
AF	0	0.590580	7	3	4	1	0	0	1
AF	0	0.594203	4	3	1	2	0	0	2
AF	0	0.597826	18	11	7	2	0	0	2
AF	0	0.601449	72	39	33	2	0	0	2
AF	0	0.605072	3	0	3	1	0	0	1
AF	0	0.608696	6	4	2	1	0	0	1
AF	0	0.612319	5	2	3	1	0	0	1
AF	0	0.615942	5	0	5	0	0	0	0
AF	0	0.619565	4	4	0	3	0	0	3
AF	0	0.623188	4	2	2	1	0	0	1
AF	0	0.626812	1	0	1	0	0	0	0
AF	0	0.630435	7	3	4	2	0	0	2
AF	0	0.634058	6	3	3	0	0	0	0
AF	0	0.637681	5	1	4	1	0	0	1
AF	0	0.641304	5	2	3	1	0	0	1
AF	0	0.644928	1	0	1	0	0	0	0
AF	0	0.648551	1	1	0	0	0	0	0
AF	0	0.652174	2	2	0	2	0	0	2
AF	0	0.655797	2	2	0	1	0	0	1
AF	0	0.659420	5	0	5	0	0	0	0
AF	0	0.663043	15	5	10	0	0	0	0
AF	0	0.666667	5	1	4	1	0	0	1
AF	0	0.670290	2	0	2	2	0	0	2
AF	0	0.673913	2	0	2	0	0	0	0
AF	0	0.677536	8	2	6	1	0	0	1
AF	0	0.681159	2	1	1	0	0	0	0
AF	0	0.684783	2	0	2	2	0	0	2
AF	0	0.688406	4	2	2	2	0	0	2
AF	0	0.692029	8	1	7	0	0	0	0
AF	0	0.695652	3	2	1	1	0	0	1
AF	0	0.699275	10	5	5	1	0	0	1
AF	0	0.702899	5	2	3	2	0	0	2
AF	0	0.706522	2	1	1	0	0	0	0
AF	0	0.710145	8	3	5	1	0	0	1
AF	0	0.713768	2	0	2	3	0	0	3
AF	0	0.717391	5	2	3	4	0	0	4
AF	0	0.721014	18	11	7	3	0	0	3
AF	0	0.724638	62	38	24	3	0	0	3
AF	0	0.728261	3	3	0	2	0	0	2
AF	0	0.731884	4	4	0	2	0	0	2
AF	0	0.735507	3	1	2	0	0	0	0
AF	0	0.739130	3	0	3	0	0	0	0
AF	0	0.742754	3	2	1	2	0	0	2
AF	0	0.746377	7	1	6	0	0	0	0
AF	0	0.750000	3	1	2	0	0	0	0
AF	0	0.753623	1	1	0	1	0	0	1
AF	0	0.757246	3	1	2	0	0	0	0
AF	0	0.760870	4	2	2	1	0	0	1
AF	0	0.764493	1	1	0	0	0	0	0
AF	0	0.768116	5	1	4	2	0	0	2
AF	0	0.771739	7	3	4	0	0	0	0
AF	0	0.775362	1	0	1	0	0	0	0
AF	0	0.778986	4	1	3	2	0	0	2
AF	0	0.782609	5	3	2	1	0	0	1
AF	0	0.786232	5	2	3	0	0	0	0
AF	0	0.789855	4	0	4	1	0	0	1
AF	0	0.793478	1	1	0	0	0	0	0
AF	0	0.797101	4	3	1	0	0	0	0
AF	0	0.800725	7	3	4	0	0	0	0
AF	0	0.804348	7	3	4	0	0	0	0
AF	0	0.807971	8	4	4	0	0	0	0
AF	0	0.811594	6	3	3	0	0	0	0
AF	0	0.815217	4	1	3	0	0	0	0
AF	0	0.818841	4	1	3	0	0	0	0
AF	0	0.822464	4	2	2	0	0	0	0
AF	0	0.826087	3	3	0	0	0	0	0
AF	0	0.829710	6	3	3	0	0	0	0
AF	0	0.833333	4	2	2	0	0	0	0
AF	0	0.836957	3	1	2	1	0	0	1
AF	0	0.840580	5	1	4	0	0	0	0
AF	0	0.844203	9	3	6	2	0	0	2
AF	0	0.847826	4	0	4	1	0	0	1
AF	0	0.851449	5	2	3	0	0	0	0
AF	0	0.855072	5	0	5	0	0	0	0
AF	0	0.858696	2	1	1	1	0	0	1
AF	0	0.862319	4	1	3	1	0	0	1
AF	0	0.865942	4	1	3	1	0	0	1
AF	0	0.869565	7	3	4	3	0	0	3
AF	0	0.873188	4	4	0	1	0	0	1
AF	0	0.876812	7	4	3	1	0	0	1
AF	0	0.880435	3	0	3	1	0	0	1
AF	0	0.884058	4	3	1	3	0	0	3
AF	0	0.887681	5	0	5	0	0	0	0
AF	0	0.891304	6	4	2	0	0	0	0
AF	0	0.894928	5	1	4	1	0	0	1
AF	0	0.898551	8	3	5	0	0	0	0
AF	0	0.902174	6	1	5	0	0	0	0
AF	0	0.905797	6	5	1	1	0	0	1
AF	0	0.909420	10	1	9	0	0	0	0
AF	0	0.913043	3	1	2	1	0	0	1
AF	0	0.916667	7	4	3	1	0	0	1
AF	0	0.920290	6	3	3	2	0	0	2
AF	0	0.923913	6	5	1	1	0	0	1
AF	0	0.927536	12	5	7	2	0	0	2
AF	0	0.931159	10	2	8	0	0	0	0
AF	0	0.934783	8	3	5	1	0	0	1
AF	0	0.938406	11	5	6	2	0	0	2
AF	0	0.942029	6	1	5	0	0	0	0
AF	0	0.945652	4	2	2	0	0	0	0
AF	0	0.949275	14	3	11	2	0	0	2
AF	0	0.952899	5	4	1	0	0	0	0
AF	0	0.956522	12	3	9	0	0	0	0
AF	0	0.960145	11	7	4	0	0	0	0
AF	0	0.963768	12	4	8	1	0	0	1
AF	0	0.967391	14	3	11	0	0	0	0
AF	0	0.971014	7	2	5	0	0	0	0
AF	0	0.974638	11	4	7	1	0	0	1
AF	0	0.978261	25	11	14	2	0	0	2
AF	0	0.981884	21	11	10	1	0	0	1
AF	0	0.985507	28	11	17	2	0	0	2
AF	0	0.989130	113	68	45	10	0	0	10
AF	0	0.992754	191	115	76	11	0	0	11
AF	0	0.996377	345	165	180	45	0	0	45
# QUAL, Stats by quality:
# QUAL	[2]id	[3]Quality	[4]number of SNPs	[5]number of transitions (1st ALT)	[6]number of transversions (1st ALT)	[7]number of indels
QUAL	0	30	134	72	62	0
QUAL	0	31	225	122	103	0
QUAL	0	32	312	162	150	0
QUAL	0	33	185	97	88	0
QUAL	0	34	186	103	83	0
QUAL	0	35	203	95	108	1
QUAL	0	36	143	64	79	0
QUAL	0	37	310	159	151	0
QUAL	0	38	411	210	201	0
QUAL	0	39	160	88	72	0
QUAL	0	40	158	79	79	0
QUAL	0	41	163	80	83	2
QUAL	0	42	133	63	70	0
QUAL	0	43	103	45	58	0
QUAL	0	44	127	55	72	3
QUAL	0	45	90	38	52	1
QUAL	0	46	103	53	50	0
QUAL	0	47	124	63	61	1
QUAL	0	48	98	49	49	0
QUAL	0	49	94	49	45	1
QUAL	0	50	89	42	47	1
QUAL	0	51	89	48	41	2
QUAL	0	52	96	49	47	1
QUAL	0	53	83	40	43	1
QUAL	0	54	106	52	54	3
QUAL	0	55	83	42	41	2
QUAL	0	56	97	52	45	0
QUAL	0	57	273	147	126	12
QUAL	0	58	674	310	364	18
QUAL	0	59	223	97	126	5
QUAL	0	60	257	105	152	6
QUAL	0	61	146	67	79	4
QUAL	0	62	183	82	101	1
QUAL	0	63	210	110	100	1
QUAL	0	64	164	85	79	2
QUAL	0	65	128	67	61	1
QUAL	0	66	113	59	53	1
QUAL	0	67	115	49	66	1
QUAL	0	68	104	49	55	1
QUAL	0	69	118	57	61	0
QUAL	0	70	128	56	72	2
QUAL	0	71	270	128	142	1
QUAL	0	72	332	153	179	1
QUAL	0	73	142	91	51	1
QUAL	0	74	104	51	53	1
QUAL	0	75	108	48	60	3
QUAL	0	76	105	56	49	1
QUAL	0	77	136	59	77	0
QUAL	0	78	80	38	42	2
QUAL	0	79	81	37	44	0
QUAL	0	80	83	33	48	2
QUAL	0	81	112	54	57	1
QUAL	0	82	112	52	59	0
QUAL	0	83	74	38	34	1
QUAL	0	84	75	38	37	0
QUAL	0	85	59	29	30	0
QUAL	0	86	87	42	44	0
QUAL	0	87	89	42	46	1
QUAL	0	88	83	44	39	2
QUAL	0	89	82	44	38	3
QUAL	0	90	70	37	33	0
QUAL	0	91	78	38	37	0
QUAL	0	92	81	43	37	0
QUAL	0	93	106	48	58	0
QUAL	0	94	87	47	39	1
QUAL	0	95	167	91	74	1
QUAL	0	96	95	54	40	1
QUAL	0	97	108	54	50	0
QUAL	0	98	95	34	60	0
QUAL	0	99	78	40	36	1
QUAL	0	100	62	25	37	1
QUAL	0	101	75	34	39	0
QUAL	0	102	160	83	77	6
QUAL	0	103	309	134	175	3
QUAL	0	104	100	45	53	1
QUAL	0	105	107	42	60	1
QUAL	0	106	222	122	98	2
QUAL	0	107	286	149	136	2
QUAL	0	108	103	51	50	1
QUAL	0	109	84	40	43	0
QUAL	0	110	57	28	28	0
QUAL	0	111	62	26	32	1
QUAL	0	112	61	31	28	0
QUAL	0	113	67	30	37	2
QUAL	0	114	53	22	30	1
QUAL	0	115	60	31	28	0
QUAL	0	116	87	45	37	2
QUAL	0	117	88	47	41	1
QUAL	0	118	64	33	30	0
QUAL	0	119	54	24	29	4
QUAL	0	120	73	36	27	1
QUAL	0	121	98	52	41	1
QUAL	0	122	146	59	85	4
QUAL	0	123	82	36	42	4
QUAL	0	124	55	27	27	2
QUAL	0	125	66	38	26	1
QUAL	0	126	78	40	37	3
QUAL	0	127	139	70	67	3
QUAL	0	128	76	35	39	0
QUAL	0	129	58	31	27	1
QUAL	0	130	68	44	22	3
QUAL	0	131	89	42	47	1
QUAL	0	132	93	55	37	0
QUAL	0	133	67	33	33	1
QUAL	0	134	68	31	34	0
QUAL	0	135	54	28	26	2
QUAL	0	136	61	33	26	1
QUAL	0	137	59	31	26	2
QUAL	0	138	59	26	32	1
QUAL	0	139	65	30	33	2
QUAL	0	140	68	26	42	0
QUAL	0	141	236	114	119	1
QUAL	0	142	251	134	116	2
QUAL	0	143	76	35	38	0
QUAL	0	144	88	40	47	2
QUAL	0	145	67	37	29	2
QUAL	0	146	52	19	32	4
QUAL	0	147	133	59	72	5
QUAL	0	148	148	61	87	4
QUAL	0	149	69	25	43	1
QUAL	0	150	92	39	48	5
QUAL	0	151	75	39	36	1
QUAL	0	152	55	29	26	3
QUAL	0	153	57	22	32	0
QUAL	0	154	44	24	18	2
QUAL	0	155	38	15	22	3
QUAL	0	156	62	37	24	0
QUAL	0	157	61	27	31	2
QUAL	0	158	56	27	28	2
QUAL	0	159	67	37	30	0
QUAL	0	160	40	21	19	1
QUAL	0	161	62	29	32	6
QUAL	0	162	59	29	29	1
QUAL	0	163	44	18	22	3
QUAL	0	164	60	36	23	1
QUAL	0	165	56	33	22	2
QUAL	0	166	110	57	51	1
QUAL	0	167	122	66	56	2
QUAL	0	168	56	29	27	1
QUAL	0	169	66	31	33	1
QUAL	0	170	70	35	33	4
QUAL	0	171	41	16	23	1
QUAL	0	172	50	21	29	0
QUAL	0	173	58	27	30	2
QUAL	0	174	70	33	37	1
QUAL	0	175	95	46	47	2
QUAL	0	176	289	164	123	1
QUAL	0	177	286	180	102	0
QUAL	0	178	54	28	22	2
QUAL	0	179	54	30	24	1
QUAL	0	180	43	21	22	2
QUAL	0	181	63	33	26	2
QUAL	0	182	51	29	21	1
QUAL	0	183	60	30	26	0
QUAL	0	184	57	30	26	1
QUAL	0	185	83	46	35	3
QUAL	0	186	95	50	41	2
QUAL	0	187	53	29	22	1
QUAL	0	188	61	28	32	1
QUAL	0	189	57	29	24	2
QUAL	0	190	80	43	36	2
QUAL	0	191	60	29	28	2
QUAL	0	192	70	40	30	11
QUAL	0	193	125	60	63	6
QUAL	0	194	47	18	27	2
QUAL	0	195	64	32	31	3
QUAL	0	196	65	34	30	3
QUAL	0	197	51	26	23	2
QUAL	0	198	56	32	23	1
QUAL	0	199	39	25	13	5
QUAL	0	200	72	43	27	2
QUAL	0	201	100	53	47	1
QUAL	0	202	57	27	28	2
QUAL	0	203	39	19	19	0
QUAL	0	204	62	34	27	0
QUAL	0	205	40	19	21	0
QUAL	0	206	48	27	17	1
QUAL	0	207	63	35	25	0
QUAL	0	208	67	36	30	0
QUAL	0	209	46	20	23	0
QUAL	0	210	352	195	155	2
QUAL	0	211	406	229	176	6
QUAL	0	212	59	28	27	4
QUAL	0	213	52	21	30	0
QUAL	0	214	43	25	16	2
QUAL	0	215	40	17	22	3
QUAL	0	216	61	20	37	4
QUAL	0	217	51	27	22	2
QUAL	0	218	37	15	21	1
QUAL	0	219	44	16	25	1
QUAL	0	220	107	65	41	2
QUAL	0	221	111	71	39	3
QUAL	0	222	60	34	25	2
QUAL	0	223	45	21	23	4
QUAL	0	224	36	16	16	10
QUAL	0	225	71	34	35	3
QUAL	0	226	59	26	30	3
QUAL	0	227	53	33	18	4
QUAL	0	228	58	33	23	6
QUAL	0	229	45	26	19	9
QUAL	0	230	61	34	22	4
QUAL	0	231	46	20	25	0
QUAL	0	232	38	22	14	2
QUAL	0	233	60	31	26	1
QUAL	0	234	51	26	25	0
QUAL	0	235	91	47	43	4
QUAL	0	236	111	59	52	3
QUAL	0	237	83	45	36	7
QUAL	0	238	97	40	56	10
QUAL	0	239	65	27	36	1
QUAL	0	240	61	30	31	1
QUAL	0	241	49	24	24	4
QUAL	0	242	85	50	35	2
QUAL	0	243	55	29	26	3
QUAL	0	244	79	40	37	0
QUAL	0	245	492	283	205	2
QUAL	0	246	497	305	191	2
QUAL	0	247	37	16	19	7
QUAL	0	248	56	25	31	2
QUAL	0	249	31	14	14	2
QUAL	0	250	31	15	12	5
QUAL	0	251	50	27	21	2
QUAL	0	252	38	21	16	4
QUAL	0	253	35	17	18	8
QUAL	0	254	69	35	34	6
QUAL	0	255	127	82	45	1
QUAL	0	256	122	62	55	2
QUAL	0	257	45	18	27	5
QUAL	0	258	35	17	18	2
QUAL	0	259	41	22	19	1
QUAL	0	260	81	49	30	2
QUAL	0	261	73	37	34	0
QUAL	0	262	42	20	22	4
QUAL	0	263	43	26	15	3
QUAL	0	264	47	32	15	0
QUAL	0	265	68	34	33	0
QUAL	0	266	47	25	22	1
QUAL	0	267	38	15	22	2
QUAL	0	268	49	27	20	3
QUAL	0	269	55	33	19	3
QUAL	0	270	106	57	46	3
QUAL	0	271	135	81	52	2
QUAL	0	272	44	15	28	7
QUAL	0	273	30	13	15	2
QUAL	0	274	75	43	31	0
QUAL	0	275	62	32	28	3
QUAL	0	276	50	24	25	2
QUAL	0	277	97	57	40	14
QUAL	0	278	111	66	44	10
QUAL	0	279	144	91	53	4
QUAL	0	280	733	431	301	3
QUAL	0	281	669	398	269	6
QUAL	0	282	49	29	20	20
QUAL	0	283	73	34	37	9
QUAL	0	284	36	19	15	2
QUAL	0	285	34	18	15	3
QUAL	0	286	68	31	37	4
QUAL	0	287	42	19	23	5
QUAL	0	288	42	25	17	6
QUAL	0	289	159	100	59	3
QUAL	0	290	170	85	84	2
QUAL	0	291	32	11	20	1
QUAL	0	292	54	24	29	3
QUAL	0	293	37	18	18	3
QUAL	0	294	49	30	18	4
QUAL	0	295	80	38	41	1
QUAL	0	296	78	45	33	2
QUAL	0	297	36	15	19	5
QUAL	0	298	35	16	18	0
QUAL	0	299	53	32	21	1
QUAL	0	300	67	23	42	2
QUAL	0	301	50	25	21	5
QUAL	0	302	47	31	15	6
QUAL	0	303	51	30	21	8
QUAL	0	304	68	44	23	3
QUAL	0	305	159	100	59	2
QUAL	0	306	139	75	64	6
QUAL	0	307	37	19	18	2
QUAL	0	308	41	24	15	2
QUAL	0	309	85	46	37	12
QUAL	0	310	35	18	16	11
QUAL	0	311	53	18	33	4
QUAL	0	312	124	76	45	7
QUAL	0	313	100	50	50	4
QUAL	0	314	200	112	85	7
QUAL	0	315	888	529	358	4
QUAL	0	316	787	466	320	12
QUAL	0	317	42	15	23	13
QUAL	0	318	51	25	26	2
QUAL	0	319	49	26	21	1
QUAL	0	320	44	24	19	3
QUAL	0	321	39	23	16	6
QUAL	0	322	30	14	14	3
QUAL	0	323	54	28	24	2
QUAL	0	324	214	118	95	4
QUAL	0	325	201	104	96	1
QUAL	0	326	60	26	32	5
QUAL	0	327	47	21	25	27
QUAL	0	328	70	31	37	8
QUAL	0	329	125	62	61	3
QUAL	0	330	123	81	42	1
QUAL	0	331	59	28	29	6
QUAL	0	332	37	16	21	12
QUAL	0	333	48	21	27	11
QUAL	0	334	78	47	29	2
QUAL	0	335	63	40	23	2
QUAL	0	336	40	18	18	1
QUAL	0	337	65	36	24	4
QUAL	0	338	59	31	27	8
QUAL	0	339	172	101	70	9
QUAL	0	340	214	121	91	6
QUAL	0	341	37	20	16	10
QUAL	0	342	39	16	22	9
QUAL	0	343	75	38	33	6
QUAL	0	344	57	30	23	5
QUAL	0	345	57	35	20	3
QUAL	0	346	117	71	43	4
QUAL	0	347	81	38	39	1
QUAL	0	348	166	94	70	1
QUAL	0	349	1144	687	457	3
QUAL	0	350	1076	643	431	1
QUAL	0	351	42	20	19	5
QUAL	0	352	48	26	21	1
QUAL	0	353	44	25	18	2
QUAL	0	354	40	23	17	3
QUAL	0	355	70	34	34	1
QUAL	0	356	49	25	21	4
QUAL	0	357	48	25	23	4
QUAL	0	358	69	38	29	7
QUAL	0	359	245	136	107	10
QUAL	0	360	198	122	71	9
QUAL	0	361	44	25	17	17
QUAL	0	362	43	26	15	14
QUAL	0	363	61	35	25	13
QUAL	0	364	144	76	66	6
QUAL	0	365	130	67	61	3
QUAL	0	366	49	31	17	3
QUAL	0	367	35	18	15	10
QUAL	0	368	71	41	28	3
QUAL	0	369	76	32	43	3
QUAL	0	370	49	28	18	8
QUAL	0	371	43	12	27	15
QUAL	0	372	108	52	53	71
QUAL	0	373	84	40	43	14
QUAL	0	374	227	151	76	7
QUAL	0	375	249	138	108	3
QUAL	0	376	40	18	21	2
QUAL	0	377	37	18	17	0
QUAL	0	378	96	47	47	3
QUAL	0	379	67	26	40	4
QUAL	0	380	45	24	18	4
QUAL	0	381	112	64	45	8
QUAL	0	382	111	59	51	3
QUAL	0	383	214	120	93	2
QUAL	0	384	1307	767	540	4
QUAL	0	385	1228	764	463	4
QUAL	0	386	27	14	12	3
QUAL	0	387	44	22	21	6
QUAL	0	388	37	22	13	1
QUAL	0	389	47	25	22	9
QUAL	0	390	58	29	28	3
QUAL	0	391	50	30	20	7
QUAL	0	392	43	25	18	9
QUAL	0	393	88	53	34	4
QUAL	0	394	283	170	113	7
QUAL	0	395	238	154	83	12
QUAL	0	396	34	20	14	10
QUAL	0	397	47	20	25	2
QUAL	0	398	62	31	28	0
QUAL	0	399	197	118	76	3
QUAL	0	400	170	101	68	5
QUAL	0	401	42	22	16	6
QUAL	0	402	42	20	22	16
QUAL	0	403	71	40	30	13
QUAL	0	404	80	55	23	5
QUAL	0	405	39	24	15	8
QUAL	0	406	48	21	27	7
QUAL	0	407	78	42	34	5
QUAL	0	408	110	64	42	2
QUAL	0	409	272	176	96	2
QUAL	0	410	256	141	114	1
QUAL	0	411	34	16	18	5
QUAL	0	412	34	16	16	15
QUAL	0	413	96	57	36	6
QUAL	0	414	70	43	26	1
QUAL	0	415	84	42	40	9
QUAL	0	416	128	69	59	8
QUAL	0	417	180	105	74	58
QUAL	0	418	331	196	134	9
QUAL	0	419	1478	892	586	3
QUAL	0	420	1243	789	453	7
QUAL	0	421	30	18	12	4
QUAL	0	422	55	34	20	6
QUAL	0	423	58	27	28	7
QUAL	0	424	55	35	19	16
QUAL	0	425	72	40	32	10
QUAL	0	426	53	27	24	5
QUAL	0	427	66	37	29	3
QUAL	0	428	310	194	114	1
QUAL	0	429	244	143	101	1
QUAL	0	430	31	19	8	3
QUAL	0	431	34	15	18	11
QUAL	0	432	50	27	22	13
QUAL	0	433	84	49	33	6
QUAL	0	434	192	121	70	3
QUAL	0	435	173	94	78	4
QUAL	0	436	43	22	17	1
QUAL	0	437	55	31	22	5
QUAL	0	438	72	37	34	3
QUAL	0	439	78	44	33	4
QUAL	0	440	33	18	15	7
QUAL	0	441	36	25	11	4
QUAL	0	442	66	39	26	8
QUAL	0	443	135	69	62	5
QUAL	0	444	264	156	108	9
QUAL	0	445	236	136	99	6
QUAL	0	446	35	15	19	3
QUAL	0	447	48	24	22	3
QUAL	0	448	94	58	34	12
QUAL	0	449	54	33	20	10
QUAL	0	450	54	26	28	9
QUAL	0	451	160	93	67	10
QUAL	0	452	185	97	86	25
QUAL	0	453	401	236	164	12
QUAL	0	454	1469	925	544	9
QUAL	0	455	1279	778	500	8
QUAL	0	456	27	11	15	4
QUAL	0	457	55	29	26	4
QUAL	0	458	61	32	27	4
QUAL	0	459	53	37	16	8
QUAL	0	460	58	29	27	3
QUAL	0	461	61	29	32	6
QUAL	0	462	118	67	48	53
QUAL	0	463	375	216	159	9
QUAL	0	464	280	170	110	7
QUAL	0	465	34	19	15	3
QUAL	0	466	32	14	16	9
QUAL	0	467	55	24	30	8
QUAL	0	468	216	138	76	3
QUAL	0	469	220	122	97	2
QUAL	0	470	49	28	19	3
QUAL	0	471	41	27	13	4
QUAL	0	472	41	23	16	4
QUAL	0	473	89	51	36	1
QUAL	0	474	68	37	31	9
QUAL	0	475	34	21	12	2
QUAL	0	476	59	36	22	6
QUAL	0	477	70	40	29	11
QUAL	0	478	331	202	128	6
QUAL	0	479	328	210	116	2
QUAL	0	480	40	16	23	5
QUAL	0	481	33	24	8	5
QUAL	0	482	110	52	56	2
QUAL	0	483	77	46	29	4
QUAL	0	484	41	22	19	11
QUAL	0	485	131	72	58	7
QUAL	0	486	109	55	50	8
QUAL	0	487	245	144	100	10
QUAL	0	488	1054	631	423	2
QUAL	0	489	1338	816	521	6
QUAL	0	490	540	342	197	13
QUAL	0	491	26	13	9	13
QUAL	0	492	40	18	20	15
QUAL	0	493	56	43	13	21
QUAL	0	494	77	49	27	5
QUAL	0	495	49	31	18	9
QUAL	0	496	71	36	33	14
QUAL	0	497	105	58	47	11
QUAL	0	498	288	177	111	3
QUAL	0	499	246	144	102	8
QUAL	0	500	46	27	19	2
QUAL	0	501	45	24	20	7
QUAL	0	502	61	32	27	12
QUAL	0	503	224	133	90	7
QUAL	0	504	202	115	87	5
QUAL	0	505	49	26	22	1
QUAL	0	506	38	20	17	7
QUAL	0	507	109	54	53	73
QUAL	0	508	119	66	51	12
QUAL	0	509	67	39	26	3
QUAL	0	510	37	17	19	3
QUAL	0	511	53	33	18	6
QUAL	0	512	66	38	27	1
QUAL	0	513	303	178	125	3
QUAL	0	514	290	179	109	6
QUAL	0	515	37	19	17	5
QUAL	0	516	36	16	20	5
QUAL	0	517	79	46	29	5
QUAL	0	518	78	36	41	5
QUAL	0	519	55	26	28	6
QUAL	0	520	105	62	43	10
QUAL	0	521	118	71	47	4
QUAL	0	522	227	121	104	3
QUAL	0	523	1373	843	530	1
QUAL	0	524	1253	760	492	5
QUAL	0	525	21	13	8	3
QUAL	0	526	48	30	17	9
QUAL	0	527	66	32	34	14
QUAL	0	528	72	44	26	4
QUAL	0	529	58	32	25	11
QUAL	0	530	39	18	20	4
QUAL	0	531	71	37	34	4
QUAL	0	532	140	79	60	8
QUAL	0	533	279	163	114	4
QUAL	0	534	198	135	63	12
QUAL	0	535	30	19	11	11
QUAL	0	536	39	21	18	7
QUAL	0	537	71	41	28	7
QUAL	0	538	216	136	79	13
QUAL	0	539	204	120	84	10
QUAL	0	540	32	19	13	11
QUAL	0	541	40	23	14	7
QUAL	0	542	78	44	34	5
QUAL	0	543	83	46	35	3
QUAL	0	544	25	10	14	2
QUAL	0	545	39	17	19	3
QUAL	0	546	63	37	25	8
QUAL	0	547	124	69	55	4
QUAL	0	548	266	161	105	4
QUAL	0	549	202	121	81	1
QUAL	0	550	41	18	22	4
QUAL	0	551	44	22	22	5
QUAL	0	552	112	61	49	66
QUAL	0	553	106	54	51	13
QUAL	0	554	74	40	32	4
QUAL	0	555	102	66	34	6
QUAL	0	556	121	70	49	0
QUAL	0	557	264	160	104	8
QUAL	0	558	1212	756	455	9
QUAL	0	559	1065	661	403	7
QUAL	0	560	23	17	6	6
QUAL	0	561	39	16	19	1
QUAL	0	562	53	28	24	7
QUAL	0	563	65	39	25	2
QUAL	0	564	52	24	26	3
QUAL	0	565	42	18	23	4
QUAL	0	566	83	50	32	13
QUAL	0	567	177	104	72	13
QUAL	0	568	241	164	77	3
QUAL	0	569	176	120	56	5
QUAL	0	570	43	28	15	8
QUAL	0	571	53	28	23	6
QUAL	0	572	103	61	42	5
QUAL	0	573	253	147	106	8
QUAL	0	574	177	112	63	18
QUAL	0	575	34	16	18	5
QUAL	0	576	53	33	20	10
QUAL	0	577	75	48	26	12
QUAL	0	578	66	37	27	3
QUAL	0	579	29	12	16	4
QUAL	0	580	45	22	20	3
QUAL	0	581	62	38	22	1
QUAL	0	582	101	64	37	4
QUAL	0	583	224	133	91	1
QUAL	0	584	179	100	79	0
QUAL	0	585	27	11	16	5
QUAL	0	586	39	22	17	11
QUAL	0	587	91	54	37	10
QUAL	0	588	65	44	20	4
QUAL	0	589	51	22	28	7
QUAL	0	590	99	59	40	10
QUAL	0	591	153	97	55	2
QUAL	0	592	299	186	111	9
QUAL	0	593	1101	655	446	4
QUAL	0	594	861	539	321	6
QUAL	0	595	25	13	11	2
QUAL	0	596	50	25	25	8
QUAL	0	597	112	62	48	56
QUAL	0	598	95	46	46	6
QUAL	0	599	31	13	18	9
QUAL	0	600	50	30	19	7
QUAL	0	601	111	61	47	3
QUAL	0	602	264	162	101	6
QUAL	0	603	224	142	82	5
QUAL	0	604	32	16	15	19
QUAL	0	605	30	10	19	6
QUAL	0	606	54	36	18	4
QUAL	0	607	203	122	81	5
QUAL	0	608	164	112	52	6
QUAL	0	609	26	9	15	4
QUAL	0	610	28	14	11	6
QUAL	0	611	53	29	24	2
QUAL	0	612	81	52	28	0
QUAL	0	613	56	31	23	3
QUAL	0	614	33	16	15	8
QUAL	0	615	41	20	20	16
QUAL	0	616	96	51	45	6
QUAL	0	617	138	77	61	4
QUAL	0	618	209	121	88	0
QUAL	0	619	121	82	39	3
QUAL	0	620	32	17	14	6
QUAL	0	621	45	22	21	6
QUAL	0	622	67	36	31	2
QUAL	0	623	38	20	17	4
QUAL	0	624	40	22	18	4
QUAL	0	625	84	56	28	3
QUAL	0	626	192	117	73	3
QUAL	0	627	376	233	143	3
QUAL	0	628	777	465	311	1
QUAL	0	629	541	338	201	4
QUAL	0	630	44	20	24	3
QUAL	0	631	45	27	16	14
QUAL	0	632	65	34	31	21
QUAL	0	633	55	25	30	1
QUAL	0	634	31	16	14	2
QUAL	0	635	60	31	29	10
QUAL	0	636	137	81	56	3
QUAL	0	637	198	129	69	7
QUAL	0	638	155	95	60	2
QUAL	0	639	34	19	13	7
QUAL	0	640	36	15	19	12
QUAL	0	641	55	32	23	11
QUAL	0	642	222	130	90	87
QUAL	0	643	189	105	82	5
QUAL	0	644	30	17	11	5
QUAL	0	645	37	18	17	7
QUAL	0	646	52	28	21	2
QUAL	0	647	69	41	26	4
QUAL	0	648	36	18	16	5
QUAL	0	649	29	18	9	4
QUAL	0	650	44	21	23	2
QUAL	0	651	68	48	20	10
QUAL	0	652	193	127	66	6
QUAL	0	653	177	114	60	4
QUAL	0	654	29	20	9	8
QUAL	0	655	31	19	12	12
QUAL	0	656	56	26	26	8
QUAL	0	657	43	18	25	0
QUAL	0	658	44	26	15	1
QUAL	0	659	76	39	36	5
QUAL	0	660	91	47	42	2
QUAL	0	661	191	112	79	4
QUAL	0	662	720	431	287	1
QUAL	0	663	565	344	220	3
QUAL	0	664	25	14	10	4
QUAL	0	665	33	16	17	2
QUAL	0	666	26	15	10	7
QUAL	0	667	49	27	22	9
QUAL	0	668	42	18	22	4
QUAL	0	669	38	18	19	4
QUAL	0	670	56	30	25	1
QUAL	0	671	164	103	61	9
QUAL	0	672	158	94	61	3
QUAL	0	673	123	70	52	6
QUAL	0	674	24	14	10	3
QUAL	0	675	43	25	16	13
QUAL	0	676	59	33	26	8
QUAL	0	677	158	91	66	10
QUAL	0	678	130	83	47	11
QUAL	0	679	26	14	12	8
QUAL	0	680	57	31	25	6
QUAL	0	681	72	45	25	5
QUAL	0	682	49	22	25	6
QUAL	0	683	36	24	12	3
QUAL	0	684	26	12	13	8
QUAL	0	685	48	24	23	3
QUAL	0	686	87	48	39	7
QUAL	0	687	161	88	73	49
QUAL	0	688	150	76	74	6
QUAL	0	689	30	15	14	2
QUAL	0	690	35	25	9	2
QUAL	0	691	52	30	22	7
QUAL	0	692	44	25	17	3
QUAL	0	693	38	18	19	4
QUAL	0	694	57	41	16	7
QUAL	0	695	86	48	37	10
QUAL	0	696	166	92	72	12
QUAL	0	697	570	337	232	2
QUAL	0	698	449	273	174	3
QUAL	0	699	31	15	12	2
QUAL	0	700	27	18	8	1
QUAL	0	701	35	20	14	6
QUAL	0	702	52	28	24	2
QUAL	0	703	47	22	25	1
QUAL	0	704	30	17	13	4
QUAL	0	705	112	71	40	5
QUAL	0	706	174	109	65	5
QUAL	0	707	133	80	51	2
QUAL	0	708	79	43	34	0
QUAL	0	709	37	17	19	6
QUAL	0	710	29	23	6	5
QUAL	0	711	55	27	27	10
QUAL	0	712	120	77	43	6
QUAL	0	713	82	54	28	7
QUAL	0	714	36	23	10	4
QUAL	0	715	66	37	28	3
QUAL	0	716	55	32	23	7
QUAL	0	717	44	26	16	9
QUAL	0	718	21	13	7	6
QUAL	0	719	35	15	16	3
QUAL	0	720	60	33	25	11
QUAL	0	721	85	50	32	12
QUAL	0	722	121	76	44	7
QUAL	0	723	92	58	33	11
QUAL	0	724	19	11	7	7
QUAL	0	725	35	16	19	6
QUAL	0	726	45	26	18	2
QUAL	0	727	43	26	15	3
QUAL	0	728	32	16	15	2
QUAL	0	729	56	31	21	9
QUAL	0	730	80	40	40	2
QUAL	0	731	182	102	79	6
QUAL	0	732	404	240	161	65
QUAL	0	733	321	211	110	10
QUAL	0	734	23	12	10	1
QUAL	0	735	38	23	13	9
QUAL	0	736	32	17	13	7
QUAL	0	737	45	26	18	2
QUAL	0	738	50	31	19	0
QUAL	0	739	55	33	22	1
QUAL	0	740	172	99	72	1
QUAL	0	741	208	119	87	5
QUAL	0	742	82	53	25	3
QUAL	0	743	20	9	10	1
QUAL	0	744	28	16	11	3
QUAL	0	745	44	24	19	2
QUAL	0	746	52	33	18	5
QUAL	0	747	103	63	38	1
QUAL	0	748	72	47	23	3
QUAL	0	749	35	20	14	5
QUAL	0	750	67	42	25	5
QUAL	0	751	64	40	23	7
QUAL	0	752	26	18	7	4
QUAL	0	753	30	14	15	7
QUAL	0	754	38	17	18	12
QUAL	0	755	70	34	36	2
QUAL	0	756	76	50	24	3
QUAL	0	757	95	67	27	8
QUAL	0	758	49	28	20	2
QUAL	0	759	23	11	12	0
QUAL	0	760	44	26	16	6
QUAL	0	761	29	14	14	3
QUAL	0	762	23	9	12	1
QUAL	0	763	44	29	15	1
QUAL	0	764	55	32	23	4
QUAL	0	765	119	71	46	5
QUAL	0	766	140	89	51	11
QUAL	0	767	289	182	107	5
QUAL	0	768	192	117	74	8
QUAL	0	769	34	15	17	2
QUAL	0	770	45	19	26	2
QUAL	0	771	32	23	9	3
QUAL	0	772	51	22	26	5
QUAL	0	773	33	19	14	2
QUAL	0	774	79	42	36	4
QUAL	0	775	219	122	96	5
QUAL	0	776	174	102	71	13
QUAL	0	777	96	64	32	65
QUAL	0	778	55	24	30	4
QUAL	0	779	30	10	20	2
QUAL	0	780	47	31	14	3
QUAL	0	781	81	50	31	4
QUAL	0	782	66	41	25	3
QUAL	0	783	25	18	6	2
QUAL	0	784	54	33	21	3
QUAL	0	785	68	42	25	2
QUAL	0	786	35	17	18	6
QUAL	0	787	26	13	13	1
QUAL	0	788	15	7	7	4
QUAL	0	789	39	23	16	4
QUAL	0	790	71	47	23	5
QUAL	0	791	89	50	39	6
QUAL	0	792	59	31	27	4
QUAL	0	793	18	7	10	2
QUAL	0	794	34	21	11	5
QUAL	0	795	33	17	15	6
QUAL	0	796	32	20	12	7
QUAL	0	797	44	25	19	2
QUAL	0	798	33	19	12	4
QUAL	0	799	78	49	29	12
QUAL	0	800	121	66	51	4
QUAL	0	801	230	145	84	3
QUAL	0	802	184	119	65	5
QUAL	0	803	24	9	15	3
QUAL	0	804	36	21	13	2
QUAL	0	805	30	15	14	1
QUAL	0	806	33	19	14	2
QUAL	0	807	61	38	21	2
QUAL	0	808	46	22	24	5
QUAL	0	809	98	61	35	4
QUAL	0	810	257	148	106	7
QUAL	0	811	124	76	47	7
QUAL	0	812	57	32	25	5
QUAL	0	813	28	14	14	7
QUAL	0	814	31	16	12	6
QUAL	0	815	53	31	22	5
QUAL	0	816	75	43	31	10
QUAL	0	817	61	37	23	4
QUAL	0	818	21	14	7	4
QUAL	0	819	77	52	24	6
QUAL	0	820	72	48	24	3
QUAL	0	821	40	22	17	5
QUAL	0	822	38	11	26	34
QUAL	0	823	37	15	21	7
QUAL	0	824	44	26	17	4
QUAL	0	825	70	43	27	2
QUAL	0	826	60	35	24	4
QUAL	0	827	50	27	22	5
QUAL	0	828	19	8	10	2
QUAL	0	829	28	15	13	2
QUAL	0	830	25	9	15	3
QUAL	0	831	30	18	12	9
QUAL	0	832	38	23	14	4
QUAL	0	833	32	13	19	3
QUAL	0	834	74	40	33	1
QUAL	0	835	118	75	43	3
QUAL	0	836	185	110	75	2
QUAL	0	837	129	87	42	1
QUAL	0	838	26	17	7	1
QUAL	0	839	33	20	13	2
QUAL	0	840	33	22	9	3
QUAL	0	841	43	27	15	11
QUAL	0	842	48	33	15	6
QUAL	0	843	66	44	22	7
QUAL	0	844	154	77	74	3
QUAL	0	845	265	165	97	3
QUAL	0	846	101	63	38	5
QUAL	0	847	28	19	9	4
QUAL	0	848	24	13	11	2
QUAL	0	849	35	17	17	4
QUAL	0	850	40	20	20	7
QUAL	0	851	60	39	21	4
QUAL	0	852	57	29	25	3
QUAL	0	853	39	25	14	4
QUAL	0	854	83	49	33	3
QUAL	0	855	73	40	31	6
QUAL	0	856	31	18	11	10
QUAL	0	857	45	19	26	12
QUAL	0	858	25	18	6	2
QUAL	0	859	73	44	28	4
QUAL	0	860	82	49	32	2
QUAL	0	861	66	34	30	2
QUAL	0	862	44	29	14	5
QUAL	0	863	29	14	14	10
QUAL	0	864	44	27	16	3
QUAL	0	865	29	17	12	6
QUAL	0	866	33	19	13	3
QUAL	0	867	47	22	23	28
QUAL	0	868	59	32	27	5
QUAL	0	869	94	58	36	3
QUAL	0	870	101	62	39	4
QUAL	0	871	132	79	52	7
QUAL	0	872	69	41	28	6
QUAL	0	873	15	12	3	7
QUAL	0	874	51	25	24	6
QUAL	0	875	34	15	19	5
QUAL	0	876	28	15	12	7
QUAL	0	877	48	24	24	5
QUAL	0	878	82	47	32	3
QUAL	0	879	190	117	72	0
QUAL	0	880	240	137	103	4
QUAL	0	881	79	45	33	1
QUAL	0	882	13	8	5	3
QUAL	0	883	24	13	11	1
QUAL	0	884	48	25	23	5
QUAL	0	885	34	20	12	4
QUAL	0	886	41	19	21	9
QUAL	0	887	42	29	13	3
QUAL	0	888	38	22	15	1
QUAL	0	889	101	62	38	5
QUAL	0	890	50	31	19	6
QUAL	0	891	29	18	11	4
QUAL	0	892	25	19	5	3
QUAL	0	893	43	23	18	3
QUAL	0	894	77	46	30	1
QUAL	0	895	68	40	28	3
QUAL	0	896	36	18	17	1
QUAL	0	897	29	15	14	1
QUAL	0	898	41	26	12	8
QUAL	0	899	46	28	17	8
QUAL	0	900	26	13	12	2
QUAL	0	901	20	13	7	12
QUAL	0	902	42	22	20	7
QUAL	0	903	55	28	26	2
QUAL	0	904	117	70	44	7
QUAL	0	905	93	54	39	3
QUAL	0	906	65	42	23	6
QUAL	0	907	63	36	27	1
QUAL	0	908	37	18	19	6
QUAL	0	909	38	24	14	4
QUAL	0	910	33	19	14	5
QUAL	0	911	29	13	14	4
QUAL	0	912	63	37	25	24
QUAL	0	913	99	58	41	7
QUAL	0	914	281	167	113	3
QUAL	0	915	188	117	71	3
QUAL	0	916	51	27	23	2
QUAL	0	917	23	10	12	3
QUAL	0	918	20	11	6	2
QUAL	0	919	57	36	20	4
QUAL	0	920	46	27	18	6
QUAL	0	921	42	26	15	2
QUAL	0	922	39	19	17	3
QUAL	0	923	53	33	19	2
QUAL	0	924	120	74	45	2
QUAL	0	925	47	31	15	2
QUAL	0	926	27	14	13	5
QUAL	0	927	34	23	10	4
QUAL	0	928	40	27	13	5
QUAL	0	929	98	61	36	4
QUAL	0	930	55	27	26	0
QUAL	0	931	32	20	12	9
QUAL	0	932	22	13	9	1
QUAL	0	933	42	22	17	6
QUAL	0	934	47	32	15	1
QUAL	0	935	30	14	14	10
QUAL	0	936	38	22	16	5
QUAL	0	937	41	19	19	2
QUAL	0	938	63	32	30	5
QUAL	0	939	128	88	39	2
QUAL	0	940	91	59	31	2
QUAL	0	941	63	37	26	6
QUAL	0	942	18	12	6	2
QUAL	0	943	31	13	18	3
QUAL	0	944	34	17	17	2
QUAL	0	945	36	23	11	4
QUAL	0	946	42	20	21	4
QUAL	0	947	62	40	22	5
QUAL	0	948	108	57	49	0
QUAL	0	949	334	216	117	0
QUAL	0	950	155	102	51	5
QUAL	0	951	31	16	13	2
QUAL	0	952	22	10	10	2
QUAL	0	953	37	28	7	11
QUAL	0	954	41	28	12	4
QUAL	0	955	29	16	12	4
QUAL	0	956	43	30	13	3
QUAL	0	957	38	22	16	22
QUAL	0	958	98	59	37	5
QUAL	0	959	104	67	36	2
QUAL	0	960	52	35	14	7
QUAL	0	961	28	17	10	3
QUAL	0	962	21	12	9	2
QUAL	0	963	59	35	24	3
QUAL	0	964	101	55	44	2
QUAL	0	965	36	22	13	3
QUAL	0	966	22	11	10	8
QUAL	0	967	24	11	13	3
QUAL	0	968	52	33	17	4
QUAL	0	969	27	11	16	2
QUAL	0	970	21	10	11	0
QUAL	0	971	27	16	10	2
QUAL	0	972	44	26	17	2
QUAL	0	973	80	42	38	5
QUAL	0	974	109	73	36	1
QUAL	0	975	74	42	30	3
QUAL	0	976	54	32	22	9
QUAL	0	977	30	18	11	1
QUAL	0	978	40	26	14	1
QUAL	0	979	30	18	12	4
QUAL	0	980	30	16	13	1
QUAL	0	981	40	21	19	2
QUAL	0	982	67	43	24	1
QUAL	0	983	150	94	55	4
QUAL	0	984	333	204	126	6
QUAL	0	985	95	62	32	3
QUAL	0	986	37	16	20	3
QUAL	0	987	26	17	8	5
QUAL	0	988	35	23	12	3
QUAL	0	989	30	21	9	5
QUAL	0	990	28	19	9	6
QUAL	0	991	34	19	14	4
QUAL	0	992	47	27	19	5
QUAL	0	993	101	66	35	2
QUAL	0	994	87	52	35	0
QUAL	0	995	48	31	16	1
QUAL	0	996	31	15	15	1
QUAL	0	997	35	24	11	3
QUAL	0	998	65170	37389	25504	6357
# IDD, InDel distribution:
# IDD	[2]id	[3]length (deletions negative)	[4]count
IDD	0	-60	90
IDD	0	-59	3
IDD	0	-58	4
IDD	0	-57	3
IDD	0	-56	1
IDD	0	-55	3
IDD	0	-54	2
IDD	0	-52	2
IDD	0	-51	2
IDD	0	-50	4
IDD	0	-49	2
IDD	0	-48	3
IDD	0	-47	1
IDD	0	-46	5
IDD	0	-45	3
IDD	0	-44	2
IDD	0	-43	2
IDD	0	-42	4
IDD	0	-41	5
IDD	0	-40	10
IDD	0	-39	1
IDD	0	-38	1
IDD	0	-37	3
IDD	0	-36	6
IDD	0	-35	8
IDD	0	-34	3
IDD	0	-33	1
IDD	0	-32	5
IDD	0	-31	2
IDD	0	-30	16
IDD	0	-29	5
IDD	0	-28	27
IDD	0	-27	2
IDD	0	-26	11
IDD	0	-25	25
IDD	0	-24	17
IDD	0	-23	12
IDD	0	-22	26
IDD	0	-21	10
IDD	0	-20	82
IDD	0	-19	17
IDD	0	-18	36
IDD	0	-17	16
IDD	0	-16	69
IDD	0	-15	177
IDD	0	-14	46
IDD	0	-13	35
IDD	0	-12	170
IDD	0	-11	44
IDD	0	-10	335
IDD	0	-9	66
IDD	0	-8	262
IDD	0	-7	74
IDD	0	-6	275
IDD	0	-5	560
IDD	0	-4	1064
IDD	0	-3	600
IDD	0	-2	1265
IDD	0	-1	3098
IDD	0	1	2794
IDD	0	2	982
IDD	0	3	236
IDD	0	4	690
IDD	0	5	504
IDD	0	6	262
IDD	0	7	31
IDD	0	8	254
IDD	0	9	45
IDD	0	10	220
IDD	0	11	16
IDD	0	12	125
IDD	0	13	19
IDD	0	14	15
IDD	0	15	125
IDD	0	16	56
IDD	0	17	5
IDD	0	18	13
IDD	0	19	7
IDD	0	20	79
IDD	0	21	5
IDD	0	22	11
IDD	0	23	8
IDD	0	24	15
IDD	0	25	19
IDD	0	26	11
IDD	0	27	10
IDD	0	28	23
IDD	0	29	7
IDD	0	30	19
IDD	0	31	2
IDD	0	32	6
IDD	0	33	1
IDD	0	34	3
IDD	0	35	5
IDD	0	36	4
IDD	0	38	5
IDD	0	39	1
IDD	0	40	10
IDD	0	41	2
IDD	0	43	3
IDD	0	44	4
IDD	0	45	5
IDD	0	46	4
IDD	0	47	1
IDD	0	48	1
IDD	0	49	3
IDD	0	50	5
IDD	0	53	1
IDD	0	54	3
IDD	0	55	3
IDD	0	56	5
IDD	0	58	1
IDD	0	59	3
IDD	0	60	35
# ST, Substitution types:
# ST	[2]id	[3]type	[4]count
ST	0	A>C	7672
ST	0	A>G	21110
ST	0	A>T	8377
ST	0	C>A	11235
ST	0	C>G	9024
ST	0	C>T	29500
ST	0	G>A	29815
ST	0	G>C	9033
ST	0	G>T	12510
ST	0	T>A	8621
ST	0	T>C	20779
ST	0	T>G	7804
# DP, Depth distribution
# DP	[2]id	[3]bin	[4]number of genotypes	[5]fraction of genotypes (%)	[6]number of sites	[7]fraction of sites (%)
DP	0	0	1512680	2.974625	0	0.000000
DP	0	1	522790	1.028046	8	0.004342
DP	0	2	541616	1.065066	10	0.005427
DP	0	3	8843734	17.390849	4	0.002171
DP	0	4	10776363	21.191287	4	0.002171
DP	0	5	9437529	18.558523	3	0.001628
DP	0	6	6962362	13.691207	3	0.001628
DP	0	7	4307079	8.469699	2	0.001085
DP	0	8	2503613	4.923255	2	0.001085
DP	0	9	1467936	2.886637	5	0.002714
DP	0	10	877832	1.726222	2	0.001085
DP	0	11	558366	1.098004	4	0.002171
DP	0	12	376591	0.740551	0	0.000000
DP	0	13	263395	0.517956	4	0.002171
DP	0	14	204559	0.402257	5	0.002714
DP	0	15	167955	0.330277	3	0.001628
DP	0	16	139411	0.274146	2	0.001085
DP	0	17	117904	0.231854	3	0.001628
DP	0	18	108858	0.214065	2	0.001085
DP	0	19	91461	0.179854	4	0.002171
DP	0	20	83380	0.163963	9	0.004885
DP	0	21	73264	0.144071	5	0.002714
DP	0	22	68254	0.134219	5	0.002714
DP	0	23	62178	0.122271	8	0.004342
DP	0	24	57262	0.112603	6	0.003256
DP	0	25	51003	0.100295	4	0.002171
DP	0	26	49998	0.098319	6	0.003256
DP	0	27	43071	0.084697	4	0.002171
DP	0	28	39774	0.078214	8	0.004342
DP	0	29	36545	0.071864	3	0.001628
DP	0	30	34746	0.068327	1	0.000543
DP	0	31	32795	0.064490	7	0.003799
DP	0	32	31302	0.061554	8	0.004342
DP	0	33	27899	0.054862	4	0.002171
DP	0	34	25729	0.050595	5	0.002714
DP	0	35	23898	0.046994	5	0.002714
DP	0	36	21815	0.042898	9	0.004885
DP	0	37	20087	0.039500	5	0.002714
DP	0	38	18818	0.037005	2	0.001085
DP	0	39	17181	0.033786	4	0.002171
DP	0	40	15217	0.029924	3	0.001628
DP	0	41	13854	0.027243	5	0.002714
DP	0	42	12940	0.025446	3	0.001628
DP	0	43	11205	0.022034	5	0.002714
DP	0	44	11107	0.021841	1	0.000543
DP	0	45	9762	0.019197	3	0.001628
DP	0	46	9325	0.018337	5	0.002714
DP	0	47	8370	0.016459	2	0.001085
DP	0	48	8074	0.015877	6	0.003256
DP	0	49	8116	0.015960	4	0.002171
DP	0	50	6981	0.013728	12	0.006513
DP	0	51	6397	0.012579	9	0.004885
DP	0	52	6187	0.012166	1	0.000543
DP	0	53	5692	0.011193	6	0.003256
DP	0	54	5040	0.009911	5	0.002714
DP	0	55	4848	0.009533	5	0.002714
DP	0	56	4436	0.008723	5	0.002714
DP	0	57	4179	0.008218	6	0.003256
DP	0	58	4267	0.008391	8	0.004342
DP	0	59	4115	0.008092	3	0.001628
DP	0	60	3750	0.007374	4	0.002171
DP	0	61	3399	0.006684	2	0.001085
DP	0	62	3202	0.006297	4	0.002171
DP	0	63	3149	0.006192	1	0.000543
DP	0	64	3056	0.006010	2	0.001085
DP	0	65	2824	0.005553	0	0.000000
DP	0	66	2721	0.005351	2	0.001085
DP	0	67	2619	0.005150	1	0.000543
DP	0	68	2499	0.004914	7	0.003799
DP	0	69	2372	0.004664	2	0.001085
DP	0	70	2424	0.004767	3	0.001628
DP	0	71	2243	0.004411	6	0.003256
DP	0	72	2199	0.004324	7	0.003799
DP	0	73	1985	0.003903	5	0.002714
DP	0	74	2067	0.004065	7	0.003799
DP	0	75	1990	0.003913	3	0.001628
DP	0	76	1708	0.003359	2	0.001085
DP	0	77	1743	0.003428	5	0.002714
DP	0	78	1708	0.003359	3	0.001628
DP	0	79	1762	0.003465	6	0.003256
DP	0	80	1517	0.002983	1	0.000543
DP	0	81	1498	0.002946	5	0.002714
DP	0	82	1394	0.002741	4	0.002171
DP	0	83	1417	0.002786	2	0.001085
DP	0	84	1302	0.002560	4	0.002171
DP	0	85	1274	0.002505	6	0.003256
DP	0	86	1262	0.002482	7	0.003799
DP	0	87	1165	0.002291	2	0.001085
DP	0	88	1254	0.002466	1	0.000543
DP	0	89	1045	0.002055	4	0.002171
DP	0	90	1061	0.002086	0	0.000000
DP	0	91	1064	0.002092	0	0.000000
DP	0	92	1009	0.001984	9	0.004885
DP	0	93	911	0.001791	5	0.002714
DP	0	94	904	0.001778	3	0.001628
DP	0	95	846	0.001664	7	0.003799
DP	0	96	851	0.001673	4	0.002171
DP	0	97	786	0.001546	2	0.001085
DP	0	98	764	0.001502	5	0.002714
DP	0	99	808	0.001589	3	0.001628
DP	0	100	844	0.001660	4	0.002171
DP	0	101	683	0.001343	3	0.001628
DP	0	102	606	0.001192	1	0.000543
DP	0	103	715	0.001406	6	0.003256
DP	0	104	600	0.001180	2	0.001085
DP	0	105	634	0.001247	2	0.001085
DP	0	106	556	0.001093	0	0.000000
DP	0	107	574	0.001129	3	0.001628
DP	0	108	524	0.001030	4	0.002171
DP	0	109	456	0.000897	4	0.002171
DP	0	110	466	0.000916	4	0.002171
DP	0	111	449	0.000883	4	0.002171
DP	0	112	420	0.000826	2	0.001085
DP	0	113	418	0.000822	2	0.001085
DP	0	114	354	0.000696	3	0.001628
DP	0	115	343	0.000674	3	0.001628
DP	0	116	331	0.000651	3	0.001628
DP	0	117	349	0.000686	3	0.001628
DP	0	118	308	0.000606	4	0.002171
DP	0	119	284	0.000558	2	0.001085
DP	0	120	281	0.000553	2	0.001085
DP	0	121	242	0.000476	2	0.001085
DP	0	122	245	0.000482	5	0.002714
DP	0	123	233	0.000458	2	0.001085
DP	0	124	263	0.000517	2	0.001085
DP	0	125	221	0.000435	0	0.000000
DP	0	126	208	0.000409	4	0.002171
DP	0	127	189	0.000372	2	0.001085
DP	0	128	204	0.000401	2	0.001085
DP	0	129	207	0.000407	2	0.001085
DP	0	130	170	0.000334	2	0.001085
DP	0	131	167	0.000328	2	0.001085
DP	0	132	161	0.000317	5	0.002714
DP	0	133	156	0.000307	4	0.002171
DP	0	134	138	0.000271	3	0.001628
DP	0	135	171	0.000336	3	0.001628
DP	0	136	175	0.000344	4	0.002171
DP	0	137	141	0.000277	7	0.003799
DP	0	138	125	0.000246	5	0.002714
DP	0	139	146	0.000287	4	0.002171
DP	0	140	127	0.000250	1	0.000543
DP	0	141	139	0.000273	3	0.001628
DP	0	142	124	0.000244	1	0.000543
DP	0	143	123	0.000242	4	0.002171
DP	0	144	98	0.000193	6	0.003256
DP	0	145	93	0.000183	4	0.002171
DP	0	146	119	0.000234	3	0.001628
DP	0	147	98	0.000193	4	0.002171
DP	0	148	71	0.000140	3	0.001628
DP	0	149	111	0.000218	3	0.001628
DP	0	150	104	0.000205	1	0.000543
DP	0	151	83	0.000163	4	0.002171
DP	0	152	69	0.000136	2	0.001085
DP	0	153	68	0.000134	1	0.000543
DP	0	154	77	0.000151	5	0.002714
DP	0	155	78	0.000153	3	0.001628
DP	0	156	57	0.000112	4	0.002171
DP	0	157	57	0.000112	2	0.001085
DP	0	158	70	0.000138	3	0.001628
DP	0	159	80	0.000157	0	0.000000
DP	0	160	61	0.000120	3	0.001628
DP	0	161	54	0.000106	0	0.000000
DP	0	162	51	0.000100	3	0.001628
DP	0	163	47	0.000092	0	0.000000
DP	0	164	44	0.000087	4	0.002171
DP	0	165	46	0.000090	1	0.000543
DP	0	166	72	0.000142	3	0.001628
DP	0	167	64	0.000126	3	0.001628
DP	0	168	39	0.000077	3	0.001628
DP	0	169	49	0.000096	6	0.003256
DP	0	170	49	0.000096	1	0.000543
DP	0	171	47	0.000092	1	0.000543
DP	0	172	50	0.000098	2	0.001085
DP	0	173	28	0.000055	0	0.000000
DP	0	174	44	0.000087	3	0.001628
DP	0	175	49	0.000096	1	0.000543
DP	0	176	41	0.000081	2	0.001085
DP	0	177	36	0.000071	1	0.000543
DP	0	178	37	0.000073	1	0.000543
DP	0	179	34	0.000067	1	0.000543
DP	0	180	35	0.000069	2	0.001085
DP	0	181	23	0.000045	4	0.002171
DP	0	182	19	0.000037	2	0.001085
DP	0	183	22	0.000043	1	0.000543
DP	0	184	37	0.000073	3	0.001628
DP	0	185	39	0.000077	2	0.001085
DP	0	186	33	0.000065	2	0.001085
DP	0	187	39	0.000077	6	0.003256
DP	0	188	41	0.000081	2	0.001085
DP	0	189	36	0.000071	1	0.000543
DP	0	190	26	0.000051	3	0.001628
DP	0	191	21	0.000041	0	0.000000
DP	0	192	22	0.000043	2	0.001085
DP	0	193	30	0.000059	2	0.001085
DP	0	194	25	0.000049	2	0.001085
DP	0	195	29	0.000057	1	0.000543
DP	0	196	29	0.000057	1	0.000543
DP	0	197	36	0.000071	0	0.000000
DP	0	198	26	0.000051	2	0.001085
DP	0	199	27	0.000053	1	0.000543
DP	0	200	28	0.000055	2	0.001085
DP	0	201	22	0.000043	2	0.001085
DP	0	202	26	0.000051	2	0.001085
DP	0	203	15	0.000029	2	0.001085
DP	0	204	27	0.000053	2	0.001085
DP	0	205	37	0.000073	2	0.001085
DP	0	206	31	0.000061	3	0.001628
DP	0	207	26	0.000051	1	0.000543
DP	0	208	31	0.000061	3	0.001628
DP	0	209	14	0.000028	1	0.000543
DP	0	210	36	0.000071	1	0.000543
DP	0	211	18	0.000035	1	0.000543
DP	0	212	24	0.000047	4	0.002171
DP	0	213	23	0.000045	1	0.000543
DP	0	214	31	0.000061	0	0.000000
DP	0	215	16	0.000031	1	0.000543
DP	0	216	30	0.000059	1	0.000543
DP	0	217	25	0.000049	3	0.001628
DP	0	218	23	0.000045	0	0.000000
DP	0	219	17	0.000033	0	0.000000
DP	0	220	15	0.000029	2	0.001085
DP	0	221	31	0.000061	0	0.000000
DP	0	222	15	0.000029	2	0.001085
DP	0	223	23	0.000045	1	0.000543
DP	0	224	24	0.000047	4	0.002171
DP	0	225	22	0.000043	3	0.001628
DP	0	226	15	0.000029	3	0.001628
DP	0	227	20	0.000039	0	0.000000
DP	0	228	31	0.000061	4	0.002171
DP	0	229	15	0.000029	6	0.003256
DP	0	230	26	0.000051	1	0.000543
DP	0	231	26	0.000051	1	0.000543
DP	0	232	27	0.000053	1	0.000543
DP	0	233	19	0.000037	1	0.000543
DP	0	234	32	0.000063	5	0.002714
DP	0	235	14	0.000028	4	0.002171
DP	0	236	16	0.000031	3	0.001628
DP	0	237	18	0.000035	1	0.000543
DP	0	238	14	0.000028	3	0.001628
DP	0	239	15	0.000029	1	0.000543
DP	0	240	16	0.000031	3	0.001628
DP	0	241	20	0.000039	1	0.000543
DP	0	242	18	0.000035	1	0.000543
DP	0	243	17	0.000033	1	0.000543
DP	0	244	14	0.000028	2	0.001085
DP	0	245	15	0.000029	1	0.000543
DP	0	246	15	0.000029	3	0.001628
DP	0	247	22	0.000043	4	0.002171
DP	0	248	17	0.000033	3	0.001628
DP	0	249	11	0.000022	2	0.001085
DP	0	250	15	0.000029	2	0.001085
DP	0	251	10	0.000020	3	0.001628
DP	0	252	13	0.000026	4	0.002171
DP	0	253	12	0.000024	2	0.001085
DP	0	254	12	0.000024	2	0.001085
DP	0	255	8	0.000016	8	0.004342
DP	0	256	10	0.000020	2	0.001085
DP	0	257	12	0.000024	1	0.000543
DP	0	258	19	0.000037	3	0.001628
DP	0	259	12	0.000024	2	0.001085
DP	0	260	7	0.000014	1	0.000543
DP	0	261	5	0.000010	4	0.002171
DP	0	262	13	0.000026	2	0.001085
DP	0	263	13	0.000026	0	0.000000
DP	0	264	8	0.000016	1	0.000543
DP	0	265	14	0.000028	2	0.001085
DP	0	266	13	0.000026	1	0.000543
DP	0	267	9	0.000018	4	0.002171
DP	0	268	14	0.000028	3	0.001628
DP	0	269	10	0.000020	1	0.000543
DP	0	270	6	0.000012	4	0.002171
DP	0	271	13	0.000026	5	0.002714
DP	0	272	12	0.000024	2	0.001085
DP	0	273	17	0.000033	2	0.001085
DP	0	274	11	0.000022	6	0.003256
DP	0	275	6	0.000012	2	0.001085
DP	0	276	8	0.000016	4	0.002171
DP	0	277	6	0.000012	3	0.001628
DP	0	278	12	0.000024	1	0.000543
DP	0	279	9	0.000018	2	0.001085
DP	0	280	9	0.000018	2	0.001085
DP	0	281	7	0.000014	4	0.002171
DP	0	282	5	0.000010	2	0.001085
DP	0	283	12	0.000024	3	0.001628
DP	0	284	5	0.000010	0	0.000000
DP	0	285	6	0.000012	4	0.002171
DP	0	286	11	0.000022	0	0.000000
DP	0	287	7	0.000014	2	0.001085
DP	0	288	10	0.000020	1	0.000543
DP	0	289	4	0.000008	2	0.001085
DP	0	290	9	0.000018	0	0.000000
DP	0	291	9	0.000018	1	0.000543
DP	0	292	8	0.000016	2	0.001085
DP	0	293	6	0.000012	5	0.002714
DP	0	294	8	0.000016	0	0.000000
DP	0	295	13	0.000026	1	0.000543
DP	0	296	3	0.000006	1	0.000543
DP	0	297	5	0.000010	3	0.001628
DP	0	298	9	0.000018	2	0.001085
DP	0	299	9	0.000018	2	0.001085
DP	0	300	6	0.000012	1	0.000543
DP	0	301	4	0.000008	0	0.000000
DP	0	302	3	0.000006	1	0.000543
DP	0	303	9	0.000018	0	0.000000
DP	0	304	6	0.000012	1	0.000543
DP	0	305	3	0.000006	1	0.000543
DP	0	306	8	0.000016	3	0.001628
DP	0	307	10	0.000020	1	0.000543
DP	0	308	4	0.000008	3	0.001628
DP	0	309	5	0.000010	1	0.000543
DP	0	310	5	0.000010	2	0.001085
DP	0	311	11	0.000022	5	0.002714
DP	0	312	5	0.000010	2	0.001085
DP	0	313	6	0.000012	1	0.000543
DP	0	314	6	0.000012	1	0.000543
DP	0	315	7	0.000014	5	0.002714
DP	0	316	7	0.000014	1	0.000543
DP	0	317	7	0.000014	0	0.000000
DP	0	318	5	0.000010	2	0.001085
DP	0	319	9	0.000018	1	0.000543
DP	0	320	3	0.000006	1	0.000543
DP	0	321	3	0.000006	2	0.001085
DP	0	322	6	0.000012	4	0.002171
DP	0	323	8	0.000016	4	0.002171
DP	0	324	11	0.000022	2	0.001085
DP	0	325	5	0.000010	2	0.001085
DP	0	326	7	0.000014	0	0.000000
DP	0	327	7	0.000014	1	0.000543
DP	0	328	6	0.000012	3	0.001628
DP	0	329	8	0.000016	0	0.000000
DP	0	330	14	0.000028	3	0.001628
DP	0	331	6	0.000012	1	0.000543
DP	0	332	4	0.000008	2	0.001085
DP	0	333	6	0.000012	1	0.000543
DP	0	334	9	0.000018	1	0.000543
DP	0	335	5	0.000010	1	0.000543
DP	0	336	12	0.000024	2	0.001085
DP	0	337	10	0.000020	4	0.002171
DP	0	338	6	0.000012	0	0.000000
DP	0	339	13	0.000026	1	0.000543
DP	0	340	8	0.000016	5	0.002714
DP	0	341	8	0.000016	1	0.000543
DP	0	342	6	0.000012	0	0.000000
DP	0	343	5	0.000010	0	0.000000
DP	0	344	9	0.000018	0	0.000000
DP	0	345	7	0.000014	2	0.001085
DP	0	346	1	0.000002	3	0.001628
DP	0	347	5	0.000010	2	0.001085
DP	0	348	8	0.000016	1	0.000543
DP	0	349	6	0.000012	3	0.001628
DP	0	350	4	0.000008	1	0.000543
DP	0	351	6	0.000012	3	0.001628
DP	0	352	5	0.000010	3	0.001628
DP	0	353	7	0.000014	0	0.000000
DP	0	354	5	0.000010	1	0.000543
DP	0	355	4	0.000008	8	0.004342
DP	0	356	9	0.000018	4	0.002171
DP	0	357	5	0.000010	4	0.002171
DP	0	358	10	0.000020	3	0.001628
DP	0	359	7	0.000014	3	0.001628
DP	0	360	7	0.000014	3	0.001628
DP	0	361	6	0.000012	4	0.002171
DP	0	362	5	0.000010	3	0.001628
DP	0	363	7	0.000014	1	0.000543
DP	0	364	5	0.000010	1	0.000543
DP	0	365	8	0.000016	1	0.000543
DP	0	366	4	0.000008	3	0.001628
DP	0	367	7	0.000014	3	0.001628
DP	0	368	7	0.000014	3	0.001628
DP	0	369	5	0.000010	2	0.001085
DP	0	370	7	0.000014	0	0.000000
DP	0	371	3	0.000006	2	0.001085
DP	0	372	7	0.000014	3	0.001628
DP	0	373	1	0.000002	2	0.001085
DP	0	374	5	0.000010	3	0.001628
DP	0	375	5	0.000010	2	0.001085
DP	0	376	5	0.000010	1	0.000543
DP	0	377	5	0.000010	2	0.001085
DP	0	378	11	0.000022	3	0.001628
DP	0	379	7	0.000014	3	0.001628
DP	0	380	7	0.000014	1	0.000543
DP	0	381	5	0.000010	0	0.000000
DP	0	382	6	0.000012	7	0.003799
DP	0	383	7	0.000014	1	0.000543
DP	0	384	5	0.000010	3	0.001628
DP	0	385	9	0.000018	2	0.001085
DP	0	386	9	0.000018	2	0.001085
DP	0	387	9	0.000018	1	0.000543
DP	0	388	7	0.000014	1	0.000543
DP	0	389	6	0.000012	3	0.001628
DP	0	390	5	0.000010	1	0.000543
DP	0	391	11	0.000022	4	0.002171
DP	0	392	10	0.000020	1	0.000543
DP	0	393	5	0.000010	1	0.000543
DP	0	394	10	0.000020	2	0.001085
DP	0	395	3	0.000006	2	0.001085
DP	0	396	7	0.000014	4	0.002171
DP	0	397	8	0.000016	0	0.000000
DP	0	398	8	0.000016	2	0.001085
DP	0	399	5	0.000010	1	0.000543
DP	0	400	10	0.000020	2	0.001085
DP	0	401	6	0.000012	3	0.001628
DP	0	402	7	0.000014	1	0.000543
DP	0	403	12	0.000024	0	0.000000
DP	0	404	12	0.000024	2	0.001085
DP	0	405	10	0.000020	0	0.000000
DP	0	406	7	0.000014	1	0.000543
DP	0	407	8	0.000016	1	0.000543
DP	0	408	7	0.000014	0	0.000000
DP	0	409	7	0.000014	2	0.001085
DP	0	410	7	0.000014	4	0.002171
DP	0	411	8	0.000016	2	0.001085
DP	0	412	4	0.000008	1	0.000543
DP	0	413	13	0.000026	2	0.001085
DP	0	414	9	0.000018	3	0.001628
DP	0	415	3	0.000006	4	0.002171
DP	0	416	7	0.000014	1	0.000543
DP	0	417	4	0.000008	1	0.000543
DP	0	418	4	0.000008	1	0.000543
DP	0	419	8	0.000016	1	0.000543
DP	0	420	10	0.000020	2	0.001085
DP	0	421	3	0.000006	3	0.001628
DP	0	422	4	0.000008	1	0.000543
DP	0	423	4	0.000008	1	0.000543
DP	0	424	5	0.000010	4	0.002171
DP	0	425	7	0.000014	3	0.001628
DP	0	426	6	0.000012	0	0.000000
DP	0	427	7	0.000014	2	0.001085
DP	0	428	7	0.000014	1	0.000543
DP	0	429	8	0.000016	2	0.001085
DP	0	430	7	0.000014	0	0.000000
DP	0	431	6	0.000012	2	0.001085
DP	0	432	5	0.000010	4	0.002171
DP	0	433	7	0.000014	1	0.000543
DP	0	434	6	0.000012	4	0.002171
DP	0	435	5	0.000010	4	0.002171
DP	0	436	8	0.000016	2	0.001085
DP	0	437	7	0.000014	2	0.001085
DP	0	438	4	0.000008	2	0.001085
DP	0	439	4	0.000008	1	0.000543
DP	0	440	6	0.000012	3	0.001628
DP	0	441	12	0.000024	6	0.003256
DP	0	442	8	0.000016	1	0.000543
DP	0	443	6	0.000012	6	0.003256
DP	0	444	9	0.000018	3	0.001628
DP	0	445	4	0.000008	4	0.002171
DP	0	446	4	0.000008	6	0.003256
DP	0	447	9	0.000018	0	0.000000
DP	0	448	2	0.000004	3	0.001628
DP	0	449	3	0.000006	0	0.000000
DP	0	450	11	0.000022	0	0.000000
DP	0	451	8	0.000016	2	0.001085
DP	0	452	8	0.000016	2	0.001085
DP	0	453	4	0.000008	1	0.000543
DP	0	454	4	0.000008	0	0.000000
DP	0	455	6	0.000012	2	0.001085
DP	0	456	5	0.000010	1	0.000543
DP	0	457	5	0.000010	4	0.002171
DP	0	458	2	0.000004	2	0.001085
DP	0	459	4	0.000008	2	0.001085
DP	0	461	5	0.000010	0	0.000000
DP	0	462	5	0.000010	2	0.001085
DP	0	463	2	0.000004	5	0.002714
DP	0	464	5	0.000010	3	0.001628
DP	0	465	7	0.000014	4	0.002171
DP	0	466	3	0.000006	1	0.000543
DP	0	467	2	0.000004	0	0.000000
DP	0	468	3	0.000006	2	0.001085
DP	0	469	8	0.000016	0	0.000000
DP	0	470	3	0.000006	2	0.001085
DP	0	471	6	0.000012	2	0.001085
DP	0	472	3	0.000006	2	0.001085
DP	0	473	4	0.000008	2	0.001085
DP	0	474	6	0.000012	2	0.001085
DP	0	475	4	0.000008	3	0.001628
DP	0	476	6	0.000012	4	0.002171
DP	0	477	4	0.000008	3	0.001628
DP	0	478	6	0.000012	0	0.000000
DP	0	479	2	0.000004	2	0.001085
DP	0	480	4	0.000008	2	0.001085
DP	0	481	4	0.000008	0	0.000000
DP	0	482	4	0.000008	4	0.002171
DP	0	483	3	0.000006	4	0.002171
DP	0	484	2	0.000004	0	0.000000
DP	0	485	4	0.000008	2	0.001085
DP	0	486	0	0.000000	1	0.000543
DP	0	487	4	0.000008	2	0.001085
DP	0	488	1	0.000002	2	0.001085
DP	0	489	2	0.000004	1	0.000543
DP	0	490	1	0.000002	2	0.001085
DP	0	491	1	0.000002	2	0.001085
DP	0	492	6	0.000012	2	0.001085
DP	0	493	2	0.000004	1	0.000543
DP	0	494	3	0.000006	1	0.000543
DP	0	495	2	0.000004	1	0.000543
DP	0	496	7	0.000014	3	0.001628
DP	0	497	2	0.000004	1	0.000543
DP	0	498	4	0.000008	2	0.001085
DP	0	499	1	0.000002	1	0.000543
DP	0	500	2	0.000004	1	0.000543
DP	0	>500	202	0.000397	182970	99.302597
# PSC, Per-sample counts. Note that the ref/het/hom counts include only SNPs, for indels see PSI. The rest include both SNPs and indels.
# PSC	[2]id	[3]sample	[4]nRefHom	[5]nNonRefHom	[6]nHets	[7]nTransitions	[8]nTransversions	[9]nIndels	[10]average depth	[11]nSingletons	[12]nHapRef	[13]nHapAlt	[14]nMissing
PSC	0	HG02597	0	0	0	0	0	0	5.5	0	177317	2345	4593
PSC	0	HG02600	0	0	0	0	0	0	6.2	0	177354	2357	4544
PSC	0	HG02648	0	0	0	0	0	0	5.1	0	177304	2456	4495
PSC	0	HG02681	0	0	0	0	0	0	5.4	0	174337	3740	6178
PSC	0	HG03021	0	0	0	0	0	0	5.7	0	163866	3196	17193
PSC	0	HG03228	0	0	0	0	0	0	5.2	0	172754	4247	7254
PSC	0	HG03487	0	0	0	0	0	0	5.5	0	174776	3581	5898
PSC	0	HG03691	0	0	0	0	0	0	5.0	0	176827	2631	4797
PSC	0	HG03696	0	0	0	0	0	0	5.5	0	174625	3474	6156
PSC	0	HG03711	0	0	0	0	0	0	5.7	0	176729	2398	5128
PSC	0	HG03660	0	0	0	0	0	0	5.7	0	164127	3268	16860
PSC	0	HG03672	0	0	0	0	0	0	5.1	0	175565	3446	5244
PSC	0	HG03639	0	0	0	0	0	0	5.4	0	177078	2642	4535
PSC	0	HG03646	0	0	0	0	0	0	5.6	0	174383	3319	6553
PSC	0	HG03603	0	0	0	0	0	0	6.2	0	176942	2439	4874
PSC	0	HG03615	0	0	0	0	0	0	5.4	0	161867	3325	19063
PSC	0	HG03716	0	0	0	0	0	0	5.8	0	175027	3519	5709
PSC	0	HG03742	0	0	0	0	0	0	5.1	0	174894	3525	5836
PSC	0	HG03792	0	0	0	0	0	0	5.5	0	175231	3520	5504
PSC	0	HG03797	0	0	0	0	0	0	5.7	0	176589	2775	4891
PSC	0	HG03800	0	0	0	0	0	0	5.6	0	175303	3468	5484
PSC	0	HG03761	0	0	0	0	0	0	5.2	0	177545	2437	4273
PSC	0	HG03773	0	0	0	0	0	0	5.4	0	177440	2584	4231
PSC	0	HG03920	0	0	0	0	0	0	5.4	0	174936	3500	5819
PSC	0	HG03812	0	0	0	0	0	0	5.3	0	174878	3565	5812
PSC	0	HG03824	0	0	0	0	0	0	5.8	0	175068	3492	5695
PSC	0	HG03867	0	0	0	0	0	0	5.4	0	172648	4304	7303
PSC	0	HG03848	0	0	0	0	0	0	5.0	0	174760	3463	6032
PSC	0	HG03850	0	0	0	0	0	0	5.8	0	172593	4287	7375
PSC	0	HG03778	0	0	0	0	0	0	5.3	0	176093	3648	4514
PSC	0	HG03785	0	0	0	0	0	0	5.8	0	174343	3580	6332
PSC	0	HG04098	0	0	0	0	0	0	6.0	0	177298	2389	4568
PSC	0	HG04093	0	0	0	0	0	0	7.0	0	175005	3433	5817
PSC	0	HG03963	0	0	0	0	0	0	6.0	0	177224	2364	4667
PSC	0	HG04149	0	0	0	0	0	0	4.6	0	174006	3576	6673
PSC	0	HG03999	0	0	0	0	0	0	5.0	0	176726	2357	5172
PSC	0	HG04017	0	0	0	0	0	0	6.5	0	177268	2550	4437
PSC	0	HG04182	0	0	0	0	0	0	7.2	0	176863	2638	4754
PSC	0	HG04194	0	0	0	0	0	0	5.6	0	177315	2320	4620
PSC	0	HG04219	0	0	0	0	0	0	5.6	0	177527	2323	4405
PSC	0	HG04238	0	0	0	0	0	0	6.0	0	174244	3622	6389
PSC	0	HG01586	0	0	0	0	0	0	5.8	0	176611	2642	5002
PSC	0	NA20850	0	0	0	0	0	0	5.4	0	177900	2399	3956
PSC	0	HG02490	0	0	0	0	0	0	5.4	0	163767	3246	17242
PSC	0	HG02654	0	0	0	0	0	0	5.8	0	173908	3474	6873
PSC	0	NA20867	0	0	0	0	0	0	6.5	0	175267	3397	5591
PSC	0	HG02724	0	0	0	0	0	0	6.9	0	163081	3321	17853
PSC	0	NA20901	0	0	0	0	0	0	6.3	0	175094	3554	5607
PSC	0	HG02736	0	0	0	0	0	0	5.9	0	177473	2298	4484
PSC	0	NA21093	0	0	0	0	0	0	5.6	0	176233	3541	4481
PSC	0	NA21098	0	0	0	0	0	0	5.6	0	177450	2290	4515
PSC	0	NA21118	0	0	0	0	0	0	6.0	0	172432	4281	7542
PSC	0	NA21113	0	0	0	0	0	0	5.6	0	175205	3499	5551
PSC	0	HG02774	0	0	0	0	0	0	5.8	0	174848	3373	6034
PSC	0	HG02786	0	0	0	0	0	0	5.2	0	175640	3490	5125
PSC	0	HG03006	0	0	0	0	0	0	6.3	0	152403	3373	28479
PSC	0	HG03018	0	0	0	0	0	0	5.7	0	162927	3404	17924
PSC	0	HG03234	0	0	0	0	0	0	5.1	0	177160	2311	4784
PSC	0	HG03633	0	0	0	0	0	0	5.3	0	175765	3457	5033
PSC	0	HG03594	0	0	0	0	0	0	5.6	0	175721	3415	5119
PSC	0	HG03652	0	0	0	0	0	0	5.9	0	176843	2743	4669
PSC	0	HG03695	0	0	0	0	0	0	6.0	0	175187	3468	5600
PSC	0	HG03809	0	0	0	0	0	0	5.5	0	174475	3566	6214
PSC	0	HG03753	0	0	0	0	0	0	5.9	0	174955	3526	5774
PSC	0	HG03830	0	0	0	0	0	0	5.3	0	175060	3364	5831
PSC	0	HG03727	0	0	0	0	0	0	5.3	0	176963	2599	4693
PSC	0	HG03708	0	0	0	0	0	0	6.0	0	175187	3797	5271
PSC	0	HG03777	0	0	0	0	0	0	6.0	0	174969	3518	5768
PSC	0	HG03746	0	0	0	0	0	0	4.9	0	173881	3399	6975
PSC	0	HG03943	0	0	0	0	0	0	5.6	0	175666	2834	5755
PSC	0	HG03950	0	0	0	0	0	0	6.5	0	175266	3481	5508
PSC	0	HG03967	0	0	0	0	0	0	5.5	0	177188	2613	4454
PSC	0	HG04023	0	0	0	0	0	0	5.6	0	177344	2444	4467
PSC	0	HG03885	0	0	0	0	0	0	7.7	0	175127	3415	5713
PSC	0	HG03900	0	0	0	0	0	0	5.2	0	174961	3414	5880
PSC	0	HG03854	0	0	0	0	0	0	5.4	0	175126	3581	5548
PSC	0	HG03929	0	0	0	0	0	0	5.6	0	175880	3494	4881
PSC	0	HG03905	0	0	0	0	0	0	4.9	0	163182	3292	17781
PSC	0	HG03917	0	0	0	0	0	0	5.0	0	172710	4340	7205
PSC	0	HG03974	0	0	0	0	0	0	7.3	0	177221	2624	4410
PSC	0	HG03866	0	0	0	0	0	0	6.5	0	177155	2415	4685
PSC	0	HG03998	0	0	0	0	0	0	7.3	0	152055	3319	28881
PSC	0	HG04225	0	0	0	0	0	0	5.0	0	177412	2520	4323
PSC	0	HG04155	0	0	0	0	0	0	5.6	0	172229	4273	7753
PSC	0	HG04100	0	0	0	0	0	0	5.0	0	175869	3454	4932
PSC	0	HG04131	0	0	0	0	0	0	6.5	0	177494	2387	4374
PSC	0	HG04061	0	0	0	0	0	0	6.2	0	175562	3497	5196
PSC	0	HG04080	0	0	0	0	0	0	7.0	0	175507	3564	5184
PSC	0	HG04198	0	0	0	0	0	0	6.0	0	175262	3625	5368
PSC	0	HG04206	0	0	0	0	0	0	5.3	0	175798	3380	5077
PSC	0	HG01589	0	0	0	0	0	0	5.0	0	173076	3501	7678
PSC	0	HG01583	0	0	0	0	0	0	6.8	0	175222	3400	5633
PSC	0	HG02493	0	0	0	0	0	0	7.4	0	162981	3156	18118
PSC	0	HG02657	0	0	0	0	0	0	5.3	0	176720	2599	4936
PSC	0	HG02727	0	0	0	0	0	0	5.8	0	177134	2259	4862
PSC	0	HG02789	0	0	0	0	0	0	5.6	0	173659	3795	6801
PSC	0	HG02690	0	0	0	0	0	0	5.2	0	175001	3497	5757
PSC	0	HG03009	0	0	0	0	0	0	6.1	0	175210	3453	5592
PSC	0	NA20897	0	0	0	0	0	0	5.7	0	177351	2330	4574
PSC	0	NA20905	0	0	0	0	0	0	5.0	0	175530	3629	5096
PSC	0	NA20861	0	0	0	0	0	0	5.4	0	174783	3502	5970
PSC	0	NA20866	0	0	0	0	0	0	5.6	0	178843	1574	3838
PSC	0	HG02651	0	0	0	0	0	0	7.0	0	174956	3549	5750
PSC	0	NA21100	0	0	0	0	0	0	5.0	0	172683	4122	7450
PSC	0	NA21105	0	0	0	0	0	0	6.8	0	176260	2666	5329
PSC	0	HG02733	0	0	0	0	0	0	8.9	0	162827	3187	18241
PSC	0	NA20885	0	0	0	0	0	0	6.1	0	174559	3580	6116
PSC	0	NA21092	0	0	0	0	0	0	5.4	0	177044	2289	4922
PSC	0	HG02699	0	0	0	0	0	0	5.3	0	177237	2525	4493
PSC	0	HG02687	0	0	0	0	0	0	6.3	0	174718	3735	5802
PSC	0	NA21112	0	0	0	0	0	0	5.9	0	175696	3477	5082
PSC	0	HG03237	0	0	0	0	0	0	6.0	0	162724	3385	18146
PSC	0	NA21117	0	0	0	0	0	0	5.6	0	172449	4303	7503
PSC	0	NA21124	0	0	0	0	0	0	5.5	0	172630	4289	7336
PSC	0	HG02783	0	0	0	0	0	0	5.6	0	176974	2662	4619
PSC	0	NA21129	0	0	0	0	0	0	8.3	0	176946	2328	4981
PSC	0	HG03015	0	0	0	0	0	0	5.7	0	176892	2641	4722
PSC	0	HG03713	0	0	0	0	0	0	5.4	0	177142	2380	4733
PSC	0	HG03624	0	0	0	0	0	0	5.7	0	177108	2367	4780
PSC	0	HG03629	0	0	0	0	0	0	5.9	0	177360	2427	4468
PSC	0	HG03744	0	0	0	0	0	0	5.9	0	177342	2476	4437
PSC	0	HG03667	0	0	0	0	0	0	5.5	0	177388	2412	4455
PSC	0	HG03679	0	0	0	0	0	0	6.6	0	177046	2434	4775
PSC	0	HG03681	0	0	0	0	0	0	5.7	0	176207	2647	5401
PSC	0	HG03636	0	0	0	0	0	0	5.5	0	177288	2367	4600
PSC	0	HG03718	0	0	0	0	0	0	5.7	0	176331	2718	5206
PSC	0	HG03720	0	0	0	0	0	0	5.0	0	177112	2470	4673
PSC	0	HG03725	0	0	0	0	0	0	5.4	0	177209	2705	4341
PSC	0	HG03585	0	0	0	0	0	0	5.6	0	175909	2458	5888
PSC	0	HG03600	0	0	0	0	0	0	5.2	0	175625	3562	5068
PSC	0	HG03686	0	0	0	0	0	0	5.2	0	175493	3357	5405
PSC	0	HG03693	0	0	0	0	0	0	6.1	0	174719	3623	5913
PSC	0	HG03833	0	0	0	0	0	0	6.1	0	176988	2329	4938
PSC	0	HG03890	0	0	0	0	0	0	6.1	0	175002	3592	5661
PSC	0	HG03908	0	0	0	0	0	0	6.0	0	173968	3521	6766
PSC	0	HG03821	0	0	0	0	0	0	5.2	0	175063	3591	5601
PSC	0	HG03775	0	0	0	0	0	0	5.6	0	177233	2341	4681
PSC	0	HG03794	0	0	0	0	0	0	6.1	0	177324	2500	4431
PSC	0	HG03869	0	0	0	0	0	0	5.4	0	177276	2709	4270
PSC	0	HG03871	0	0	0	0	0	0	5.3	0	176305	2323	5627
PSC	0	HG03864	0	0	0	0	0	0	5.6	0	176730	2726	4799
PSC	0	HG04033	0	0	0	0	0	0	5.6	0	173667	3488	7100
PSC	0	HG03490	0	0	0	0	0	0	5.3	0	177336	2272	4647
PSC	0	HG04134	0	0	0	0	0	0	4.9	0	175661	3259	5335
PSC	0	HG04146	0	0	0	0	0	0	6.0	0	175279	3429	5547
PSC	0	HG03941	0	0	0	0	0	0	5.8	0	175203	3589	5463
PSC	0	HG03697	0	0	0	0	0	0	5.5	0	174618	3386	6251
PSC	0	HG03991	0	0	0	0	0	0	5.8	0	176120	3453	4682
PSC	0	HG03705	0	0	0	0	0	0	6.5	0	177101	2366	4788
PSC	0	HG04158	0	0	0	0	0	0	10.0	0	177109	2534	4612
PSC	0	HG03680	0	0	0	0	0	0	5.7	0	174885	3492	5878
PSC	0	HG03953	0	0	0	0	0	0	4.9	0	174661	3360	6234
PSC	0	HG03960	0	0	0	0	0	0	6.0	0	177335	2453	4467
PSC	0	HG03965	0	0	0	0	0	0	6.1	0	175425	3405	5425
PSC	0	HG04127	0	0	0	0	0	0	6.7	0	177430	2405	4420
PSC	0	HG04002	0	0	0	0	0	0	5.4	0	175512	3522	5221
PSC	0	HG03685	0	0	0	0	0	0	5.4	0	177233	2474	4548
PSC	0	HG04019	0	0	0	0	0	0	6.0	0	177503	2376	4376
PSC	0	HG03844	0	0	0	0	0	0	6.9	0	176903	2515	4837
PSC	0	HG03851	0	0	0	0	0	0	5.6	0	162955	3278	18022
PSC	0	HG03856	0	0	0	0	0	0	5.6	0	176851	2629	4775
PSC	0	HG03755	0	0	0	0	0	0	5.8	0	175101	3432	5722
PSC	0	HG03767	0	0	0	0	0	0	5.1	0	173115	3664	7476
PSC	0	HG03837	0	0	0	0	0	0	7.3	0	174880	3543	5832
PSC	0	HG04235	0	0	0	0	0	0	3.8	0	175624	3537	5094
PSC	0	HG03743	0	0	0	0	0	0	6.6	0	177537	2360	4358
PSC	0	HG03750	0	0	0	0	0	0	8.3	0	175687	2423	6145
PSC	0	HG03870	0	0	0	0	0	0	5.3	0	174102	3435	6718
PSC	0	HG03875	0	0	0	0	0	0	5.6	0	175400	3437	5418
PSC	0	HG03779	0	0	0	0	0	0	6.0	0	177145	2346	4764
PSC	0	HG03786	0	0	0	0	0	0	5.4	0	175450	3459	5346
PSC	0	HG03806	0	0	0	0	0	0	5.7	0	163547	3304	17404
PSC	0	HG04211	0	0	0	0	0	0	5.8	0	175248	3447	5560
PSC	0	HG03729	0	0	0	0	0	0	5.5	0	177209	2596	4450
PSC	0	HG03887	0	0	0	0	0	0	6.1	0	177352	2541	4362
PSC	0	HG03899	0	0	0	0	0	0	5.7	0	177193	2309	4753
PSC	0	HG03902	0	0	0	0	0	0	5.7	0	177722	2313	4220
PSC	0	HG04191	0	0	0	0	0	0	6.0	0	175585	3529	5141
PSC	0	HG04006	0	0	0	0	0	0	5.6	0	175456	3575	5224
PSC	0	HG04020	0	0	0	0	0	0	5.8	0	177235	2378	4642
PSC	0	HG04056	0	0	0	0	0	0	5.2	0	176746	2563	4946
PSC	0	HG04094	0	0	0	0	0	0	7.4	0	175079	3430	5746
PSC	0	HG04107	0	0	0	0	0	0	7.5	0	163083	3159	18013
PSC	0	HG03969	0	0	0	0	0	0	5.4	0	175149	3384	5722
PSC	0	HG03971	0	0	0	0	0	0	5.8	0	175207	3494	5554
PSC	0	HG03976	0	0	0	0	0	0	5.4	0	152703	3279	28273
PSC	0	HG03990	0	0	0	0	0	0	6.1	0	175423	3484	5348
PSC	0	HG03914	0	0	0	0	0	0	5.4	0	176669	2613	4973
PSC	0	HG03926	0	0	0	0	0	0	5.4	0	176933	2365	4957
PSC	0	HG04210	0	0	0	0	0	0	5.9	0	175170	3419	5666
PSC	0	HG04164	0	0	0	0	0	0	5.6	0	175948	3492	4815
PSC	0	HG04176	0	0	0	0	0	0	4.7	0	174798	3400	6057
PSC	0	HG04222	0	0	0	0	0	0	6.2	0	175870	3515	4870
PSC	0	HG04239	0	0	0	0	0	0	6.0	0	174252	3462	6541
PSC	0	HG04140	0	0	0	0	0	0	5.0	0	175202	3434	5619
PSC	0	HG04152	0	0	0	0	0	0	5.4	0	177345	2530	4380
PSC	0	HG04188	0	0	0	0	0	0	5.5	0	170165	3321	10769
PSC	0	NA20845	0	0	0	0	0	0	5.2	0	176841	2587	4827
PSC	0	NA20852	0	0	0	0	0	0	5.6	0	177207	2301	4747
PSC	0	NA21090	0	0	0	0	0	0	6.0	0	163085	3146	18024
PSC	0	NA21095	0	0	0	0	0	0	5.9	0	177127	2322	4806
PSC	0	NA20864	0	0	0	0	0	0	5.5	0	177608	2447	4200
PSC	0	NA20895	0	0	0	0	0	0	5.3	0	176750	2657	4848
PSC	0	NA20903	0	0	0	0	0	0	5.2	0	176861	2609	4785
PSC	0	NA20890	0	0	0	0	0	0	6.3	0	177232	2410	4613
PSC	0	NA21115	0	0	0	0	0	0	6.0	0	177896	2296	4063
PSC	0	NA21127	0	0	0	0	0	0	6.2	0	172996	4252	7007
PSC	0	NA20863	0	0	0	0	0	0	5.1	0	175707	3564	4984
PSC	0	NA20870	0	0	0	0	0	0	5.3	0	174837	3518	5900
PSC	0	NA21114	0	0	0	0	0	0	5.2	0	177247	2332	4676
PSC	0	NA21119	0	0	0	0	0	0	6.1	0	172607	4318	7330
PSC	0	NA21126	0	0	0	0	0	0	6.4	0	175035	3396	5824
PSC	0	NA21099	0	0	0	0	0	0	5.7	0	175442	3472	5341
PSC	0	NA21107	0	0	0	0	0	0	5.9	0	175312	3446	5497
PSC	0	NA20887	0	0	0	0	0	0	6.3	0	177221	2530	4504
PSC	0	NA21087	0	0	0	0	0	0	7.8	0	175303	3480	5472
PSC	0	NA21094	0	0	0	0	0	0	5.6	0	173461	4437	6357
PSC	0	NA21133	0	0	0	0	0	0	6.1	0	173397	4253	6605
PSC	0	HG02603	0	0	0	0	0	0	6.1	0	177181	2291	4783
PSC	0	HG02660	0	0	0	0	0	0	5.1	0	176797	2551	4907
PSC	0	HG02696	0	0	0	0	0	0	5.9	0	174296	2895	7064
PSC	0	HG02684	0	0	0	0	0	0	6.0	0	174235	3386	6634
PSC	0	HG02780	0	0	0	0	0	0	5.0	0	177553	2335	4367
PSC	0	HG02792	0	0	0	0	0	0	5.9	0	175277	3510	5468
PSC	0	HG03012	0	0	0	0	0	0	5.7	0	162946	3142	18167
PSC	0	HG03606	0	0	0	0	0	0	5.9	0	177652	2344	4259
PSC	0	HG03618	0	0	0	0	0	0	5.7	0	175402	3496	5357
PSC	0	HG03644	0	0	0	0	0	0	4.9	0	175252	3508	5495
PSC	0	HG03649	0	0	0	0	0	0	5.7	0	176899	2441	4915
PSC	0	HG03699	0	0	0	0	0	0	5.2	0	177130	2681	4444
PSC	0	HG03702	0	0	0	0	0	0	5.7	0	176790	2555	4910
PSC	0	HG03663	0	0	0	0	0	0	6.4	0	177096	2497	4662
PSC	0	HG03682	0	0	0	0	0	0	7.9	0	176687	2660	4908
PSC	0	HG03687	0	0	0	0	0	0	5.3	0	175399	2362	6494
PSC	0	HG03694	0	0	0	0	0	0	5.1	0	176960	2324	4971
PSC	0	HG03593	0	0	0	0	0	0	6.3	0	171609	4356	8290
PSC	0	HG03788	0	0	0	0	0	0	8.1	0	175262	3432	5561
PSC	0	HG03790	0	0	0	0	0	0	6.2	0	175007	3488	5760
PSC	0	HG03803	0	0	0	0	0	0	5.6	0	176872	2311	5072
PSC	0	HG03738	0	0	0	0	0	0	5.7	0	175109	3577	5569
PSC	0	HG03740	0	0	0	0	0	0	5.0	0	177348	2346	4561
PSC	0	HG03745	0	0	0	0	0	0	7.3	0	173961	3523	6771
PSC	0	HG03771	0	0	0	0	0	0	6.0	0	177005	2612	4638
PSC	0	HG03815	0	0	0	0	0	0	6.0	0	175930	3537	4788
PSC	0	HG03846	0	0	0	0	0	0	5.3	0	175221	3439	5595
PSC	0	HG03872	0	0	0	0	0	0	6.0	0	174555	3622	6078
PSC	0	HG04003	0	0	0	0	0	0	6.0	0	163894	3216	17145
PSC	0	HG04015	0	0	0	0	0	0	5.2	0	173955	3370	6930
PSC	0	HG04022	0	0	0	0	0	0	5.4	0	176765	2640	4850
PSC	0	HG03911	0	0	0	0	0	0	7.2	0	177372	2402	4481
PSC	0	HG03978	0	0	0	0	0	0	6.9	0	177329	2520	4406
PSC	0	HG03985	0	0	0	0	0	0	5.3	0	175319	3495	5441
PSC	0	HG03896	0	0	0	0	0	0	5.5	0	177208	2405	4642
PSC	0	HG04060	0	0	0	0	0	0	8.5	0	176089	3679	4487
PSC	0	HG04096	0	0	0	0	0	0	5.9	0	177210	2377	4668
PSC	0	HG04039	0	0	0	0	0	0	8.4	0	176881	2350	5024
PSC	0	HG04229	0	0	0	0	0	0	5.1	0	175703	2222	6330
PSC	0	HG04185	0	0	0	0	0	0	5.5	0	175466	3389	5400
PSC	0	HG04161	0	0	0	0	0	0	5.6	0	175640	3465	5150
PSC	0	HG04173	0	0	0	0	0	0	5.8	0	174670	3388	6197
PSC	0	NA20884	0	0	0	0	0	0	7.0	0	163638	3325	17292
PSC	0	NA20889	0	0	0	0	0	0	8.4	0	172567	4368	7320
PSC	0	NA20891	0	0	0	0	0	0	6.7	0	176968	2330	4957
PSC	0	NA20911	0	0	0	0	0	0	6.3	0	172563	4286	7406
PSC	0	NA21091	0	0	0	0	0	0	5.5	0	172429	4323	7503
PSC	0	NA20846	0	0	0	0	0	0	5.5	0	177211	2321	4723
PSC	0	NA20858	0	0	0	0	0	0	10.1	0	174797	3400	6058
PSC	0	NA21128	0	0	0	0	0	0	5.1	0	175659	3515	5081
PSC	0	NA21130	0	0	0	0	0	0	5.3	0	162976	3360	17919
PSC	0	NA21135	0	0	0	0	0	0	5.7	0	174128	3510	6617
PSC	0	NA21104	0	0	0	0	0	0	5.5	0	177177	2268	4810
PSC	0	NA21109	0	0	0	0	0	0	6.6	0	173923	3471	6861
PSC	0	NA21111	0	0	0	0	0	0	6.1	0	175068	3548	5639
PSC	0	NA20904	0	0	0	0	0	0	5.5	0	177582	2392	4281
PSC	0	NA21116	0	0	0	0	0	0	6.0	0	174878	3521	5856
PSC	0	NA21123	0	0	0	0	0	0	4.9	0	172788	4338	7129
# PSI, Per-Sample Indels
# PSI	[2]id	[3]sample	[4]in-frame	[5]out-frame	[6]not applicable	[7]out/(in+out) ratio	[8]nHets	[9]nAA
PSI	0	HG02597	0	0	0	0.00	0	0
PSI	0	HG02600	0	0	0	0.00	0	0
PSI	0	HG02648	0	0	0	0.00	0	0
PSI	0	HG02681	0	0	0	0.00	0	0
PSI	0	HG03021	0	0	0	0.00	0	0
PSI	0	HG03228	0	0	0	0.00	0	0
PSI	0	HG03487	0	0	0	0.00	0	0
PSI	0	HG03691	0	0	0	0.00	0	0
PSI	0	HG03696	0	0	0	0.00	0	0
PSI	0	HG03711	0	0	0	0.00	0	0
PSI	0	HG03660	0	0	0	0.00	0	0
PSI	0	HG03672	0	0	0	0.00	0	0
PSI	0	HG03639	0	0	0	0.00	0	0
PSI	0	HG03646	0	0	0	0.00	0	0
PSI	0	HG03603	0	0	0	0.00	0	0
PSI	0	HG03615	0	0	0	0.00	0	0
PSI	0	HG03716	0	0	0	0.00	0	0
PSI	0	HG03742	0	0	0	0.00	0	0
PSI	0	HG03792	0	0	0	0.00	0	0
PSI	0	HG03797	0	0	0	0.00	0	0
PSI	0	HG03800	0	0	0	0.00	0	0
PSI	0	HG03761	0	0	0	0.00	0	0
PSI	0	HG03773	0	0	0	0.00	0	0
PSI	0	HG03920	0	0	0	0.00	0	0
PSI	0	HG03812	0	0	0	0.00	0	0
PSI	0	HG03824	0	0	0	0.00	0	0
PSI	0	HG03867	0	0	0	0.00	0	0
PSI	0	HG03848	0	0	0	0.00	0	0
PSI	0	HG03850	0	0	0	0.00	0	0
PSI	0	HG03778	0	0	0	0.00	0	0
PSI	0	HG03785	0	0	0	0.00	0	0
PSI	0	HG04098	0	0	0	0.00	0	0
PSI	0	HG04093	0	0	0	0.00	0	0
PSI	0	HG03963	0	0	0	0.00	0	0
PSI	0	HG04149	0	0	0	0.00	0	0
PSI	0	HG03999	0	0	0	0.00	0	0
PSI	0	HG04017	0	0	0	0.00	0	0
PSI	0	HG04182	0	0	0	0.00	0	0
PSI	0	HG04194	0	0	0	0.00	0	0
PSI	0	HG04219	0	0	0	0.00	0	0
PSI	0	HG04238	0	0	0	0.00	0	0
PSI	0	HG01586	0	0	0	0.00	0	0
PSI	0	NA20850	0	0	0	0.00	0	0
PSI	0	HG02490	0	0	0	0.00	0	0
PSI	0	HG02654	0	0	0	0.00	0	0
PSI	0	NA20867	0	0	0	0.00	0	0
PSI	0	HG02724	0	0	0	0.00	0	0
PSI	0	NA20901	0	0	0	0.00	0	0
PSI	0	HG02736	0	0	0	0.00	0	0
PSI	0	NA21093	0	0	0	0.00	0	0
PSI	0	NA21098	0	0	0	0.00	0	0
PSI	0	NA21118	0	0	0	0.00	0	0
PSI	0	NA21113	0	0	0	0.00	0	0
PSI	0	HG02774	0	0	0	0.00	0	0
PSI	0	HG02786	0	0	0	0.00	0	0
PSI	0	HG03006	0	0	0	0.00	0	0
PSI	0	HG03018	0	0	0	0.00	0	0
PSI	0	HG03234	0	0	0	0.00	0	0
PSI	0	HG03633	0	0	0	0.00	0	0
PSI	0	HG03594	0	0	0	0.00	0	0
PSI	0	HG03652	0	0	0	0.00	0	0
PSI	0	HG03695	0	0	0	0.00	0	0
PSI	0	HG03809	0	0	0	0.00	0	0
PSI	0	HG03753	0	0	0	0.00	0	0
PSI	0	HG03830	0	0	0	0.00	0	0
PSI	0	HG03727	0	0	0	0.00	0	0
PSI	0	HG03708	0	0	0	0.00	0	0
PSI	0	HG03777	0	0	0	0.00	0	0
PSI	0	HG03746	0	0	0	0.00	0	0
PSI	0	HG03943	0	0	0	0.00	0	0
PSI	0	HG03950	0	0	0	0.00	0	0
PSI	0	HG03967	0	0	0	0.00	0	0
PSI	0	HG04023	0	0	0	0.00	0	0
PSI	0	HG03885	0	0	0	0.00	0	0
PSI	0	HG03900	0	0	0	0.00	0	0
PSI	0	HG03854	0	0	0	0.00	0	0
PSI	0	HG03929	0	0	0	0.00	0	0
PSI	0	HG03905	0	0	0	0.00	0	0
PSI	0	HG03917	0	0	0	0.00	0	0
PSI	0	HG03974	0	0	0	0.00	0	0
PSI	0	HG03866	0	0	0	0.00	0	0
PSI	0	HG03998	0	0	0	0.00	0	0
PSI	0	HG04225	0	0	0	0.00	0	0
PSI	0	HG04155	0	0	0	0.00	0	0
PSI	0	HG04100	0	0	0	0.00	0	0
PSI	0	HG04131	0	0	0	0.00	0	0
PSI	0	HG04061	0	0	0	0.00	0	0
PSI	0	HG04080	0	0	0	0.00	0	0
PSI	0	HG04198	0	0	0	0.00	0	0
PSI	0	HG04206	0	0	0	0.00	0	0
PSI	0	HG01589	0	0	0	0.00	0	0
PSI	0	HG01583	0	0	0	0.00	0	0
PSI	0	HG02493	0	0	0	0.00	0	0
PSI	0	HG02657	0	0	0	0.00	0	0
PSI	0	HG02727	0	0	0	0.00	0	0
PSI	0	HG02789	0	0	0	0.00	0	0
PSI	0	HG02690	0	0	0	0.00	0	0
PSI	0	HG03009	0	0	0	0.00	0	0
PSI	0	NA20897	0	0	0	0.00	0	0
PSI	0	NA20905	0	0	0	0.00	0	0
PSI	0	NA20861	0	0	0	0.00	0	0
PSI	0	NA20866	0	0	0	0.00	0	0
PSI	0	HG02651	0	0	0	0.00	0	0
PSI	0	NA21100	0	0	0	0.00	0	0
PSI	0	NA21105	0	0	0	0.00	0	0
PSI	0	HG02733	0	0	0	0.00	0	0
PSI	0	NA20885	0	0	0	0.00	0	0
PSI	0	NA21092	0	0	0	0.00	0	0
PSI	0	HG02699	0	0	0	0.00	0	0
PSI	0	HG02687	0	0	0	0.00	0	0
PSI	0	NA21112	0	0	0	0.00	0	0
PSI	0	HG03237	0	0	0	0.00	0	0
PSI	0	NA21117	0	0	0	0.00	0	0
PSI	0	NA21124	0	0	0	0.00	0	0
PSI	0	HG02783	0	0	0	0.00	0	0
PSI	0	NA21129	0	0	0	0.00	0	0
PSI	0	HG03015	0	0	0	0.00	0	0
PSI	0	HG03713	0	0	0	0.00	0	0
PSI	0	HG03624	0	0	0	0.00	0	0
PSI	0	HG03629	0	0	0	0.00	0	0
PSI	0	HG03744	0	0	0	0.00	0	0
PSI	0	HG03667	0	0	0	0.00	0	0
PSI	0	HG03679	0	0	0	0.00	0	0
PSI	0	HG03681	0	0	0	0.00	0	0
PSI	0	HG03636	0	0	0	0.00	0	0
PSI	0	HG03718	0	0	0	0.00	0	0
PSI	0	HG03720	0	0	0	0.00	0	0
PSI	0	HG03725	0	0	0	0.00	0	0
PSI	0	HG03585	0	0	0	0.00	0	0
PSI	0	HG03600	0	0	0	0.00	0	0
PSI	0	HG03686	0	0	0	0.00	0	0
PSI	0	HG03693	0	0	0	0.00	0	0
PSI	0	HG03833	0	0	0	0.00	0	0
PSI	0	HG03890	0	0	0	0.00	0	0
PSI	0	HG03908	0	0	0	0.00	0	0
PSI	0	HG03821	0	0	0	0.00	0	0
PSI	0	HG03775	0	0	0	0.00	0	0
PSI	0	HG03794	0	0	0	0.00	0	0
PSI	0	HG03869	0	0	0	0.00	0	0
PSI	0	HG03871	0	0	0	0.00	0	0
PSI	0	HG03864	0	0	0	0.00	0	0
PSI	0	HG04033	0	0	0	0.00	0	0
PSI	0	HG03490	0	0	0	0.00	0	0
PSI	0	HG04134	0	0	0	0.00	0	0
PSI	0	HG04146	0	0	0	0.00	0	0
PSI	0	HG03941	0	0	0	0.00	0	0
PSI	0	HG03697	0	0	0	0.00	0	0
PSI	0	HG03991	0	0	0	0.00	0	0
PSI	0	HG03705	0	0	0	0.00	0	0
PSI	0	HG04158	0	0	0	0.00	0	0
PSI	0	HG03680	0	0	0	0.00	0	0
PSI	0	HG03953	0	0	0	0.00	0	0
PSI	0	HG03960	0	0	0	0.00	0	0
PSI	0	HG03965	0	0	0	0.00	0	0
PSI	0	HG04127	0	0	0	0.00	0	0
PSI	0	HG04002	0	0	0	0.00	0	0
PSI	0	HG03685	0	0	0	0.00	0	0
PSI	0	HG04019	0	0	0	0.00	0	0
PSI	0	HG03844	0	0	0	0.00	0	0
PSI	0	HG03851	0	0	0	0.00	0	0
PSI	0	HG03856	0	0	0	0.00	0	0
PSI	0	HG03755	0	0	0	0.00	0	0
PSI	0	HG03767	0	0	0	0.00	0	0
PSI	0	HG03837	0	0	0	0.00	0	0
PSI	0	HG04235	0	0	0	0.00	0	0
PSI	0	HG03743	0	0	0	0.00	0	0
PSI	0	HG03750	0	0	0	0.00	0	0
PSI	0	HG03870	0	0	0	0.00	0	0
PSI	0	HG03875	0	0	0	0.00	0	0
PSI	0	HG03779	0	0	0	0.00	0	0
PSI	0	HG03786	0	0	0	0.00	0	0
PSI	0	HG03806	0	0	0	0.00	0	0
PSI	0	HG04211	0	0	0	0.00	0	0
PSI	0	HG03729	0	0	0	0.00	0	0
PSI	0	HG03887	0	0	0	0.00	0	0
PSI	0	HG03899	0	0	0	0.00	0	0
PSI	0	HG03902	0	0	0	0.00	0	0
PSI	0	HG04191	0	0	0	0.00	0	0
PSI	0	HG04006	0	0	0	0.00	0	0
PSI	0	HG04020	0	0	0	0.00	0	0
PSI	0	HG04056	0	0	0	0.00	0	0
PSI	0	HG04094	0	0	0	0.00	0	0
PSI	0	HG04107	0	0	0	0.00	0	0
PSI	0	HG03969	0	0	0	0.00	0	0
PSI	0	HG03971	0	0	0	0.00	0	0
PSI	0	HG03976	0	0	0	0.00	0	0
PSI	0	HG03990	0	0	0	0.00	0	0
PSI	0	HG03914	0	0	0	0.00	0	0
PSI	0	HG03926	0	0	0	0.00	0	0
PSI	0	HG04210	0	0	0	0.00	0	0
PSI	0	HG04164	0	0	0	0.00	0	0
PSI	0	HG04176	0	0	0	0.00	0	0
PSI	0	HG04222	0	0	0	0.00	0	0
PSI	0	HG04239	0	0	0	0.00	0	0
PSI	0	HG04140	0	0	0	0.00	0	0
PSI	0	HG04152	0	0	0	0.00	0	0
PSI	0	HG04188	0	0	0	0.00	0	0
PSI	0	NA20845	0	0	0	0.00	0	0
PSI	0	NA20852	0	0	0	0.00	0	0
PSI	0	NA21090	0	0	0	0.00	0	0
PSI	0	NA21095	0	0	0	0.00	0	0
PSI	0	NA20864	0	0	0	0.00	0	0
PSI	0	NA20895	0	0	0	0.00	0	0
PSI	0	NA20903	0	0	0	0.00	0	0
PSI	0	NA20890	0	0	0	0.00	0	0
PSI	0	NA21115	0	0	0	0.00	0	0
PSI	0	NA21127	0	0	0	0.00	0	0
PSI	0	NA20863	0	0	0	0.00	0	0
PSI	0	NA20870	0	0	0	0.00	0	0
PSI	0	NA21114	0	0	0	0.00	0	0
PSI	0	NA21119	0	0	0	0.00	0	0
PSI	0	NA21126	0	0	0	0.00	0	0
PSI	0	NA21099	0	0	0	0.00	0	0
PSI	0	NA21107	0	0	0	0.00	0	0
PSI	0	NA20887	0	0	0	0.00	0	0
PSI	0	NA21087	0	0	0	0.00	0	0
PSI	0	NA21094	0	0	0	0.00	0	0
PSI	0	NA21133	0	0	0	0.00	0	0
PSI	0	HG02603	0	0	0	0.00	0	0
PSI	0	HG02660	0	0	0	0.00	0	0
PSI	0	HG02696	0	0	0	0.00	0	0
PSI	0	HG02684	0	0	0	0.00	0	0
PSI	0	HG02780	0	0	0	0.00	0	0
PSI	0	HG02792	0	0	0	0.00	0	0
PSI	0	HG03012	0	0	0	0.00	0	0
PSI	0	HG03606	0	0	0	0.00	0	0
PSI	0	HG03618	0	0	0	0.00	0	0
PSI	0	HG03644	0	0	0	0.00	0	0
PSI	0	HG03649	0	0	0	0.00	0	0
PSI	0	HG03699	0	0	0	0.00	0	0
PSI	0	HG03702	0	0	0	0.00	0	0
PSI	0	HG03663	0	0	0	0.00	0	0
PSI	0	HG03682	0	0	0	0.00	0	0
PSI	0	HG03687	0	0	0	0.00	0	0
PSI	0	HG03694	0	0	0	0.00	0	0
PSI	0	HG03593	0	0	0	0.00	0	0
PSI	0	HG03788	0	0	0	0.00	0	0
PSI	0	HG03790	0	0	0	0.00	0	0
PSI	0	HG03803	0	0	0	0.00	0	0
PSI	0	HG03738	0	0	0	0.00	0	0
PSI	0	HG03740	0	0	0	0.00	0	0
PSI	0	HG03745	0	0	0	0.00	0	0
PSI	0	HG03771	0	0	0	0.00	0	0
PSI	0	HG03815	0	0	0	0.00	0	0
PSI	0	HG03846	0	0	0	0.00	0	0
PSI	0	HG03872	0	0	0	0.00	0	0
PSI	0	HG04003	0	0	0	0.00	0	0
PSI	0	HG04015	0	0	0	0.00	0	0
PSI	0	HG04022	0	0	0	0.00	0	0
PSI	0	HG03911	0	0	0	0.00	0	0
PSI	0	HG03978	0	0	0	0.00	0	0
PSI	0	HG03985	0	0	0	0.00	0	0
PSI	0	HG03896	0	0	0	0.00	0	0
PSI	0	HG04060	0	0	0	0.00	0	0
PSI	0	HG04096	0	0	0	0.00	0	0
PSI	0	HG04039	0	0	0	0.00	0	0
PSI	0	HG04229	0	0	0	0.00	0	0
PSI	0	HG04185	0	0	0	0.00	0	0
PSI	0	HG04161	0	0	0	0.00	0	0
PSI	0	HG04173	0	0	0	0.00	0	0
PSI	0	NA20884	0	0	0	0.00	0	0
PSI	0	NA20889	0	0	0	0.00	0	0
PSI	0	NA20891	0	0	0	0.00	0	0
PSI	0	NA20911	0	0	0	0.00	0	0
PSI	0	NA21091	0	0	0	0.00	0	0
PSI	0	NA20846	0	0	0	0.00	0	0
PSI	0	NA20858	0	0	0	0.00	0	0
PSI	0	NA21128	0	0	0	0.00	0	0
PSI	0	NA21130	0	0	0	0.00	0	0
PSI	0	NA21135	0	0	0	0.00	0	0
PSI	0	NA21104	0	0	0	0.00	0	0
PSI	0	NA21109	0	0	0	0.00	0	0
PSI	0	NA21111	0	0	0	0.00	0	0
PSI	0	NA20904	0	0	0	0.00	0	0
PSI	0	NA21116	0	0	0	0.00	0	0
PSI	0	NA21123	0	0	0	0.00	0	0
# HWE
# HWE	[2]id	[3]1st ALT allele frequency	[4]Number of observations	[5]25th percentile	[6]median	[7]75th percentile
