# This file was produced by bcftools stats (1.9+htslib-1.9) and can be plotted using plot-vcfstats.
# The command line was:	bcftools stats  -v --samples-file /cromwell_root/fc-47de7dae-e8e6-429c-b760-b4ba49136eee/resources/1kgp/EAS.txt /cromwell_root/fc-51aefb1c-4e8e-4dcb-a59c-62e318ea351a/9d6fbc53-8947-41e8-8b62-d7075d4d895a/subset_vcf_sample_list/bcfc6281-3389-492e-ab11-0c83910ec170/call-bgzip_bcftools_index/1kgp.chrY.recalibrated.snp_indel.pass.singleton.EAS_singleton.vcf.gz
#
# Definition of sets:
# ID	[2]id	[3]tab-separated file names
ID	0	/cromwell_root/fc-51aefb1c-4e8e-4dcb-a59c-62e318ea351a/9d6fbc53-8947-41e8-8b62-d7075d4d895a/subset_vcf_sample_list/bcfc6281-3389-492e-ab11-0c83910ec170/call-bgzip_bcftools_index/1kgp.chrY.recalibrated.snp_indel.pass.singleton.EAS_singleton.vcf.gz
# SN, Summary numbers:
#   number of records   .. number of data rows in the VCF
#   number of no-ALTs   .. reference-only sites, ALT is either "." or identical to REF
#   number of SNPs      .. number of rows with a SNP
#   number of MNPs      .. number of rows with a MNP, such as CC>TT
#   number of indels    .. number of rows with an indel
#   number of others    .. number of rows with other type, for example a symbolic allele or
#                          a complex substitution, such as ACT>TCGA
#   number of multiallelic sites     .. number of rows with multiple alternate alleles
#   number of multiallelic SNP sites .. number of rows with multiple alternate alleles, all SNPs
# 
#   Note that rows containing multiple types will be counted multiple times, in each
#   counter. For example, a row with a SNP and an indel increments both the SNP and
#   the indel counter.
# 
# SN	[2]id	[3]key	[4]value
SN	0	number of samples:	249
SN	0	number of records:	184255
SN	0	number of no-ALTs:	0
SN	0	number of SNPs:	173522
SN	0	number of MNPs:	0
SN	0	number of indels:	11276
SN	0	number of others:	728
SN	0	number of multiallelic sites:	9796
SN	0	number of multiallelic SNP sites:	7004
# TSTV, transitions/transversions:
# TSTV	[2]id	[3]ts	[4]tv	[5]ts/tv	[6]ts (1st ALT)	[7]tv (1st ALT)	[8]ts/tv (1st ALT)
TSTV	0	101204	74276	1.36	99021	71140	1.39
# SiS, Singleton stats:
# SiS	[2]id	[3]allele count	[4]number of SNPs	[5]number of transitions	[6]number of transversions	[7]number of indels	[8]repeat-consistent	[9]repeat-inconsistent	[10]not applicable
SiS	0	1	25396	14436	10960	2202	0	0	2202
# AF, Stats by non-reference allele frequency:
# AF	[2]id	[3]allele frequency	[4]number of SNPs	[5]number of transitions	[6]number of transversions	[7]number of indels	[8]repeat-consistent	[9]repeat-inconsistent	[10]not applicable
AF	0	0.000000	153722	89256	64466	11752	0	0	11752
AF	0	0.004016	3662	2157	1505	456	0	0	456
AF	0	0.008032	2926	1616	1310	366	0	0	366
AF	0	0.012048	1855	998	857	271	0	0	271
AF	0	0.016064	954	482	472	181	0	0	181
AF	0	0.020080	659	354	305	132	0	0	132
AF	0	0.024096	798	462	336	102	0	0	102
AF	0	0.028112	1034	581	453	130	0	0	130
AF	0	0.032129	696	416	280	122	0	0	122
AF	0	0.036145	237	110	127	57	0	0	57
AF	0	0.040161	244	137	107	60	0	0	60
AF	0	0.044177	416	240	176	60	0	0	60
AF	0	0.048193	152	65	87	37	0	0	37
AF	0	0.052209	122	55	67	43	0	0	43
AF	0	0.056225	157	79	78	35	0	0	35
AF	0	0.060241	95	42	53	30	0	0	30
AF	0	0.064257	366	201	165	49	0	0	49
AF	0	0.068273	340	207	133	43	0	0	43
AF	0	0.072289	172	106	66	42	0	0	42
AF	0	0.076305	810	497	313	102	0	0	102
AF	0	0.080321	152	71	81	42	0	0	42
AF	0	0.084337	476	274	202	69	0	0	69
AF	0	0.088353	85	41	44	36	0	0	36
AF	0	0.092369	56	23	33	30	0	0	30
AF	0	0.096386	54	24	30	25	0	0	25
AF	0	0.100402	118	59	59	22	0	0	22
AF	0	0.104418	44	20	24	34	0	0	34
AF	0	0.108434	49	19	30	21	0	0	21
AF	0	0.112450	40	13	27	30	0	0	30
AF	0	0.116466	127	75	52	31	0	0	31
AF	0	0.120482	102	60	42	26	0	0	26
AF	0	0.124498	289	174	115	40	0	0	40
AF	0	0.128514	152	88	64	33	0	0	33
AF	0	0.132530	70	41	29	18	0	0	18
AF	0	0.136546	30	9	21	18	0	0	18
AF	0	0.140562	58	33	25	12	0	0	12
AF	0	0.144578	28	10	18	17	0	0	17
AF	0	0.148594	24	13	11	11	0	0	11
AF	0	0.152610	25	11	14	16	0	0	16
AF	0	0.156627	22	6	16	15	0	0	15
AF	0	0.160643	26	13	13	12	0	0	12
AF	0	0.164659	24	11	13	11	0	0	11
AF	0	0.168675	50	26	24	12	0	0	12
AF	0	0.172691	20	7	13	13	0	0	13
AF	0	0.176707	178	106	72	19	0	0	19
AF	0	0.180723	31	16	15	13	0	0	13
AF	0	0.184739	28	9	19	11	0	0	11
AF	0	0.188755	25	11	14	13	0	0	13
AF	0	0.192771	17	9	8	7	0	0	7
AF	0	0.196787	22	10	12	10	0	0	10
AF	0	0.200803	19	11	8	15	0	0	15
AF	0	0.204819	101	52	49	14	0	0	14
AF	0	0.208835	55	30	25	14	0	0	14
AF	0	0.212851	26	11	15	9	0	0	9
AF	0	0.216867	25	14	11	3	0	0	3
AF	0	0.220884	74	45	29	14	0	0	14
AF	0	0.224900	18	8	10	13	0	0	13
AF	0	0.228916	18	6	12	3	0	0	3
AF	0	0.232932	18	11	7	6	0	0	6
AF	0	0.236948	19	7	12	9	0	0	9
AF	0	0.240964	8	3	5	5	0	0	5
AF	0	0.244980	12	6	6	9	0	0	9
AF	0	0.248996	19	11	8	7	0	0	7
AF	0	0.253012	15	6	9	7	0	0	7
AF	0	0.257028	15	8	7	6	0	0	6
AF	0	0.261044	16	6	10	7	0	0	7
AF	0	0.265060	19	10	9	6	0	0	6
AF	0	0.269076	15	8	7	5	0	0	5
AF	0	0.273092	17	5	12	3	0	0	3
AF	0	0.277108	8	4	4	6	0	0	6
AF	0	0.281124	25	9	16	9	0	0	9
AF	0	0.285141	10	9	1	9	0	0	9
AF	0	0.289157	17	8	9	13	0	0	13
AF	0	0.293173	38	23	15	10	0	0	10
AF	0	0.297189	8	3	5	4	0	0	4
AF	0	0.301205	21	9	12	6	0	0	6
AF	0	0.305221	19	7	12	4	0	0	4
AF	0	0.309237	20	7	13	1	0	0	1
AF	0	0.313253	8	4	4	4	0	0	4
AF	0	0.317269	10	5	5	4	0	0	4
AF	0	0.321285	13	3	10	4	0	0	4
AF	0	0.325301	10	3	7	5	0	0	5
AF	0	0.329317	16	8	8	4	0	0	4
AF	0	0.333333	12	6	6	3	0	0	3
AF	0	0.337349	6	1	5	1	0	0	1
AF	0	0.341365	21	7	14	4	0	0	4
AF	0	0.345382	8	5	3	2	0	0	2
AF	0	0.349398	11	5	6	2	0	0	2
AF	0	0.353414	13	9	4	4	0	0	4
AF	0	0.357430	12	5	7	1	0	0	1
AF	0	0.361446	15	6	9	1	0	0	1
AF	0	0.365462	23	12	11	4	0	0	4
AF	0	0.369478	10	4	6	2	0	0	2
AF	0	0.373494	20	10	10	0	0	0	0
AF	0	0.377510	12	2	10	2	0	0	2
AF	0	0.381526	14	8	6	0	0	0	0
AF	0	0.385542	12	8	4	3	0	0	3
AF	0	0.389558	8	3	5	2	0	0	2
AF	0	0.393574	20	6	14	0	0	0	0
AF	0	0.397590	29	15	14	2	0	0	2
AF	0	0.401606	11	4	7	6	0	0	6
AF	0	0.405622	6	3	3	3	0	0	3
AF	0	0.409639	12	10	2	2	0	0	2
AF	0	0.413655	9	2	7	1	0	0	1
AF	0	0.417671	10	7	3	1	0	0	1
AF	0	0.421687	13	6	7	1	0	0	1
AF	0	0.425703	11	5	6	3	0	0	3
AF	0	0.429719	13	8	5	1	0	0	1
AF	0	0.433735	77	48	29	3	0	0	3
AF	0	0.437751	19	12	7	0	0	0	0
AF	0	0.441767	56	38	18	6	0	0	6
AF	0	0.445783	17	8	9	3	0	0	3
AF	0	0.449799	20	9	11	2	0	0	2
AF	0	0.453815	5	3	2	0	0	0	0
AF	0	0.457831	12	5	7	1	0	0	1
AF	0	0.461847	9	3	6	3	0	0	3
AF	0	0.465863	6	1	5	1	0	0	1
AF	0	0.469880	12	4	8	2	0	0	2
AF	0	0.473896	15	7	8	2	0	0	2
AF	0	0.477912	19	8	11	1	0	0	1
AF	0	0.481928	19	12	7	2	0	0	2
AF	0	0.485944	15	5	10	1	0	0	1
AF	0	0.489960	16	9	7	0	0	0	0
AF	0	0.493976	10	6	4	4	0	0	4
AF	0	0.497992	21	9	12	2	0	0	2
AF	0	0.502008	11	9	2	2	0	0	2
AF	0	0.506024	21	14	7	3	0	0	3
AF	0	0.510040	25	15	10	1	0	0	1
AF	0	0.514056	14	12	2	1	0	0	1
AF	0	0.518072	10	5	5	4	0	0	4
AF	0	0.522088	15	8	7	1	0	0	1
AF	0	0.526104	11	7	4	2	0	0	2
AF	0	0.530120	6	5	1	4	0	0	4
AF	0	0.534137	16	9	7	1	0	0	1
AF	0	0.538153	10	5	5	1	0	0	1
AF	0	0.542169	7	3	4	3	0	0	3
AF	0	0.546185	7	5	2	1	0	0	1
AF	0	0.550201	9	4	5	4	0	0	4
AF	0	0.554217	9	4	5	3	0	0	3
AF	0	0.558233	6	3	3	2	0	0	2
AF	0	0.562249	7	2	5	1	0	0	1
AF	0	0.566265	6	4	2	3	0	0	3
AF	0	0.570281	7	3	4	3	0	0	3
AF	0	0.574297	5	2	3	1	0	0	1
AF	0	0.578313	4	0	4	2	0	0	2
AF	0	0.582329	1	0	1	2	0	0	2
AF	0	0.586345	5	3	2	1	0	0	1
AF	0	0.590361	7	3	4	1	0	0	1
AF	0	0.594378	9	6	3	1	0	0	1
AF	0	0.598394	4	2	2	0	0	0	0
AF	0	0.602410	3	0	3	1	0	0	1
AF	0	0.606426	6	1	5	0	0	0	0
AF	0	0.610442	8	4	4	1	0	0	1
AF	0	0.614458	6	2	4	0	0	0	0
AF	0	0.618474	8	1	7	2	0	0	2
AF	0	0.622490	10	4	6	1	0	0	1
AF	0	0.626506	7	1	6	0	0	0	0
AF	0	0.630522	4	3	1	0	0	0	0
AF	0	0.634538	0	0	0	1	0	0	1
AF	0	0.638554	4	1	3	1	0	0	1
AF	0	0.642570	5	2	3	1	0	0	1
AF	0	0.646586	7	3	4	0	0	0	0
AF	0	0.650602	2	1	1	4	0	0	4
AF	0	0.654618	1	1	0	2	0	0	2
AF	0	0.658635	7	3	4	2	0	0	2
AF	0	0.662651	19	9	10	2	0	0	2
AF	0	0.666667	5	1	4	2	0	0	2
AF	0	0.670683	3	0	3	0	0	0	0
AF	0	0.674699	4	2	2	2	0	0	2
AF	0	0.678715	2	2	0	3	0	0	3
AF	0	0.682731	8	3	5	2	0	0	2
AF	0	0.686747	4	1	3	1	0	0	1
AF	0	0.690763	2	0	2	1	0	0	1
AF	0	0.694779	9	4	5	0	0	0	0
AF	0	0.698795	6	1	5	0	0	0	0
AF	0	0.702811	7	5	2	1	0	0	1
AF	0	0.706827	4	2	2	1	0	0	1
AF	0	0.710843	9	6	3	2	0	0	2
AF	0	0.714859	9	5	4	2	0	0	2
AF	0	0.718876	8	3	5	0	0	0	0
AF	0	0.722892	10	5	5	0	0	0	0
AF	0	0.726908	3	0	3	2	0	0	2
AF	0	0.730924	15	5	10	0	0	0	0
AF	0	0.734940	2	1	1	0	0	0	0
AF	0	0.738956	6	1	5	1	0	0	1
AF	0	0.742972	4	1	3	4	0	0	4
AF	0	0.746988	10	2	8	1	0	0	1
AF	0	0.751004	3	0	3	0	0	0	0
AF	0	0.755020	4	3	1	2	0	0	2
AF	0	0.759036	3	0	3	1	0	0	1
AF	0	0.763052	4	3	1	0	0	0	0
AF	0	0.767068	7	2	5	1	0	0	1
AF	0	0.771084	8	3	5	5	0	0	5
AF	0	0.775100	5	2	3	1	0	0	1
AF	0	0.779116	4	0	4	1	0	0	1
AF	0	0.783133	4	4	0	3	0	0	3
AF	0	0.787149	2	0	2	0	0	0	0
AF	0	0.791165	3	2	1	0	0	0	0
AF	0	0.795181	7	6	1	3	0	0	3
AF	0	0.799197	7	3	4	2	0	0	2
AF	0	0.803213	7	2	5	3	0	0	3
AF	0	0.807229	13	6	7	1	0	0	1
AF	0	0.811245	105	69	36	8	0	0	8
AF	0	0.815261	4	1	3	3	0	0	3
AF	0	0.819277	7	3	4	1	0	0	1
AF	0	0.823293	5	2	3	1	0	0	1
AF	0	0.827309	5	5	0	2	0	0	2
AF	0	0.831325	6	1	5	1	0	0	1
AF	0	0.835341	6	3	3	1	0	0	1
AF	0	0.839357	6	2	4	1	0	0	1
AF	0	0.843373	90	64	26	3	0	0	3
AF	0	0.847390	10	6	4	0	0	0	0
AF	0	0.851406	3	1	2	1	0	0	1
AF	0	0.855422	8	5	3	1	0	0	1
AF	0	0.859438	9	3	6	4	0	0	4
AF	0	0.863454	6	2	4	0	0	0	0
AF	0	0.867470	5	3	2	1	0	0	1
AF	0	0.871486	6	2	4	1	0	0	1
AF	0	0.875502	7	1	6	1	0	0	1
AF	0	0.879518	2	1	1	0	0	0	0
AF	0	0.883534	9	6	3	1	0	0	1
AF	0	0.887550	5	2	3	4	0	0	4
AF	0	0.891566	10	6	4	1	0	0	1
AF	0	0.895582	13	8	5	1	0	0	1
AF	0	0.899598	9	2	7	2	0	0	2
AF	0	0.903614	8	2	6	0	0	0	0
AF	0	0.907631	11	5	6	1	0	0	1
AF	0	0.911647	5	1	4	1	0	0	1
AF	0	0.915663	12	4	8	0	0	0	0
AF	0	0.919679	6	4	2	2	0	0	2
AF	0	0.923695	9	4	5	4	0	0	4
AF	0	0.927711	7	4	3	2	0	0	2
AF	0	0.931727	12	3	9	1	0	0	1
AF	0	0.935743	8	3	5	1	0	0	1
AF	0	0.939759	11	5	6	1	0	0	1
AF	0	0.943775	10	4	6	2	0	0	2
AF	0	0.947791	14	7	7	1	0	0	1
AF	0	0.951807	6	2	4	3	0	0	3
AF	0	0.955823	12	5	7	0	0	0	0
AF	0	0.959839	11	2	9	2	0	0	2
AF	0	0.963855	17	6	11	4	0	0	4
AF	0	0.967871	21	6	15	4	0	0	4
AF	0	0.971888	19	6	13	5	0	0	5
AF	0	0.975904	36	17	19	11	0	0	11
AF	0	0.979920	244	147	97	12	0	0	12
AF	0	0.983936	35	12	23	6	0	0	6
AF	0	0.987952	74	33	41	6	0	0	6
AF	0	0.991968	390	236	154	18	0	0	18
AF	0	0.995984	376	186	190	46	0	0	46
# QUAL, Stats by quality:
# QUAL	[2]id	[3]Quality	[4]number of SNPs	[5]number of transitions (1st ALT)	[6]number of transversions (1st ALT)	[7]number of indels
QUAL	0	30	134	72	62	0
QUAL	0	31	225	122	103	0
QUAL	0	32	312	162	150	0
QUAL	0	33	185	97	88	0
QUAL	0	34	186	103	83	0
QUAL	0	35	203	95	108	1
QUAL	0	36	143	64	79	0
QUAL	0	37	310	159	151	0
QUAL	0	38	411	210	201	0
QUAL	0	39	160	88	72	0
QUAL	0	40	158	79	79	0
QUAL	0	41	163	80	83	2
QUAL	0	42	133	63	70	0
QUAL	0	43	103	45	58	0
QUAL	0	44	127	55	72	3
QUAL	0	45	90	38	52	1
QUAL	0	46	103	53	50	0
QUAL	0	47	124	63	61	1
QUAL	0	48	98	49	49	0
QUAL	0	49	94	49	45	1
QUAL	0	50	89	42	47	1
QUAL	0	51	89	48	41	2
QUAL	0	52	96	49	47	1
QUAL	0	53	83	40	43	1
QUAL	0	54	106	52	54	3
QUAL	0	55	83	42	41	2
QUAL	0	56	97	52	45	0
QUAL	0	57	273	147	126	12
QUAL	0	58	674	310	364	18
QUAL	0	59	223	97	126	5
QUAL	0	60	257	105	152	6
QUAL	0	61	146	67	79	4
QUAL	0	62	183	82	101	1
QUAL	0	63	210	110	100	1
QUAL	0	64	164	85	79	2
QUAL	0	65	128	67	61	1
QUAL	0	66	113	59	53	1
QUAL	0	67	115	49	66	1
QUAL	0	68	104	49	55	1
QUAL	0	69	118	57	61	0
QUAL	0	70	128	56	72	2
QUAL	0	71	270	128	142	1
QUAL	0	72	332	153	179	1
QUAL	0	73	142	91	51	1
QUAL	0	74	104	51	53	1
QUAL	0	75	108	48	60	3
QUAL	0	76	105	56	49	1
QUAL	0	77	136	59	77	0
QUAL	0	78	80	38	42	2
QUAL	0	79	81	37	44	0
QUAL	0	80	83	33	48	2
QUAL	0	81	112	54	57	1
QUAL	0	82	112	52	59	0
QUAL	0	83	74	38	34	1
QUAL	0	84	75	38	37	0
QUAL	0	85	59	29	30	0
QUAL	0	86	87	42	44	0
QUAL	0	87	89	42	46	1
QUAL	0	88	83	44	39	2
QUAL	0	89	82	44	38	3
QUAL	0	90	70	37	33	0
QUAL	0	91	78	38	37	0
QUAL	0	92	81	43	37	0
QUAL	0	93	106	48	58	0
QUAL	0	94	87	47	39	1
QUAL	0	95	167	91	74	1
QUAL	0	96	95	54	40	1
QUAL	0	97	108	54	50	0
QUAL	0	98	95	34	60	0
QUAL	0	99	78	40	36	1
QUAL	0	100	62	25	37	1
QUAL	0	101	75	34	39	0
QUAL	0	102	160	83	77	6
QUAL	0	103	309	134	175	3
QUAL	0	104	100	45	53	1
QUAL	0	105	107	42	60	1
QUAL	0	106	222	122	98	2
QUAL	0	107	286	149	136	2
QUAL	0	108	103	51	50	1
QUAL	0	109	84	40	43	0
QUAL	0	110	57	28	28	0
QUAL	0	111	62	26	32	1
QUAL	0	112	61	31	28	0
QUAL	0	113	67	30	37	2
QUAL	0	114	53	22	30	1
QUAL	0	115	60	31	28	0
QUAL	0	116	87	45	37	2
QUAL	0	117	88	47	41	1
QUAL	0	118	64	33	30	0
QUAL	0	119	54	24	29	4
QUAL	0	120	73	36	27	1
QUAL	0	121	98	52	41	1
QUAL	0	122	146	59	85	4
QUAL	0	123	82	36	42	4
QUAL	0	124	55	27	27	2
QUAL	0	125	66	38	26	1
QUAL	0	126	78	40	37	3
QUAL	0	127	139	70	67	3
QUAL	0	128	76	35	39	0
QUAL	0	129	58	31	27	1
QUAL	0	130	68	44	22	3
QUAL	0	131	89	42	47	1
QUAL	0	132	93	55	37	0
QUAL	0	133	67	33	33	1
QUAL	0	134	68	31	34	0
QUAL	0	135	54	28	26	2
QUAL	0	136	61	33	26	1
QUAL	0	137	59	31	26	2
QUAL	0	138	59	26	32	1
QUAL	0	139	65	30	33	2
QUAL	0	140	68	26	42	0
QUAL	0	141	236	114	119	1
QUAL	0	142	251	134	116	2
QUAL	0	143	76	35	38	0
QUAL	0	144	88	40	47	2
QUAL	0	145	67	37	29	2
QUAL	0	146	52	19	32	4
QUAL	0	147	133	59	72	5
QUAL	0	148	148	61	87	4
QUAL	0	149	69	25	43	1
QUAL	0	150	92	39	48	5
QUAL	0	151	75	39	36	1
QUAL	0	152	55	29	26	3
QUAL	0	153	57	22	32	0
QUAL	0	154	44	24	18	2
QUAL	0	155	38	15	22	3
QUAL	0	156	62	37	24	0
QUAL	0	157	61	27	31	2
QUAL	0	158	56	27	28	2
QUAL	0	159	67	37	30	0
QUAL	0	160	40	21	19	1
QUAL	0	161	62	29	32	6
QUAL	0	162	59	29	29	1
QUAL	0	163	44	18	22	3
QUAL	0	164	60	36	23	1
QUAL	0	165	56	33	22	2
QUAL	0	166	110	57	51	1
QUAL	0	167	122	66	56	2
QUAL	0	168	56	29	27	1
QUAL	0	169	66	31	33	1
QUAL	0	170	70	35	33	4
QUAL	0	171	41	16	23	1
QUAL	0	172	50	21	29	0
QUAL	0	173	58	27	30	2
QUAL	0	174	70	33	37	1
QUAL	0	175	95	46	47	2
QUAL	0	176	289	164	123	1
QUAL	0	177	286	180	102	0
QUAL	0	178	54	28	22	2
QUAL	0	179	54	30	24	1
QUAL	0	180	43	21	22	2
QUAL	0	181	63	33	26	2
QUAL	0	182	51	29	21	1
QUAL	0	183	60	30	26	0
QUAL	0	184	57	30	26	1
QUAL	0	185	83	46	35	3
QUAL	0	186	95	50	41	2
QUAL	0	187	53	29	22	1
QUAL	0	188	61	28	32	1
QUAL	0	189	57	29	24	2
QUAL	0	190	80	43	36	2
QUAL	0	191	60	29	28	2
QUAL	0	192	70	40	30	11
QUAL	0	193	125	60	63	6
QUAL	0	194	47	18	27	2
QUAL	0	195	64	32	31	3
QUAL	0	196	65	34	30	3
QUAL	0	197	51	26	23	2
QUAL	0	198	56	32	23	1
QUAL	0	199	39	25	13	5
QUAL	0	200	72	43	27	2
QUAL	0	201	100	53	47	1
QUAL	0	202	57	27	28	2
QUAL	0	203	39	19	19	0
QUAL	0	204	62	34	27	0
QUAL	0	205	40	19	21	0
QUAL	0	206	48	27	17	1
QUAL	0	207	63	35	25	0
QUAL	0	208	67	36	30	0
QUAL	0	209	46	20	23	0
QUAL	0	210	352	195	155	2
QUAL	0	211	406	229	176	6
QUAL	0	212	59	28	27	4
QUAL	0	213	52	21	30	0
QUAL	0	214	43	25	16	2
QUAL	0	215	40	17	22	3
QUAL	0	216	61	20	37	4
QUAL	0	217	51	27	22	2
QUAL	0	218	37	15	21	1
QUAL	0	219	44	16	25	1
QUAL	0	220	107	65	41	2
QUAL	0	221	111	71	39	3
QUAL	0	222	60	34	25	2
QUAL	0	223	45	21	23	4
QUAL	0	224	36	16	16	10
QUAL	0	225	71	34	35	3
QUAL	0	226	59	26	30	3
QUAL	0	227	53	33	18	4
QUAL	0	228	58	33	23	6
QUAL	0	229	45	26	19	9
QUAL	0	230	61	34	22	4
QUAL	0	231	46	20	25	0
QUAL	0	232	38	22	14	2
QUAL	0	233	60	31	26	1
QUAL	0	234	51	26	25	0
QUAL	0	235	91	47	43	4
QUAL	0	236	111	59	52	3
QUAL	0	237	83	45	36	7
QUAL	0	238	97	40	56	10
QUAL	0	239	65	27	36	1
QUAL	0	240	61	30	31	1
QUAL	0	241	49	24	24	4
QUAL	0	242	85	50	35	2
QUAL	0	243	55	29	26	3
QUAL	0	244	79	40	37	0
QUAL	0	245	492	283	205	2
QUAL	0	246	497	305	191	2
QUAL	0	247	37	16	19	7
QUAL	0	248	56	25	31	2
QUAL	0	249	31	14	14	2
QUAL	0	250	31	15	12	5
QUAL	0	251	50	27	21	2
QUAL	0	252	38	21	16	4
QUAL	0	253	35	17	18	8
QUAL	0	254	69	35	34	6
QUAL	0	255	127	82	45	1
QUAL	0	256	122	62	55	2
QUAL	0	257	45	18	27	5
QUAL	0	258	35	17	18	2
QUAL	0	259	41	22	19	1
QUAL	0	260	81	49	30	2
QUAL	0	261	73	37	34	0
QUAL	0	262	42	20	22	4
QUAL	0	263	43	26	15	3
QUAL	0	264	47	32	15	0
QUAL	0	265	68	34	33	0
QUAL	0	266	47	25	22	1
QUAL	0	267	38	15	22	2
QUAL	0	268	49	27	20	3
QUAL	0	269	55	33	19	3
QUAL	0	270	106	57	46	3
QUAL	0	271	135	81	52	2
QUAL	0	272	44	15	28	7
QUAL	0	273	30	13	15	2
QUAL	0	274	75	43	31	0
QUAL	0	275	62	32	28	3
QUAL	0	276	50	24	25	2
QUAL	0	277	97	57	40	14
QUAL	0	278	111	66	44	10
QUAL	0	279	144	91	53	4
QUAL	0	280	733	431	301	3
QUAL	0	281	669	398	269	6
QUAL	0	282	49	29	20	20
QUAL	0	283	73	34	37	9
QUAL	0	284	36	19	15	2
QUAL	0	285	34	18	15	3
QUAL	0	286	68	31	37	4
QUAL	0	287	42	19	23	5
QUAL	0	288	42	25	17	6
QUAL	0	289	159	100	59	3
QUAL	0	290	170	85	84	2
QUAL	0	291	32	11	20	1
QUAL	0	292	54	24	29	3
QUAL	0	293	37	18	18	3
QUAL	0	294	49	30	18	4
QUAL	0	295	80	38	41	1
QUAL	0	296	78	45	33	2
QUAL	0	297	36	15	19	5
QUAL	0	298	35	16	18	0
QUAL	0	299	53	32	21	1
QUAL	0	300	67	23	42	2
QUAL	0	301	50	25	21	5
QUAL	0	302	47	31	15	6
QUAL	0	303	51	30	21	8
QUAL	0	304	68	44	23	3
QUAL	0	305	159	100	59	2
QUAL	0	306	139	75	64	6
QUAL	0	307	37	19	18	2
QUAL	0	308	41	24	15	2
QUAL	0	309	85	46	37	12
QUAL	0	310	35	18	16	11
QUAL	0	311	53	18	33	4
QUAL	0	312	124	76	45	7
QUAL	0	313	100	50	50	4
QUAL	0	314	200	112	85	7
QUAL	0	315	888	529	358	4
QUAL	0	316	787	466	320	12
QUAL	0	317	42	15	23	13
QUAL	0	318	51	25	26	2
QUAL	0	319	49	26	21	1
QUAL	0	320	44	24	19	3
QUAL	0	321	39	23	16	6
QUAL	0	322	30	14	14	3
QUAL	0	323	54	28	24	2
QUAL	0	324	214	118	95	4
QUAL	0	325	201	104	96	1
QUAL	0	326	60	26	32	5
QUAL	0	327	47	21	25	27
QUAL	0	328	70	31	37	8
QUAL	0	329	125	62	61	3
QUAL	0	330	123	81	42	1
QUAL	0	331	59	28	29	6
QUAL	0	332	37	16	21	12
QUAL	0	333	48	21	27	11
QUAL	0	334	78	47	29	2
QUAL	0	335	63	40	23	2
QUAL	0	336	40	18	18	1
QUAL	0	337	65	36	24	4
QUAL	0	338	59	31	27	8
QUAL	0	339	172	101	70	9
QUAL	0	340	214	121	91	6
QUAL	0	341	37	20	16	10
QUAL	0	342	39	16	22	9
QUAL	0	343	75	38	33	6
QUAL	0	344	57	30	23	5
QUAL	0	345	57	35	20	3
QUAL	0	346	117	71	43	4
QUAL	0	347	81	38	39	1
QUAL	0	348	166	94	70	1
QUAL	0	349	1144	687	457	3
QUAL	0	350	1076	643	431	1
QUAL	0	351	42	20	19	5
QUAL	0	352	48	26	21	1
QUAL	0	353	44	25	18	2
QUAL	0	354	40	23	17	3
QUAL	0	355	70	34	34	1
QUAL	0	356	49	25	21	4
QUAL	0	357	48	25	23	4
QUAL	0	358	69	38	29	7
QUAL	0	359	245	136	107	10
QUAL	0	360	198	122	71	9
QUAL	0	361	44	25	17	17
QUAL	0	362	43	26	15	14
QUAL	0	363	61	35	25	13
QUAL	0	364	144	76	66	6
QUAL	0	365	130	67	61	3
QUAL	0	366	49	31	17	3
QUAL	0	367	35	18	15	10
QUAL	0	368	71	41	28	3
QUAL	0	369	76	32	43	3
QUAL	0	370	49	28	18	8
QUAL	0	371	43	12	27	15
QUAL	0	372	108	52	53	71
QUAL	0	373	84	40	43	14
QUAL	0	374	227	151	76	7
QUAL	0	375	249	138	108	3
QUAL	0	376	40	18	21	2
QUAL	0	377	37	18	17	0
QUAL	0	378	96	47	47	3
QUAL	0	379	67	26	40	4
QUAL	0	380	45	24	18	4
QUAL	0	381	112	64	45	8
QUAL	0	382	111	59	51	3
QUAL	0	383	214	120	93	2
QUAL	0	384	1307	767	540	4
QUAL	0	385	1228	764	463	4
QUAL	0	386	27	14	12	3
QUAL	0	387	44	22	21	6
QUAL	0	388	37	22	13	1
QUAL	0	389	47	25	22	9
QUAL	0	390	58	29	28	3
QUAL	0	391	50	30	20	7
QUAL	0	392	43	25	18	9
QUAL	0	393	88	53	34	4
QUAL	0	394	283	170	113	7
QUAL	0	395	238	154	83	12
QUAL	0	396	34	20	14	10
QUAL	0	397	47	20	25	2
QUAL	0	398	62	31	28	0
QUAL	0	399	197	118	76	3
QUAL	0	400	170	101	68	5
QUAL	0	401	42	22	16	6
QUAL	0	402	42	20	22	16
QUAL	0	403	71	40	30	13
QUAL	0	404	80	55	23	5
QUAL	0	405	39	24	15	8
QUAL	0	406	48	21	27	7
QUAL	0	407	78	42	34	5
QUAL	0	408	110	64	42	2
QUAL	0	409	272	176	96	2
QUAL	0	410	256	141	114	1
QUAL	0	411	34	16	18	5
QUAL	0	412	34	16	16	15
QUAL	0	413	96	57	36	6
QUAL	0	414	70	43	26	1
QUAL	0	415	84	42	40	9
QUAL	0	416	128	69	59	8
QUAL	0	417	180	105	74	58
QUAL	0	418	331	196	134	9
QUAL	0	419	1478	892	586	3
QUAL	0	420	1243	789	453	7
QUAL	0	421	30	18	12	4
QUAL	0	422	55	34	20	6
QUAL	0	423	58	27	28	7
QUAL	0	424	55	35	19	16
QUAL	0	425	72	40	32	10
QUAL	0	426	53	27	24	5
QUAL	0	427	66	37	29	3
QUAL	0	428	310	194	114	1
QUAL	0	429	244	143	101	1
QUAL	0	430	31	19	8	3
QUAL	0	431	34	15	18	11
QUAL	0	432	50	27	22	13
QUAL	0	433	84	49	33	6
QUAL	0	434	192	121	70	3
QUAL	0	435	173	94	78	4
QUAL	0	436	43	22	17	1
QUAL	0	437	55	31	22	5
QUAL	0	438	72	37	34	3
QUAL	0	439	78	44	33	4
QUAL	0	440	33	18	15	7
QUAL	0	441	36	25	11	4
QUAL	0	442	66	39	26	8
QUAL	0	443	135	69	62	5
QUAL	0	444	264	156	108	9
QUAL	0	445	236	136	99	6
QUAL	0	446	35	15	19	3
QUAL	0	447	48	24	22	3
QUAL	0	448	94	58	34	12
QUAL	0	449	54	33	20	10
QUAL	0	450	54	26	28	9
QUAL	0	451	160	93	67	10
QUAL	0	452	185	97	86	25
QUAL	0	453	401	236	164	12
QUAL	0	454	1469	925	544	9
QUAL	0	455	1279	778	500	8
QUAL	0	456	27	11	15	4
QUAL	0	457	55	29	26	4
QUAL	0	458	61	32	27	4
QUAL	0	459	53	37	16	8
QUAL	0	460	58	29	27	3
QUAL	0	461	61	29	32	6
QUAL	0	462	118	67	48	53
QUAL	0	463	375	216	159	9
QUAL	0	464	280	170	110	7
QUAL	0	465	34	19	15	3
QUAL	0	466	32	14	16	9
QUAL	0	467	55	24	30	8
QUAL	0	468	216	138	76	3
QUAL	0	469	220	122	97	2
QUAL	0	470	49	28	19	3
QUAL	0	471	41	27	13	4
QUAL	0	472	41	23	16	4
QUAL	0	473	89	51	36	1
QUAL	0	474	68	37	31	9
QUAL	0	475	34	21	12	2
QUAL	0	476	59	36	22	6
QUAL	0	477	70	40	29	11
QUAL	0	478	331	202	128	6
QUAL	0	479	328	210	116	2
QUAL	0	480	40	16	23	5
QUAL	0	481	33	24	8	5
QUAL	0	482	110	52	56	2
QUAL	0	483	77	46	29	4
QUAL	0	484	41	22	19	11
QUAL	0	485	131	72	58	7
QUAL	0	486	109	55	50	8
QUAL	0	487	245	144	100	10
QUAL	0	488	1054	631	423	2
QUAL	0	489	1338	816	521	6
QUAL	0	490	540	342	197	13
QUAL	0	491	26	13	9	13
QUAL	0	492	40	18	20	15
QUAL	0	493	56	43	13	21
QUAL	0	494	77	49	27	5
QUAL	0	495	49	31	18	9
QUAL	0	496	71	36	33	14
QUAL	0	497	105	58	47	11
QUAL	0	498	288	177	111	3
QUAL	0	499	246	144	102	8
QUAL	0	500	46	27	19	2
QUAL	0	501	45	24	20	7
QUAL	0	502	61	32	27	12
QUAL	0	503	224	133	90	7
QUAL	0	504	202	115	87	5
QUAL	0	505	49	26	22	1
QUAL	0	506	38	20	17	7
QUAL	0	507	109	54	53	73
QUAL	0	508	119	66	51	12
QUAL	0	509	67	39	26	3
QUAL	0	510	37	17	19	3
QUAL	0	511	53	33	18	6
QUAL	0	512	66	38	27	1
QUAL	0	513	303	178	125	3
QUAL	0	514	290	179	109	6
QUAL	0	515	37	19	17	5
QUAL	0	516	36	16	20	5
QUAL	0	517	79	46	29	5
QUAL	0	518	78	36	41	5
QUAL	0	519	55	26	28	6
QUAL	0	520	105	62	43	10
QUAL	0	521	118	71	47	4
QUAL	0	522	227	121	104	3
QUAL	0	523	1373	843	530	1
QUAL	0	524	1253	760	492	5
QUAL	0	525	21	13	8	3
QUAL	0	526	48	30	17	9
QUAL	0	527	66	32	34	14
QUAL	0	528	72	44	26	4
QUAL	0	529	58	32	25	11
QUAL	0	530	39	18	20	4
QUAL	0	531	71	37	34	4
QUAL	0	532	140	79	60	8
QUAL	0	533	279	163	114	4
QUAL	0	534	198	135	63	12
QUAL	0	535	30	19	11	11
QUAL	0	536	39	21	18	7
QUAL	0	537	71	41	28	7
QUAL	0	538	216	136	79	13
QUAL	0	539	204	120	84	10
QUAL	0	540	32	19	13	11
QUAL	0	541	40	23	14	7
QUAL	0	542	78	44	34	5
QUAL	0	543	83	46	35	3
QUAL	0	544	25	10	14	2
QUAL	0	545	39	17	19	3
QUAL	0	546	63	37	25	8
QUAL	0	547	124	69	55	4
QUAL	0	548	266	161	105	4
QUAL	0	549	202	121	81	1
QUAL	0	550	41	18	22	4
QUAL	0	551	44	22	22	5
QUAL	0	552	112	61	49	66
QUAL	0	553	106	54	51	13
QUAL	0	554	74	40	32	4
QUAL	0	555	102	66	34	6
QUAL	0	556	121	70	49	0
QUAL	0	557	264	160	104	8
QUAL	0	558	1212	756	455	9
QUAL	0	559	1065	661	403	7
QUAL	0	560	23	17	6	6
QUAL	0	561	39	16	19	1
QUAL	0	562	53	28	24	7
QUAL	0	563	65	39	25	2
QUAL	0	564	52	24	26	3
QUAL	0	565	42	18	23	4
QUAL	0	566	83	50	32	13
QUAL	0	567	177	104	72	13
QUAL	0	568	241	164	77	3
QUAL	0	569	176	120	56	5
QUAL	0	570	43	28	15	8
QUAL	0	571	53	28	23	6
QUAL	0	572	103	61	42	5
QUAL	0	573	253	147	106	8
QUAL	0	574	177	112	63	18
QUAL	0	575	34	16	18	5
QUAL	0	576	53	33	20	10
QUAL	0	577	75	48	26	12
QUAL	0	578	66	37	27	3
QUAL	0	579	29	12	16	4
QUAL	0	580	45	22	20	3
QUAL	0	581	62	38	22	1
QUAL	0	582	101	64	37	4
QUAL	0	583	224	133	91	1
QUAL	0	584	179	100	79	0
QUAL	0	585	27	11	16	5
QUAL	0	586	39	22	17	11
QUAL	0	587	91	54	37	10
QUAL	0	588	65	44	20	4
QUAL	0	589	51	22	28	7
QUAL	0	590	99	59	40	10
QUAL	0	591	153	97	55	2
QUAL	0	592	299	186	111	9
QUAL	0	593	1101	655	446	4
QUAL	0	594	861	539	321	6
QUAL	0	595	25	13	11	2
QUAL	0	596	50	25	25	8
QUAL	0	597	112	62	48	56
QUAL	0	598	95	46	46	6
QUAL	0	599	31	13	18	9
QUAL	0	600	50	30	19	7
QUAL	0	601	111	61	47	3
QUAL	0	602	264	162	101	6
QUAL	0	603	224	142	82	5
QUAL	0	604	32	16	15	19
QUAL	0	605	30	10	19	6
QUAL	0	606	54	36	18	4
QUAL	0	607	203	122	81	5
QUAL	0	608	164	112	52	6
QUAL	0	609	26	9	15	4
QUAL	0	610	28	14	11	6
QUAL	0	611	53	29	24	2
QUAL	0	612	81	52	28	0
QUAL	0	613	56	31	23	3
QUAL	0	614	33	16	15	8
QUAL	0	615	41	20	20	16
QUAL	0	616	96	51	45	6
QUAL	0	617	138	77	61	4
QUAL	0	618	209	121	88	0
QUAL	0	619	121	82	39	3
QUAL	0	620	32	17	14	6
QUAL	0	621	45	22	21	6
QUAL	0	622	67	36	31	2
QUAL	0	623	38	20	17	4
QUAL	0	624	40	22	18	4
QUAL	0	625	84	56	28	3
QUAL	0	626	192	117	73	3
QUAL	0	627	376	233	143	3
QUAL	0	628	777	465	311	1
QUAL	0	629	541	338	201	4
QUAL	0	630	44	20	24	3
QUAL	0	631	45	27	16	14
QUAL	0	632	65	34	31	21
QUAL	0	633	55	25	30	1
QUAL	0	634	31	16	14	2
QUAL	0	635	60	31	29	10
QUAL	0	636	137	81	56	3
QUAL	0	637	198	129	69	7
QUAL	0	638	155	95	60	2
QUAL	0	639	34	19	13	7
QUAL	0	640	36	15	19	12
QUAL	0	641	55	32	23	11
QUAL	0	642	222	130	90	87
QUAL	0	643	189	105	82	5
QUAL	0	644	30	17	11	5
QUAL	0	645	37	18	17	7
QUAL	0	646	52	28	21	2
QUAL	0	647	69	41	26	4
QUAL	0	648	36	18	16	5
QUAL	0	649	29	18	9	4
QUAL	0	650	44	21	23	2
QUAL	0	651	68	48	20	10
QUAL	0	652	193	127	66	6
QUAL	0	653	177	114	60	4
QUAL	0	654	29	20	9	8
QUAL	0	655	31	19	12	12
QUAL	0	656	56	26	26	8
QUAL	0	657	43	18	25	0
QUAL	0	658	44	26	15	1
QUAL	0	659	76	39	36	5
QUAL	0	660	91	47	42	2
QUAL	0	661	191	112	79	4
QUAL	0	662	720	431	287	1
QUAL	0	663	565	344	220	3
QUAL	0	664	25	14	10	4
QUAL	0	665	33	16	17	2
QUAL	0	666	26	15	10	7
QUAL	0	667	49	27	22	9
QUAL	0	668	42	18	22	4
QUAL	0	669	38	18	19	4
QUAL	0	670	56	30	25	1
QUAL	0	671	164	103	61	9
QUAL	0	672	158	94	61	3
QUAL	0	673	123	70	52	6
QUAL	0	674	24	14	10	3
QUAL	0	675	43	25	16	13
QUAL	0	676	59	33	26	8
QUAL	0	677	158	91	66	10
QUAL	0	678	130	83	47	11
QUAL	0	679	26	14	12	8
QUAL	0	680	57	31	25	6
QUAL	0	681	72	45	25	5
QUAL	0	682	49	22	25	6
QUAL	0	683	36	24	12	3
QUAL	0	684	26	12	13	8
QUAL	0	685	48	24	23	3
QUAL	0	686	87	48	39	7
QUAL	0	687	161	88	73	49
QUAL	0	688	150	76	74	6
QUAL	0	689	30	15	14	2
QUAL	0	690	35	25	9	2
QUAL	0	691	52	30	22	7
QUAL	0	692	44	25	17	3
QUAL	0	693	38	18	19	4
QUAL	0	694	57	41	16	7
QUAL	0	695	86	48	37	10
QUAL	0	696	166	92	72	12
QUAL	0	697	570	337	232	2
QUAL	0	698	449	273	174	3
QUAL	0	699	31	15	12	2
QUAL	0	700	27	18	8	1
QUAL	0	701	35	20	14	6
QUAL	0	702	52	28	24	2
QUAL	0	703	47	22	25	1
QUAL	0	704	30	17	13	4
QUAL	0	705	112	71	40	5
QUAL	0	706	174	109	65	5
QUAL	0	707	133	80	51	2
QUAL	0	708	79	43	34	0
QUAL	0	709	37	17	19	6
QUAL	0	710	29	23	6	5
QUAL	0	711	55	27	27	10
QUAL	0	712	120	77	43	6
QUAL	0	713	82	54	28	7
QUAL	0	714	36	23	10	4
QUAL	0	715	66	37	28	3
QUAL	0	716	55	32	23	7
QUAL	0	717	44	26	16	9
QUAL	0	718	21	13	7	6
QUAL	0	719	35	15	16	3
QUAL	0	720	60	33	25	11
QUAL	0	721	85	50	32	12
QUAL	0	722	121	76	44	7
QUAL	0	723	92	58	33	11
QUAL	0	724	19	11	7	7
QUAL	0	725	35	16	19	6
QUAL	0	726	45	26	18	2
QUAL	0	727	43	26	15	3
QUAL	0	728	32	16	15	2
QUAL	0	729	56	31	21	9
QUAL	0	730	80	40	40	2
QUAL	0	731	182	102	79	6
QUAL	0	732	404	240	161	65
QUAL	0	733	321	211	110	10
QUAL	0	734	23	12	10	1
QUAL	0	735	38	23	13	9
QUAL	0	736	32	17	13	7
QUAL	0	737	45	26	18	2
QUAL	0	738	50	31	19	0
QUAL	0	739	55	33	22	1
QUAL	0	740	172	99	72	1
QUAL	0	741	208	119	87	5
QUAL	0	742	82	53	25	3
QUAL	0	743	20	9	10	1
QUAL	0	744	28	16	11	3
QUAL	0	745	44	24	19	2
QUAL	0	746	52	33	18	5
QUAL	0	747	103	63	38	1
QUAL	0	748	72	47	23	3
QUAL	0	749	35	20	14	5
QUAL	0	750	67	42	25	5
QUAL	0	751	64	40	23	7
QUAL	0	752	26	18	7	4
QUAL	0	753	30	14	15	7
QUAL	0	754	38	17	18	12
QUAL	0	755	70	34	36	2
QUAL	0	756	76	50	24	3
QUAL	0	757	95	67	27	8
QUAL	0	758	49	28	20	2
QUAL	0	759	23	11	12	0
QUAL	0	760	44	26	16	6
QUAL	0	761	29	14	14	3
QUAL	0	762	23	9	12	1
QUAL	0	763	44	29	15	1
QUAL	0	764	55	32	23	4
QUAL	0	765	119	71	46	5
QUAL	0	766	140	89	51	11
QUAL	0	767	289	182	107	5
QUAL	0	768	192	117	74	8
QUAL	0	769	34	15	17	2
QUAL	0	770	45	19	26	2
QUAL	0	771	32	23	9	3
QUAL	0	772	51	22	26	5
QUAL	0	773	33	19	14	2
QUAL	0	774	79	42	36	4
QUAL	0	775	219	122	96	5
QUAL	0	776	174	102	71	13
QUAL	0	777	96	64	32	65
QUAL	0	778	55	24	30	4
QUAL	0	779	30	10	20	2
QUAL	0	780	47	31	14	3
QUAL	0	781	81	50	31	4
QUAL	0	782	66	41	25	3
QUAL	0	783	25	18	6	2
QUAL	0	784	54	33	21	3
QUAL	0	785	68	42	25	2
QUAL	0	786	35	17	18	6
QUAL	0	787	26	13	13	1
QUAL	0	788	15	7	7	4
QUAL	0	789	39	23	16	4
QUAL	0	790	71	47	23	5
QUAL	0	791	89	50	39	6
QUAL	0	792	59	31	27	4
QUAL	0	793	18	7	10	2
QUAL	0	794	34	21	11	5
QUAL	0	795	33	17	15	6
QUAL	0	796	32	20	12	7
QUAL	0	797	44	25	19	2
QUAL	0	798	33	19	12	4
QUAL	0	799	78	49	29	12
QUAL	0	800	121	66	51	4
QUAL	0	801	230	145	84	3
QUAL	0	802	184	119	65	5
QUAL	0	803	24	9	15	3
QUAL	0	804	36	21	13	2
QUAL	0	805	30	15	14	1
QUAL	0	806	33	19	14	2
QUAL	0	807	61	38	21	2
QUAL	0	808	46	22	24	5
QUAL	0	809	98	61	35	4
QUAL	0	810	257	148	106	7
QUAL	0	811	124	76	47	7
QUAL	0	812	57	32	25	5
QUAL	0	813	28	14	14	7
QUAL	0	814	31	16	12	6
QUAL	0	815	53	31	22	5
QUAL	0	816	75	43	31	10
QUAL	0	817	61	37	23	4
QUAL	0	818	21	14	7	4
QUAL	0	819	77	52	24	6
QUAL	0	820	72	48	24	3
QUAL	0	821	40	22	17	5
QUAL	0	822	38	11	26	34
QUAL	0	823	37	15	21	7
QUAL	0	824	44	26	17	4
QUAL	0	825	70	43	27	2
QUAL	0	826	60	35	24	4
QUAL	0	827	50	27	22	5
QUAL	0	828	19	8	10	2
QUAL	0	829	28	15	13	2
QUAL	0	830	25	9	15	3
QUAL	0	831	30	18	12	9
QUAL	0	832	38	23	14	4
QUAL	0	833	32	13	19	3
QUAL	0	834	74	40	33	1
QUAL	0	835	118	75	43	3
QUAL	0	836	185	110	75	2
QUAL	0	837	129	87	42	1
QUAL	0	838	26	17	7	1
QUAL	0	839	33	20	13	2
QUAL	0	840	33	22	9	3
QUAL	0	841	43	27	15	11
QUAL	0	842	48	33	15	6
QUAL	0	843	66	44	22	7
QUAL	0	844	154	77	74	3
QUAL	0	845	265	165	97	3
QUAL	0	846	101	63	38	5
QUAL	0	847	28	19	9	4
QUAL	0	848	24	13	11	2
QUAL	0	849	35	17	17	4
QUAL	0	850	40	20	20	7
QUAL	0	851	60	39	21	4
QUAL	0	852	57	29	25	3
QUAL	0	853	39	25	14	4
QUAL	0	854	83	49	33	3
QUAL	0	855	73	40	31	6
QUAL	0	856	31	18	11	10
QUAL	0	857	45	19	26	12
QUAL	0	858	25	18	6	2
QUAL	0	859	73	44	28	4
QUAL	0	860	82	49	32	2
QUAL	0	861	66	34	30	2
QUAL	0	862	44	29	14	5
QUAL	0	863	29	14	14	10
QUAL	0	864	44	27	16	3
QUAL	0	865	29	17	12	6
QUAL	0	866	33	19	13	3
QUAL	0	867	47	22	23	28
QUAL	0	868	59	32	27	5
QUAL	0	869	94	58	36	3
QUAL	0	870	101	62	39	4
QUAL	0	871	132	79	52	7
QUAL	0	872	69	41	28	6
QUAL	0	873	15	12	3	7
QUAL	0	874	51	25	24	6
QUAL	0	875	34	15	19	5
QUAL	0	876	28	15	12	7
QUAL	0	877	48	24	24	5
QUAL	0	878	82	47	32	3
QUAL	0	879	190	117	72	0
QUAL	0	880	240	137	103	4
QUAL	0	881	79	45	33	1
QUAL	0	882	13	8	5	3
QUAL	0	883	24	13	11	1
QUAL	0	884	48	25	23	5
QUAL	0	885	34	20	12	4
QUAL	0	886	41	19	21	9
QUAL	0	887	42	29	13	3
QUAL	0	888	38	22	15	1
QUAL	0	889	101	62	38	5
QUAL	0	890	50	31	19	6
QUAL	0	891	29	18	11	4
QUAL	0	892	25	19	5	3
QUAL	0	893	43	23	18	3
QUAL	0	894	77	46	30	1
QUAL	0	895	68	40	28	3
QUAL	0	896	36	18	17	1
QUAL	0	897	29	15	14	1
QUAL	0	898	41	26	12	8
QUAL	0	899	46	28	17	8
QUAL	0	900	26	13	12	2
QUAL	0	901	20	13	7	12
QUAL	0	902	42	22	20	7
QUAL	0	903	55	28	26	2
QUAL	0	904	117	70	44	7
QUAL	0	905	93	54	39	3
QUAL	0	906	65	42	23	6
QUAL	0	907	63	36	27	1
QUAL	0	908	37	18	19	6
QUAL	0	909	38	24	14	4
QUAL	0	910	33	19	14	5
QUAL	0	911	29	13	14	4
QUAL	0	912	63	37	25	24
QUAL	0	913	99	58	41	7
QUAL	0	914	281	167	113	3
QUAL	0	915	188	117	71	3
QUAL	0	916	51	27	23	2
QUAL	0	917	23	10	12	3
QUAL	0	918	20	11	6	2
QUAL	0	919	57	36	20	4
QUAL	0	920	46	27	18	6
QUAL	0	921	42	26	15	2
QUAL	0	922	39	19	17	3
QUAL	0	923	53	33	19	2
QUAL	0	924	120	74	45	2
QUAL	0	925	47	31	15	2
QUAL	0	926	27	14	13	5
QUAL	0	927	34	23	10	4
QUAL	0	928	40	27	13	5
QUAL	0	929	98	61	36	4
QUAL	0	930	55	27	26	0
QUAL	0	931	32	20	12	9
QUAL	0	932	22	13	9	1
QUAL	0	933	42	22	17	6
QUAL	0	934	47	32	15	1
QUAL	0	935	30	14	14	10
QUAL	0	936	38	22	16	5
QUAL	0	937	41	19	19	2
QUAL	0	938	63	32	30	5
QUAL	0	939	128	88	39	2
QUAL	0	940	91	59	31	2
QUAL	0	941	63	37	26	6
QUAL	0	942	18	12	6	2
QUAL	0	943	31	13	18	3
QUAL	0	944	34	17	17	2
QUAL	0	945	36	23	11	4
QUAL	0	946	42	20	21	4
QUAL	0	947	62	40	22	5
QUAL	0	948	108	57	49	0
QUAL	0	949	334	216	117	0
QUAL	0	950	155	102	51	5
QUAL	0	951	31	16	13	2
QUAL	0	952	22	10	10	2
QUAL	0	953	37	28	7	11
QUAL	0	954	41	28	12	4
QUAL	0	955	29	16	12	4
QUAL	0	956	43	30	13	3
QUAL	0	957	38	22	16	22
QUAL	0	958	98	59	37	5
QUAL	0	959	104	67	36	2
QUAL	0	960	52	35	14	7
QUAL	0	961	28	17	10	3
QUAL	0	962	21	12	9	2
QUAL	0	963	59	35	24	3
QUAL	0	964	101	55	44	2
QUAL	0	965	36	22	13	3
QUAL	0	966	22	11	10	8
QUAL	0	967	24	11	13	3
QUAL	0	968	52	33	17	4
QUAL	0	969	27	11	16	2
QUAL	0	970	21	10	11	0
QUAL	0	971	27	16	10	2
QUAL	0	972	44	26	17	2
QUAL	0	973	80	42	38	5
QUAL	0	974	109	73	36	1
QUAL	0	975	74	42	30	3
QUAL	0	976	54	32	22	9
QUAL	0	977	30	18	11	1
QUAL	0	978	40	26	14	1
QUAL	0	979	30	18	12	4
QUAL	0	980	30	16	13	1
QUAL	0	981	40	21	19	2
QUAL	0	982	67	43	24	1
QUAL	0	983	150	94	55	4
QUAL	0	984	333	204	126	6
QUAL	0	985	95	62	32	3
QUAL	0	986	37	16	20	3
QUAL	0	987	26	17	8	5
QUAL	0	988	35	23	12	3
QUAL	0	989	30	21	9	5
QUAL	0	990	28	19	9	6
QUAL	0	991	34	19	14	4
QUAL	0	992	47	27	19	5
QUAL	0	993	101	66	35	2
QUAL	0	994	87	52	35	0
QUAL	0	995	48	31	16	1
QUAL	0	996	31	15	15	1
QUAL	0	997	35	24	11	3
QUAL	0	998	65170	37389	25504	6357
# IDD, InDel distribution:
# IDD	[2]id	[3]length (deletions negative)	[4]count
IDD	0	-60	90
IDD	0	-59	3
IDD	0	-58	4
IDD	0	-57	3
IDD	0	-56	1
IDD	0	-55	3
IDD	0	-54	2
IDD	0	-52	2
IDD	0	-51	2
IDD	0	-50	4
IDD	0	-49	2
IDD	0	-48	3
IDD	0	-47	1
IDD	0	-46	5
IDD	0	-45	3
IDD	0	-44	2
IDD	0	-43	2
IDD	0	-42	4
IDD	0	-41	5
IDD	0	-40	10
IDD	0	-39	1
IDD	0	-38	1
IDD	0	-37	3
IDD	0	-36	6
IDD	0	-35	8
IDD	0	-34	3
IDD	0	-33	1
IDD	0	-32	5
IDD	0	-31	2
IDD	0	-30	16
IDD	0	-29	5
IDD	0	-28	27
IDD	0	-27	2
IDD	0	-26	11
IDD	0	-25	25
IDD	0	-24	17
IDD	0	-23	12
IDD	0	-22	26
IDD	0	-21	10
IDD	0	-20	82
IDD	0	-19	17
IDD	0	-18	36
IDD	0	-17	16
IDD	0	-16	69
IDD	0	-15	177
IDD	0	-14	46
IDD	0	-13	35
IDD	0	-12	170
IDD	0	-11	44
IDD	0	-10	335
IDD	0	-9	66
IDD	0	-8	262
IDD	0	-7	74
IDD	0	-6	275
IDD	0	-5	560
IDD	0	-4	1064
IDD	0	-3	600
IDD	0	-2	1265
IDD	0	-1	3098
IDD	0	1	2794
IDD	0	2	982
IDD	0	3	236
IDD	0	4	690
IDD	0	5	504
IDD	0	6	262
IDD	0	7	31
IDD	0	8	254
IDD	0	9	45
IDD	0	10	220
IDD	0	11	16
IDD	0	12	125
IDD	0	13	19
IDD	0	14	15
IDD	0	15	125
IDD	0	16	56
IDD	0	17	5
IDD	0	18	13
IDD	0	19	7
IDD	0	20	79
IDD	0	21	5
IDD	0	22	11
IDD	0	23	8
IDD	0	24	15
IDD	0	25	19
IDD	0	26	11
IDD	0	27	10
IDD	0	28	23
IDD	0	29	7
IDD	0	30	19
IDD	0	31	2
IDD	0	32	6
IDD	0	33	1
IDD	0	34	3
IDD	0	35	5
IDD	0	36	4
IDD	0	38	5
IDD	0	39	1
IDD	0	40	10
IDD	0	41	2
IDD	0	43	3
IDD	0	44	4
IDD	0	45	5
IDD	0	46	4
IDD	0	47	1
IDD	0	48	1
IDD	0	49	3
IDD	0	50	5
IDD	0	53	1
IDD	0	54	3
IDD	0	55	3
IDD	0	56	5
IDD	0	58	1
IDD	0	59	3
IDD	0	60	35
# ST, Substitution types:
# ST	[2]id	[3]type	[4]count
ST	0	A>C	7672
ST	0	A>G	21110
ST	0	A>T	8377
ST	0	C>A	11235
ST	0	C>G	9024
ST	0	C>T	29500
ST	0	G>A	29815
ST	0	G>C	9033
ST	0	G>T	12510
ST	0	T>A	8621
ST	0	T>C	20779
ST	0	T>G	7804
# DP, Depth distribution
# DP	[2]id	[3]bin	[4]number of genotypes	[5]fraction of genotypes (%)	[6]number of sites	[7]fraction of sites (%)
DP	0	0	1232887	2.687308	0	0.000000
DP	0	1	481646	1.049838	8	0.004342
DP	0	2	496201	1.081563	10	0.005427
DP	0	3	7081904	15.436338	4	0.002171
DP	0	4	8783858	19.146066	4	0.002171
DP	0	5	8359399	18.220878	3	0.001628
DP	0	6	6595529	14.376192	3	0.001628
DP	0	7	4236536	9.234325	2	0.001085
DP	0	8	2523202	5.499792	2	0.001085
DP	0	9	1537113	3.350426	5	0.002714
DP	0	10	993448	2.165406	2	0.001085
DP	0	11	690176	1.504368	4	0.002171
DP	0	12	487420	1.062423	0	0.000000
DP	0	13	347696	0.757869	4	0.002171
DP	0	14	260663	0.568164	5	0.002714
DP	0	15	197939	0.431445	3	0.001628
DP	0	16	162650	0.354526	2	0.001085
DP	0	17	134295	0.292721	3	0.001628
DP	0	18	118817	0.258984	2	0.001085
DP	0	19	102836	0.224150	4	0.002171
DP	0	20	90552	0.197375	9	0.004885
DP	0	21	76443	0.166622	5	0.002714
DP	0	22	69943	0.152454	5	0.002714
DP	0	23	62728	0.136727	8	0.004342
DP	0	24	57153	0.124576	6	0.003256
DP	0	25	51033	0.111236	4	0.002171
DP	0	26	47875	0.104353	6	0.003256
DP	0	27	43896	0.095680	4	0.002171
DP	0	28	37415	0.081553	8	0.004342
DP	0	29	34192	0.074528	3	0.001628
DP	0	30	34287	0.074735	1	0.000543
DP	0	31	28385	0.061870	7	0.003799
DP	0	32	27598	0.060155	8	0.004342
DP	0	33	25848	0.056341	4	0.002171
DP	0	34	23180	0.050525	5	0.002714
DP	0	35	21401	0.046647	5	0.002714
DP	0	36	20034	0.043668	9	0.004885
DP	0	37	18148	0.039557	5	0.002714
DP	0	38	16066	0.035019	2	0.001085
DP	0	39	16193	0.035296	4	0.002171
DP	0	40	15166	0.033057	3	0.001628
DP	0	41	14255	0.031071	5	0.002714
DP	0	42	13004	0.028345	3	0.001628
DP	0	43	11007	0.023992	5	0.002714
DP	0	44	11322	0.024678	1	0.000543
DP	0	45	9918	0.021618	3	0.001628
DP	0	46	9168	0.019983	5	0.002714
DP	0	47	9062	0.019752	2	0.001085
DP	0	48	8232	0.017943	6	0.003256
DP	0	49	7614	0.016596	4	0.002171
DP	0	50	7426	0.016186	12	0.006513
DP	0	51	6368	0.013880	9	0.004885
DP	0	52	5778	0.012594	1	0.000543
DP	0	53	5650	0.012315	6	0.003256
DP	0	54	5447	0.011873	5	0.002714
DP	0	55	5144	0.011212	5	0.002714
DP	0	56	4782	0.010423	5	0.002714
DP	0	57	4783	0.010425	6	0.003256
DP	0	58	4405	0.009602	8	0.004342
DP	0	59	4001	0.008721	3	0.001628
DP	0	60	3986	0.008688	4	0.002171
DP	0	61	3842	0.008374	2	0.001085
DP	0	62	3594	0.007834	4	0.002171
DP	0	63	3464	0.007550	1	0.000543
DP	0	64	2948	0.006426	2	0.001085
DP	0	65	3060	0.006670	0	0.000000
DP	0	66	2969	0.006471	2	0.001085
DP	0	67	2690	0.005863	1	0.000543
DP	0	68	2565	0.005591	7	0.003799
DP	0	69	2270	0.004948	2	0.001085
DP	0	70	2311	0.005037	3	0.001628
DP	0	71	2037	0.004440	6	0.003256
DP	0	72	2084	0.004542	7	0.003799
DP	0	73	1801	0.003926	5	0.002714
DP	0	74	1806	0.003937	7	0.003799
DP	0	75	1638	0.003570	3	0.001628
DP	0	76	1557	0.003394	2	0.001085
DP	0	77	1499	0.003267	5	0.002714
DP	0	78	1496	0.003261	3	0.001628
DP	0	79	1436	0.003130	6	0.003256
DP	0	80	1350	0.002943	1	0.000543
DP	0	81	1453	0.003167	5	0.002714
DP	0	82	1201	0.002618	4	0.002171
DP	0	83	1236	0.002694	2	0.001085
DP	0	84	1212	0.002642	4	0.002171
DP	0	85	1084	0.002363	6	0.003256
DP	0	86	1188	0.002589	7	0.003799
DP	0	87	1119	0.002439	2	0.001085
DP	0	88	1054	0.002297	1	0.000543
DP	0	89	1045	0.002278	4	0.002171
DP	0	90	876	0.001909	0	0.000000
DP	0	91	818	0.001783	0	0.000000
DP	0	92	862	0.001879	9	0.004885
DP	0	93	873	0.001903	5	0.002714
DP	0	94	782	0.001705	3	0.001628
DP	0	95	678	0.001478	7	0.003799
DP	0	96	741	0.001615	4	0.002171
DP	0	97	699	0.001524	2	0.001085
DP	0	98	701	0.001528	5	0.002714
DP	0	99	648	0.001412	3	0.001628
DP	0	100	653	0.001423	4	0.002171
DP	0	101	705	0.001537	3	0.001628
DP	0	102	604	0.001317	1	0.000543
DP	0	103	534	0.001164	6	0.003256
DP	0	104	498	0.001085	2	0.001085
DP	0	105	634	0.001382	2	0.001085
DP	0	106	496	0.001081	0	0.000000
DP	0	107	458	0.000998	3	0.001628
DP	0	108	462	0.001007	4	0.002171
DP	0	109	461	0.001005	4	0.002171
DP	0	110	419	0.000913	4	0.002171
DP	0	111	478	0.001042	4	0.002171
DP	0	112	377	0.000822	2	0.001085
DP	0	113	386	0.000841	2	0.001085
DP	0	114	354	0.000772	3	0.001628
DP	0	115	365	0.000796	3	0.001628
DP	0	116	403	0.000878	3	0.001628
DP	0	117	325	0.000708	3	0.001628
DP	0	118	310	0.000676	4	0.002171
DP	0	119	357	0.000778	2	0.001085
DP	0	120	311	0.000678	2	0.001085
DP	0	121	315	0.000687	2	0.001085
DP	0	122	274	0.000597	5	0.002714
DP	0	123	281	0.000612	2	0.001085
DP	0	124	282	0.000615	2	0.001085
DP	0	125	253	0.000551	0	0.000000
DP	0	126	226	0.000493	4	0.002171
DP	0	127	233	0.000508	2	0.001085
DP	0	128	239	0.000521	2	0.001085
DP	0	129	216	0.000471	2	0.001085
DP	0	130	226	0.000493	2	0.001085
DP	0	131	213	0.000464	2	0.001085
DP	0	132	190	0.000414	5	0.002714
DP	0	133	168	0.000366	4	0.002171
DP	0	134	176	0.000384	3	0.001628
DP	0	135	149	0.000325	3	0.001628
DP	0	136	178	0.000388	4	0.002171
DP	0	137	210	0.000458	7	0.003799
DP	0	138	240	0.000523	5	0.002714
DP	0	139	167	0.000364	4	0.002171
DP	0	140	112	0.000244	1	0.000543
DP	0	141	147	0.000320	3	0.001628
DP	0	142	105	0.000229	1	0.000543
DP	0	143	114	0.000248	4	0.002171
DP	0	144	105	0.000229	6	0.003256
DP	0	145	138	0.000301	4	0.002171
DP	0	146	167	0.000364	3	0.001628
DP	0	147	140	0.000305	4	0.002171
DP	0	148	113	0.000246	3	0.001628
DP	0	149	89	0.000194	3	0.001628
DP	0	150	126	0.000275	1	0.000543
DP	0	151	85	0.000185	4	0.002171
DP	0	152	87	0.000190	2	0.001085
DP	0	153	95	0.000207	1	0.000543
DP	0	154	91	0.000198	5	0.002714
DP	0	155	80	0.000174	3	0.001628
DP	0	156	56	0.000122	4	0.002171
DP	0	157	85	0.000185	2	0.001085
DP	0	158	87	0.000190	3	0.001628
DP	0	159	75	0.000163	0	0.000000
DP	0	160	71	0.000155	3	0.001628
DP	0	161	63	0.000137	0	0.000000
DP	0	162	80	0.000174	3	0.001628
DP	0	163	47	0.000102	0	0.000000
DP	0	164	60	0.000131	4	0.002171
DP	0	165	76	0.000166	1	0.000543
DP	0	166	64	0.000140	3	0.001628
DP	0	167	61	0.000133	3	0.001628
DP	0	168	75	0.000163	3	0.001628
DP	0	169	74	0.000161	6	0.003256
DP	0	170	83	0.000181	1	0.000543
DP	0	171	62	0.000135	1	0.000543
DP	0	172	48	0.000105	2	0.001085
DP	0	173	50	0.000109	0	0.000000
DP	0	174	44	0.000096	3	0.001628
DP	0	175	47	0.000102	1	0.000543
DP	0	176	38	0.000083	2	0.001085
DP	0	177	54	0.000118	1	0.000543
DP	0	178	40	0.000087	1	0.000543
DP	0	179	40	0.000087	1	0.000543
DP	0	180	32	0.000070	2	0.001085
DP	0	181	36	0.000078	4	0.002171
DP	0	182	45	0.000098	2	0.001085
DP	0	183	42	0.000092	1	0.000543
DP	0	184	44	0.000096	3	0.001628
DP	0	185	31	0.000068	2	0.001085
DP	0	186	40	0.000087	2	0.001085
DP	0	187	18	0.000039	6	0.003256
DP	0	188	30	0.000065	2	0.001085
DP	0	189	40	0.000087	1	0.000543
DP	0	190	31	0.000068	3	0.001628
DP	0	191	29	0.000063	0	0.000000
DP	0	192	41	0.000089	2	0.001085
DP	0	193	25	0.000054	2	0.001085
DP	0	194	35	0.000076	2	0.001085
DP	0	195	30	0.000065	1	0.000543
DP	0	196	20	0.000044	1	0.000543
DP	0	197	28	0.000061	0	0.000000
DP	0	198	28	0.000061	2	0.001085
DP	0	199	25	0.000054	1	0.000543
DP	0	200	27	0.000059	2	0.001085
DP	0	201	10	0.000022	2	0.001085
DP	0	202	17	0.000037	2	0.001085
DP	0	203	16	0.000035	2	0.001085
DP	0	204	28	0.000061	2	0.001085
DP	0	205	20	0.000044	2	0.001085
DP	0	206	20	0.000044	3	0.001628
DP	0	207	21	0.000046	1	0.000543
DP	0	208	24	0.000052	3	0.001628
DP	0	209	17	0.000037	1	0.000543
DP	0	210	13	0.000028	1	0.000543
DP	0	211	26	0.000057	1	0.000543
DP	0	212	14	0.000031	4	0.002171
DP	0	213	20	0.000044	1	0.000543
DP	0	214	15	0.000033	0	0.000000
DP	0	215	13	0.000028	1	0.000543
DP	0	216	21	0.000046	1	0.000543
DP	0	217	15	0.000033	3	0.001628
DP	0	218	15	0.000033	0	0.000000
DP	0	219	15	0.000033	0	0.000000
DP	0	220	16	0.000035	2	0.001085
DP	0	221	13	0.000028	0	0.000000
DP	0	222	16	0.000035	2	0.001085
DP	0	223	7	0.000015	1	0.000543
DP	0	224	16	0.000035	4	0.002171
DP	0	225	25	0.000054	3	0.001628
DP	0	226	21	0.000046	3	0.001628
DP	0	227	12	0.000026	0	0.000000
DP	0	228	18	0.000039	4	0.002171
DP	0	229	15	0.000033	6	0.003256
DP	0	230	14	0.000031	1	0.000543
DP	0	231	23	0.000050	1	0.000543
DP	0	232	20	0.000044	1	0.000543
DP	0	233	8	0.000017	1	0.000543
DP	0	234	12	0.000026	5	0.002714
DP	0	235	19	0.000041	4	0.002171
DP	0	236	20	0.000044	3	0.001628
DP	0	237	16	0.000035	1	0.000543
DP	0	238	10	0.000022	3	0.001628
DP	0	239	17	0.000037	1	0.000543
DP	0	240	14	0.000031	3	0.001628
DP	0	241	12	0.000026	1	0.000543
DP	0	242	16	0.000035	1	0.000543
DP	0	243	13	0.000028	1	0.000543
DP	0	244	8	0.000017	2	0.001085
DP	0	245	16	0.000035	1	0.000543
DP	0	246	12	0.000026	3	0.001628
DP	0	247	10	0.000022	4	0.002171
DP	0	248	11	0.000024	3	0.001628
DP	0	249	16	0.000035	2	0.001085
DP	0	250	6	0.000013	2	0.001085
DP	0	251	11	0.000024	3	0.001628
DP	0	252	13	0.000028	4	0.002171
DP	0	253	15	0.000033	2	0.001085
DP	0	254	10	0.000022	2	0.001085
DP	0	255	10	0.000022	8	0.004342
DP	0	256	14	0.000031	2	0.001085
DP	0	257	7	0.000015	1	0.000543
DP	0	258	8	0.000017	3	0.001628
DP	0	259	17	0.000037	2	0.001085
DP	0	260	9	0.000020	1	0.000543
DP	0	261	6	0.000013	4	0.002171
DP	0	262	12	0.000026	2	0.001085
DP	0	263	12	0.000026	0	0.000000
DP	0	264	9	0.000020	1	0.000543
DP	0	265	14	0.000031	2	0.001085
DP	0	266	8	0.000017	1	0.000543
DP	0	267	5	0.000011	4	0.002171
DP	0	268	10	0.000022	3	0.001628
DP	0	269	13	0.000028	1	0.000543
DP	0	270	12	0.000026	4	0.002171
DP	0	271	7	0.000015	5	0.002714
DP	0	272	14	0.000031	2	0.001085
DP	0	273	8	0.000017	2	0.001085
DP	0	274	12	0.000026	6	0.003256
DP	0	275	5	0.000011	2	0.001085
DP	0	276	7	0.000015	4	0.002171
DP	0	277	9	0.000020	3	0.001628
DP	0	278	12	0.000026	1	0.000543
DP	0	279	9	0.000020	2	0.001085
DP	0	280	9	0.000020	2	0.001085
DP	0	281	12	0.000026	4	0.002171
DP	0	282	10	0.000022	2	0.001085
DP	0	283	4	0.000009	3	0.001628
DP	0	284	9	0.000020	0	0.000000
DP	0	285	6	0.000013	4	0.002171
DP	0	286	7	0.000015	0	0.000000
DP	0	287	8	0.000017	2	0.001085
DP	0	288	3	0.000007	1	0.000543
DP	0	289	7	0.000015	2	0.001085
DP	0	290	7	0.000015	0	0.000000
DP	0	291	8	0.000017	1	0.000543
DP	0	292	7	0.000015	2	0.001085
DP	0	293	10	0.000022	5	0.002714
DP	0	294	5	0.000011	0	0.000000
DP	0	295	6	0.000013	1	0.000543
DP	0	296	5	0.000011	1	0.000543
DP	0	297	6	0.000013	3	0.001628
DP	0	298	5	0.000011	2	0.001085
DP	0	299	7	0.000015	2	0.001085
DP	0	300	6	0.000013	1	0.000543
DP	0	301	10	0.000022	0	0.000000
DP	0	302	9	0.000020	1	0.000543
DP	0	303	5	0.000011	0	0.000000
DP	0	304	7	0.000015	1	0.000543
DP	0	305	4	0.000009	1	0.000543
DP	0	306	5	0.000011	3	0.001628
DP	0	307	8	0.000017	1	0.000543
DP	0	308	6	0.000013	3	0.001628
DP	0	309	3	0.000007	1	0.000543
DP	0	310	4	0.000009	2	0.001085
DP	0	311	4	0.000009	5	0.002714
DP	0	312	0	0.000000	2	0.001085
DP	0	313	5	0.000011	1	0.000543
DP	0	314	8	0.000017	1	0.000543
DP	0	315	8	0.000017	5	0.002714
DP	0	316	6	0.000013	1	0.000543
DP	0	317	2	0.000004	0	0.000000
DP	0	318	4	0.000009	2	0.001085
DP	0	319	6	0.000013	1	0.000543
DP	0	320	8	0.000017	1	0.000543
DP	0	321	4	0.000009	2	0.001085
DP	0	322	4	0.000009	4	0.002171
DP	0	323	8	0.000017	4	0.002171
DP	0	324	5	0.000011	2	0.001085
DP	0	325	4	0.000009	2	0.001085
DP	0	326	1	0.000002	0	0.000000
DP	0	327	4	0.000009	1	0.000543
DP	0	328	5	0.000011	3	0.001628
DP	0	329	1	0.000002	0	0.000000
DP	0	330	8	0.000017	3	0.001628
DP	0	331	5	0.000011	1	0.000543
DP	0	332	3	0.000007	2	0.001085
DP	0	333	5	0.000011	1	0.000543
DP	0	334	11	0.000024	1	0.000543
DP	0	335	0	0.000000	1	0.000543
DP	0	336	4	0.000009	2	0.001085
DP	0	337	9	0.000020	4	0.002171
DP	0	338	6	0.000013	0	0.000000
DP	0	339	3	0.000007	1	0.000543
DP	0	340	6	0.000013	5	0.002714
DP	0	341	6	0.000013	1	0.000543
DP	0	342	6	0.000013	0	0.000000
DP	0	343	6	0.000013	0	0.000000
DP	0	344	1	0.000002	0	0.000000
DP	0	345	9	0.000020	2	0.001085
DP	0	346	7	0.000015	3	0.001628
DP	0	347	5	0.000011	2	0.001085
DP	0	348	3	0.000007	1	0.000543
DP	0	349	4	0.000009	3	0.001628
DP	0	350	8	0.000017	1	0.000543
DP	0	351	7	0.000015	3	0.001628
DP	0	352	6	0.000013	3	0.001628
DP	0	353	5	0.000011	0	0.000000
DP	0	354	5	0.000011	1	0.000543
DP	0	355	4	0.000009	8	0.004342
DP	0	356	8	0.000017	4	0.002171
DP	0	357	3	0.000007	4	0.002171
DP	0	358	6	0.000013	3	0.001628
DP	0	359	2	0.000004	3	0.001628
DP	0	360	5	0.000011	3	0.001628
DP	0	361	4	0.000009	4	0.002171
DP	0	362	7	0.000015	3	0.001628
DP	0	363	8	0.000017	1	0.000543
DP	0	364	5	0.000011	1	0.000543
DP	0	365	6	0.000013	1	0.000543
DP	0	366	4	0.000009	3	0.001628
DP	0	367	6	0.000013	3	0.001628
DP	0	368	4	0.000009	3	0.001628
DP	0	369	7	0.000015	2	0.001085
DP	0	370	5	0.000011	0	0.000000
DP	0	371	6	0.000013	2	0.001085
DP	0	372	5	0.000011	3	0.001628
DP	0	373	4	0.000009	2	0.001085
DP	0	374	5	0.000011	3	0.001628
DP	0	375	4	0.000009	2	0.001085
DP	0	376	2	0.000004	1	0.000543
DP	0	377	3	0.000007	2	0.001085
DP	0	378	5	0.000011	3	0.001628
DP	0	379	6	0.000013	3	0.001628
DP	0	380	6	0.000013	1	0.000543
DP	0	381	6	0.000013	0	0.000000
DP	0	382	7	0.000015	7	0.003799
DP	0	383	6	0.000013	1	0.000543
DP	0	384	5	0.000011	3	0.001628
DP	0	385	6	0.000013	2	0.001085
DP	0	386	6	0.000013	2	0.001085
DP	0	387	4	0.000009	1	0.000543
DP	0	388	2	0.000004	1	0.000543
DP	0	389	4	0.000009	3	0.001628
DP	0	390	4	0.000009	1	0.000543
DP	0	391	4	0.000009	4	0.002171
DP	0	392	5	0.000011	1	0.000543
DP	0	393	5	0.000011	1	0.000543
DP	0	394	8	0.000017	2	0.001085
DP	0	395	4	0.000009	2	0.001085
DP	0	396	6	0.000013	4	0.002171
DP	0	397	7	0.000015	0	0.000000
DP	0	398	8	0.000017	2	0.001085
DP	0	399	10	0.000022	1	0.000543
DP	0	400	3	0.000007	2	0.001085
DP	0	401	5	0.000011	3	0.001628
DP	0	402	5	0.000011	1	0.000543
DP	0	403	4	0.000009	0	0.000000
DP	0	404	2	0.000004	2	0.001085
DP	0	405	4	0.000009	0	0.000000
DP	0	406	3	0.000007	1	0.000543
DP	0	407	2	0.000004	1	0.000543
DP	0	408	7	0.000015	0	0.000000
DP	0	409	4	0.000009	2	0.001085
DP	0	410	7	0.000015	4	0.002171
DP	0	411	5	0.000011	2	0.001085
DP	0	412	2	0.000004	1	0.000543
DP	0	413	3	0.000007	2	0.001085
DP	0	414	2	0.000004	3	0.001628
DP	0	415	8	0.000017	4	0.002171
DP	0	416	6	0.000013	1	0.000543
DP	0	417	7	0.000015	1	0.000543
DP	0	418	6	0.000013	1	0.000543
DP	0	419	2	0.000004	1	0.000543
DP	0	420	5	0.000011	2	0.001085
DP	0	421	1	0.000002	3	0.001628
DP	0	422	7	0.000015	1	0.000543
DP	0	423	2	0.000004	1	0.000543
DP	0	424	4	0.000009	4	0.002171
DP	0	425	2	0.000004	3	0.001628
DP	0	426	8	0.000017	0	0.000000
DP	0	427	3	0.000007	2	0.001085
DP	0	428	3	0.000007	1	0.000543
DP	0	429	5	0.000011	2	0.001085
DP	0	430	2	0.000004	0	0.000000
DP	0	431	6	0.000013	2	0.001085
DP	0	432	3	0.000007	4	0.002171
DP	0	433	7	0.000015	1	0.000543
DP	0	434	6	0.000013	4	0.002171
DP	0	435	5	0.000011	4	0.002171
DP	0	436	2	0.000004	2	0.001085
DP	0	437	3	0.000007	2	0.001085
DP	0	438	6	0.000013	2	0.001085
DP	0	439	6	0.000013	1	0.000543
DP	0	440	2	0.000004	3	0.001628
DP	0	441	4	0.000009	6	0.003256
DP	0	442	2	0.000004	1	0.000543
DP	0	443	7	0.000015	6	0.003256
DP	0	444	5	0.000011	3	0.001628
DP	0	445	1	0.000002	4	0.002171
DP	0	446	5	0.000011	6	0.003256
DP	0	447	10	0.000022	0	0.000000
DP	0	448	10	0.000022	3	0.001628
DP	0	449	2	0.000004	0	0.000000
DP	0	450	5	0.000011	0	0.000000
DP	0	451	2	0.000004	2	0.001085
DP	0	452	1	0.000002	2	0.001085
DP	0	453	4	0.000009	1	0.000543
DP	0	454	3	0.000007	0	0.000000
DP	0	455	0	0.000000	2	0.001085
DP	0	456	5	0.000011	1	0.000543
DP	0	457	4	0.000009	4	0.002171
DP	0	458	4	0.000009	2	0.001085
DP	0	459	3	0.000007	2	0.001085
DP	0	460	6	0.000013	0	0.000000
DP	0	461	4	0.000009	0	0.000000
DP	0	462	2	0.000004	2	0.001085
DP	0	463	2	0.000004	5	0.002714
DP	0	464	5	0.000011	3	0.001628
DP	0	465	5	0.000011	4	0.002171
DP	0	466	4	0.000009	1	0.000543
DP	0	467	4	0.000009	0	0.000000
DP	0	468	4	0.000009	2	0.001085
DP	0	469	1	0.000002	0	0.000000
DP	0	470	3	0.000007	2	0.001085
DP	0	471	8	0.000017	2	0.001085
DP	0	472	1	0.000002	2	0.001085
DP	0	473	2	0.000004	2	0.001085
DP	0	474	3	0.000007	2	0.001085
DP	0	475	6	0.000013	3	0.001628
DP	0	476	4	0.000009	4	0.002171
DP	0	477	4	0.000009	3	0.001628
DP	0	478	3	0.000007	0	0.000000
DP	0	479	6	0.000013	2	0.001085
DP	0	480	4	0.000009	2	0.001085
DP	0	481	3	0.000007	0	0.000000
DP	0	482	4	0.000009	4	0.002171
DP	0	483	4	0.000009	4	0.002171
DP	0	484	1	0.000002	0	0.000000
DP	0	485	3	0.000007	2	0.001085
DP	0	486	0	0.000000	1	0.000543
DP	0	487	6	0.000013	2	0.001085
DP	0	488	5	0.000011	2	0.001085
DP	0	489	4	0.000009	1	0.000543
DP	0	490	4	0.000009	2	0.001085
DP	0	491	1	0.000002	2	0.001085
DP	0	492	5	0.000011	2	0.001085
DP	0	493	7	0.000015	1	0.000543
DP	0	494	2	0.000004	1	0.000543
DP	0	495	1	0.000002	1	0.000543
DP	0	496	4	0.000009	3	0.001628
DP	0	497	5	0.000011	1	0.000543
DP	0	498	2	0.000004	2	0.001085
DP	0	499	6	0.000013	1	0.000543
DP	0	500	2	0.000004	1	0.000543
DP	0	>500	406	0.000885	182970	99.302597
# PSC, Per-sample counts. Note that the ref/het/hom counts include only SNPs, for indels see PSI. The rest include both SNPs and indels.
# PSC	[2]id	[3]sample	[4]nRefHom	[5]nNonRefHom	[6]nHets	[7]nTransitions	[8]nTransversions	[9]nIndels	[10]average depth	[11]nSingletons	[12]nHapRef	[13]nHapAlt	[14]nMissing
PSC	0	HG00565	0	0	0	0	0	0	6.0	0	175234	3327	5694
PSC	0	HG00577	0	0	0	0	0	0	5.8	0	175429	3396	5430
PSC	0	HG00589	0	0	0	0	0	0	6.6	0	175849	3413	4993
PSC	0	HG00628	0	0	0	0	0	0	6.4	0	171697	4296	8262
PSC	0	HG00421	0	0	0	0	0	0	5.8	0	174940	3499	5816
PSC	0	HG00445	0	0	0	0	0	0	5.2	0	176105	3382	4768
PSC	0	HG00457	0	0	0	0	0	0	6.0	0	174335	3476	6444
PSC	0	HG00844	0	0	0	0	0	0	5.6	0	174667	3537	6051
PSC	0	HG00692	0	0	0	0	0	0	6.1	0	175698	3388	5169
PSC	0	HG01873	0	0	0	0	0	0	5.8	0	174551	3426	6278
PSC	0	HG01811	0	0	0	0	0	0	6.2	0	175572	3505	5178
PSC	0	HG01816	0	0	0	0	0	0	6.0	0	174748	3429	6078
PSC	0	HG01861	0	0	0	0	0	0	6.1	0	173758	3477	7020
PSC	0	HG01866	0	0	0	0	0	0	6.5	0	175468	3401	5386
PSC	0	HG01842	0	0	0	0	0	0	5.4	0	174840	3462	5953
PSC	0	HG02023	0	0	0	0	0	0	5.9	0	173565	3364	7326
PSC	0	HG02035	0	0	0	0	0	0	6.3	0	174666	3428	6161
PSC	0	HG02047	0	0	0	0	0	0	5.9	0	175442	3379	5434
PSC	0	HG02061	0	0	0	0	0	0	5.9	0	174698	3347	6210
PSC	0	HG02085	0	0	0	0	0	0	6.2	0	174359	3418	6478
PSC	0	HG02073	0	0	0	0	0	0	6.2	0	174404	3413	6438
PSC	0	HG02131	0	0	0	0	0	0	7.2	0	173869	3313	7073
PSC	0	HG02383	0	0	0	0	0	0	7.4	0	175104	3407	5744
PSC	0	HG02390	0	0	0	0	0	0	5.5	0	174469	3394	6392
PSC	0	HG02395	0	0	0	0	0	0	7.2	0	174585	3522	6148
PSC	0	HG02408	0	0	0	0	0	0	11.1	0	174613	3431	6211
PSC	0	HG02410	0	0	0	0	0	0	5.7	0	174504	3448	6303
PSC	0	HG02364	0	0	0	0	0	0	5.4	0	174759	3406	6090
PSC	0	HG02371	0	0	0	0	0	0	6.2	0	175034	3446	5775
PSC	0	HG00418	0	0	0	0	0	0	5.4	0	172509	3560	8186
PSC	0	HG00451	0	0	0	0	0	0	5.7	0	175632	3358	5265
PSC	0	HG00463	0	0	0	0	0	0	5.5	0	175747	3371	5137
PSC	0	HG00475	0	0	0	0	0	0	5.9	0	175667	3290	5298
PSC	0	HG00406	0	0	0	0	0	0	5.3	0	175730	3375	5150
PSC	0	HG00533	0	0	0	0	0	0	5.8	0	174831	3534	5890
PSC	0	HG00881	0	0	0	0	0	0	9.9	0	175561	3228	5466
PSC	0	HG00982	0	0	0	0	0	0	5.9	0	174446	3497	6312
PSC	0	HG01031	0	0	0	0	0	0	5.3	0	174545	3409	6301
PSC	0	HG00634	0	0	0	0	0	0	5.7	0	175584	3327	5344
PSC	0	HG00653	0	0	0	0	0	0	5.5	0	175205	3581	5469
PSC	0	HG00689	0	0	0	0	0	0	5.6	0	176035	3472	4748
PSC	0	HG00610	0	0	0	0	0	0	6.9	0	175945	3294	5016
PSC	0	HG00622	0	0	0	0	0	0	6.1	0	174282	3408	6565
PSC	0	HG00583	0	0	0	0	0	0	5.2	0	174532	3204	6519
PSC	0	HG00595	0	0	0	0	0	0	5.8	0	175318	3352	5585
PSC	0	HG00704	0	0	0	0	0	0	5.4	0	175021	3313	5921
PSC	0	HG00728	0	0	0	0	0	0	6.1	0	174161	3528	6566
PSC	0	NA18557	0	0	0	0	0	0	5.5	0	175463	3293	5499
PSC	0	NA18603	0	0	0	0	0	0	5.4	0	175591	3323	5341
PSC	0	NA18608	0	0	0	0	0	0	5.4	0	173488	3574	7193
PSC	0	NA18622	0	0	0	0	0	0	5.6	0	174963	3290	6002
PSC	0	NA18639	0	0	0	0	0	0	5.8	0	173880	3369	7006
PSC	0	NA18944	0	0	0	0	0	0	5.0	0	172713	4247	7295
PSC	0	NA18747	0	0	0	0	0	0	5.5	0	173516	3572	7167
PSC	0	NA19005	0	0	0	0	0	0	5.7	0	175323	3446	5486
PSC	0	NA19012	0	0	0	0	0	0	6.0	0	173115	4339	6801
PSC	0	NA19055	0	0	0	0	0	0	6.6	0	175768	3550	4937
PSC	0	NA19062	0	0	0	0	0	0	5.7	0	175313	3422	5520
PSC	0	NA19067	0	0	0	0	0	0	6.0	0	175548	3353	5354
PSC	0	NA19079	0	0	0	0	0	0	9.8	0	172880	4342	7033
PSC	0	HG01846	0	0	0	0	0	0	5.7	0	174925	3412	5918
PSC	0	NA19086	0	0	0	0	0	0	8.1	0	175527	3361	5367
PSC	0	HG01810	0	0	0	0	0	0	6.5	0	175323	3316	5616
PSC	0	NA18970	0	0	0	0	0	0	6.7	0	172905	4325	7025
PSC	0	HG01860	0	0	0	0	0	0	6.6	0	175686	3459	5110
PSC	0	NA18982	0	0	0	0	0	0	5.5	0	175375	3403	5477
PSC	0	HG01865	0	0	0	0	0	0	5.9	0	174803	3387	6065
PSC	0	NA18994	0	0	0	0	0	0	5.4	0	175100	3523	5632
PSC	0	NA19000	0	0	0	0	0	0	6.3	0	175674	3433	5148
PSC	0	HG01872	0	0	0	0	0	0	6.2	0	175417	3307	5531
PSC	0	HG02116	0	0	0	0	0	0	5.6	0	173574	2775	7906
PSC	0	HG02128	0	0	0	0	0	0	5.9	0	175633	3426	5196
PSC	0	HG02250	0	0	0	0	0	0	6.1	0	175568	3495	5192
PSC	0	HG02058	0	0	0	0	0	0	5.5	0	175918	3404	4933
PSC	0	HG02351	0	0	0	0	0	0	8.6	0	174984	3392	5879
PSC	0	HG02399	0	0	0	0	0	0	9.5	0	175225	3364	5666
PSC	0	HG02402	0	0	0	0	0	0	6.3	0	174367	3640	6248
PSC	0	HG02407	0	0	0	0	0	0	6.4	0	174342	3469	6444
PSC	0	HG02356	0	0	0	0	0	0	6.0	0	174785	3406	6064
PSC	0	HG02375	0	0	0	0	0	0	6.4	0	175541	3375	5339
PSC	0	HG02382	0	0	0	0	0	0	6.1	0	174412	3372	6471
PSC	0	HG02394	0	0	0	0	0	0	6.7	0	174725	3463	6067
PSC	0	HG00478	0	0	0	0	0	0	8.0	0	175761	3387	5107
PSC	0	HG00500	0	0	0	0	0	0	5.3	0	175876	3352	5027
PSC	0	HG00512	0	0	0	0	0	0	6.6	0	175769	3540	4946
PSC	0	HG00524	0	0	0	0	0	0	5.4	0	175510	3419	5326
PSC	0	HG00409	0	0	0	0	0	0	6.2	0	174719	3426	6110
PSC	0	HG00656	0	0	0	0	0	0	6.0	0	175809	3425	5021
PSC	0	HG00536	0	0	0	0	0	0	6.4	0	175602	3401	5252
PSC	0	HG00442	0	0	0	0	0	0	6.3	0	172603	3542	8110
PSC	0	HG00559	0	0	0	0	0	0	5.6	0	175099	3484	5672
PSC	0	HG00598	0	0	0	0	0	0	6.1	0	175378	3451	5426
PSC	0	HG00613	0	0	0	0	0	0	6.2	0	175348	3393	5514
PSC	0	HG00625	0	0	0	0	0	0	6.7	0	174645	3419	6191
PSC	0	HG00580	0	0	0	0	0	0	6.1	0	175768	3362	5125
PSC	0	HG00592	0	0	0	0	0	0	6.4	0	175162	3408	5685
PSC	0	HG00707	0	0	0	0	0	0	5.8	0	175837	3425	4993
PSC	0	HG00403	0	0	0	0	0	0	5.7	0	175903	3402	4950
PSC	0	HG00530	0	0	0	0	0	0	6.6	0	175064	3403	5788
PSC	0	HG00542	0	0	0	0	0	0	7.7	0	175767	3361	5127
PSC	0	HG00472	0	0	0	0	0	0	6.3	0	175728	3359	5168
PSC	0	HG00427	0	0	0	0	0	0	5.4	0	175967	3374	4914
PSC	0	HG00698	0	0	0	0	0	0	5.7	0	175653	3508	5094
PSC	0	HG00701	0	0	0	0	0	0	6.2	0	175146	3527	5582
PSC	0	NA18544	0	0	0	0	0	0	5.6	0	175407	3409	5439
PSC	0	HG00631	0	0	0	0	0	0	6.5	0	175438	3467	5350
PSC	0	NA18549	0	0	0	0	0	0	5.8	0	174418	3696	6141
PSC	0	HG00650	0	0	0	0	0	0	5.8	0	175907	3288	5060
PSC	0	HG00662	0	0	0	0	0	0	6.1	0	176448	3399	4408
PSC	0	HG00674	0	0	0	0	0	0	5.2	0	175540	3379	5336
PSC	0	HG01596	0	0	0	0	0	0	6.2	0	175318	3485	5452
PSC	0	NA18563	0	0	0	0	0	0	7.0	0	173999	3287	6969
PSC	0	NA18621	0	0	0	0	0	0	6.6	0	175693	3387	5175
PSC	0	NA18633	0	0	0	0	0	0	5.9	0	176029	3458	4768
PSC	0	NA18638	0	0	0	0	0	0	6.1	0	174919	3478	5858
PSC	0	NA19004	0	0	0	0	0	0	6.4	0	173007	4390	6858
PSC	0	NA19009	0	0	0	0	0	0	5.5	0	173600	3441	7214
PSC	0	NA19085	0	0	0	0	0	0	10.4	0	175016	3394	5845
PSC	0	NA19066	0	0	0	0	0	0	6.2	0	174981	3370	5904
PSC	0	HG01844	0	0	0	0	0	0	5.9	0	173953	3319	6983
PSC	0	HG01849	0	0	0	0	0	0	6.0	0	174535	3431	6289
PSC	0	NA18974	0	0	0	0	0	0	5.7	0	173664	4318	6273
PSC	0	NA18986	0	0	0	0	0	0	5.8	0	175504	3390	5361
PSC	0	HG02020	0	0	0	0	0	0	6.1	0	174123	3404	6728
PSC	0	NA18943	0	0	0	0	0	0	5.8	0	175288	3476	5491
PSC	0	NA18948	0	0	0	0	0	0	5.8	0	172628	4270	7357
PSC	0	NA18962	0	0	0	0	0	0	6.0	0	174902	3531	5822
PSC	0	NA18967	0	0	0	0	0	0	6.0	0	172980	4239	7036
PSC	0	HG02082	0	0	0	0	0	0	6.1	0	174635	3307	6313
PSC	0	NA18645	0	0	0	0	0	0	5.9	0	178748	1648	3859
PSC	0	HG02070	0	0	0	0	0	0	6.1	0	175376	3436	5443
PSC	0	HG02032	0	0	0	0	0	0	6.2	0	174739	3404	6112
PSC	0	HG02138	0	0	0	0	0	0	5.8	0	173637	3328	7290
PSC	0	HG01867	0	0	0	0	0	0	5.5	0	174895	3370	5990
PSC	0	HG02050	0	0	0	0	0	0	5.3	0	174337	3361	6557
PSC	0	HG02029	0	0	0	0	0	0	5.7	0	175207	3293	5755
PSC	0	HG02067	0	0	0	0	0	0	5.5	0	175162	3519	5574
PSC	0	HG02079	0	0	0	0	0	0	5.2	0	174135	3558	6562
PSC	0	HG02017	0	0	0	0	0	0	6.2	0	172998	3545	7712
PSC	0	HG02373	0	0	0	0	0	0	6.1	0	172516	4345	7394
PSC	0	HG02380	0	0	0	0	0	0	5.6	0	175308	3405	5542
PSC	0	HG02385	0	0	0	0	0	0	5.5	0	175154	3508	5593
PSC	0	HG02392	0	0	0	0	0	0	5.9	0	175498	3302	5455
PSC	0	HG02397	0	0	0	0	0	0	5.4	0	174738	3375	6142
PSC	0	HG02137	0	0	0	0	0	0	5.6	0	173451	3349	7455
PSC	0	HG02353	0	0	0	0	0	0	5.1	0	175691	3428	5136
PSC	0	HG02360	0	0	0	0	0	0	6.2	0	174044	3498	6713
PSC	0	HG02512	0	0	0	0	0	0	5.6	0	174720	3560	5975
PSC	0	HG02524	0	0	0	0	0	0	5.4	0	175044	2793	6418
PSC	0	HG02384	0	0	0	0	0	0	5.8	0	175388	3425	5442
PSC	0	HG02389	0	0	0	0	0	0	5.6	0	173963	3454	6838
PSC	0	HG02391	0	0	0	0	0	0	5.6	0	174965	3447	5843
PSC	0	HG02396	0	0	0	0	0	0	6.0	0	174871	3475	5909
PSC	0	HG02409	0	0	0	0	0	0	5.5	0	173818	3375	7062
PSC	0	NA18559	0	0	0	0	0	0	5.4	0	175820	3409	5026
PSC	0	NA18561	0	0	0	0	0	0	5.1	0	175280	3462	5513
PSC	0	NA18605	0	0	0	0	0	0	5.7	0	175648	3418	5189
PSC	0	NA18612	0	0	0	0	0	0	5.8	0	172850	4424	6981
PSC	0	NA18530	0	0	0	0	0	0	5.0	0	175321	3423	5511
PSC	0	NA18624	0	0	0	0	0	0	5.2	0	174953	3326	5976
PSC	0	NA18629	0	0	0	0	0	0	6.1	0	176023	3463	4769
PSC	0	NA18636	0	0	0	0	0	0	5.8	0	175283	3469	5503
PSC	0	NA18643	0	0	0	0	0	0	5.8	0	175601	3392	5262
PSC	0	NA18648	0	0	0	0	0	0	6.1	0	175455	3481	5319
PSC	0	NA18749	0	0	0	0	0	0	6.1	0	171343	4325	8587
PSC	0	NA19083	0	0	0	0	0	0	6.1	0	175266	3341	5648
PSC	0	NA19088	0	0	0	0	0	0	6.2	0	175266	3427	5562
PSC	0	NA18534	0	0	0	0	0	0	5.5	0	174958	3424	5873
PSC	0	NA18546	0	0	0	0	0	0	5.8	0	175364	3351	5540
PSC	0	NA18558	0	0	0	0	0	0	10.0	0	173924	3455	6876
PSC	0	NA18572	0	0	0	0	0	0	9.4	0	176675	3369	4211
PSC	0	NA18977	0	0	0	0	0	0	5.3	0	174825	3461	5969
PSC	0	NA18609	0	0	0	0	0	0	5.7	0	175756	3277	5222
PSC	0	NA18984	0	0	0	0	0	0	5.9	0	175746	3240	5269
PSC	0	NA18611	0	0	0	0	0	0	6.0	0	175246	3354	5655
PSC	0	NA18989	0	0	0	0	0	0	5.5	0	173847	4292	6116
PSC	0	NA18623	0	0	0	0	0	0	5.6	0	175530	3334	5391
PSC	0	NA18953	0	0	0	0	0	0	5.3	0	175182	3571	5502
PSC	0	NA18635	0	0	0	0	0	0	5.8	0	173721	3359	7175
PSC	0	NA18960	0	0	0	0	0	0	5.9	0	173376	4173	6706
PSC	0	NA18965	0	0	0	0	0	0	5.9	0	175263	3579	5413
PSC	0	NA19076	0	0	0	0	0	0	5.4	0	176295	3315	4645
PSC	0	NA19007	0	0	0	0	0	0	5.9	0	174959	3500	5796
PSC	0	NA18647	0	0	0	0	0	0	5.3	0	175145	3548	5562
PSC	0	NA18748	0	0	0	0	0	0	6.1	0	174161	3456	6638
PSC	0	NA19056	0	0	0	0	0	0	5.9	0	172308	4255	7692
PSC	0	NA19063	0	0	0	0	0	0	6.7	0	173484	4253	6518
PSC	0	NA19068	0	0	0	0	0	0	5.7	0	172894	4243	7118
PSC	0	NA19070	0	0	0	0	0	0	8.2	0	175512	3422	5321
PSC	0	NA19075	0	0	0	0	0	0	5.8	0	175185	3587	5483
PSC	0	NA18940	0	0	0	0	0	0	6.7	0	172252	4296	7707
PSC	0	NA19082	0	0	0	0	0	0	5.9	0	172866	4277	7112
PSC	0	NA18983	0	0	0	0	0	0	6.0	0	172858	4222	7175
PSC	0	NA18988	0	0	0	0	0	0	6.2	0	172734	4315	7206
PSC	0	NA18990	0	0	0	0	0	0	6.2	0	175431	3437	5387
PSC	0	NA18995	0	0	0	0	0	0	5.2	0	172846	4223	7186
PSC	0	NA18945	0	0	0	0	0	0	7.6	0	175332	3455	5468
PSC	0	NA18952	0	0	0	0	0	0	6.3	0	172877	4244	7134
PSC	0	NA18971	0	0	0	0	0	0	5.5	0	173276	4228	6751
PSC	0	NA19006	0	0	0	0	0	0	6.9	0	173380	4079	6796
PSC	0	HG00556	0	0	0	0	0	0	5.5	0	175013	3316	5926
PSC	0	HG00436	0	0	0	0	0	0	5.2	0	175420	3445	5390
PSC	0	HG00448	0	0	0	0	0	0	5.6	0	176241	3353	4661
PSC	0	HG00671	0	0	0	0	0	0	5.7	0	175657	3388	5210
PSC	0	HG00683	0	0	0	0	0	0	5.3	0	175980	3301	4974
PSC	0	HG00607	0	0	0	0	0	0	5.6	0	175953	3308	4994
PSC	0	HG00619	0	0	0	0	0	0	6.3	0	175134	3338	5783
PSC	0	HG01028	0	0	0	0	0	0	5.8	0	175536	3629	5090
PSC	0	HG01864	0	0	0	0	0	0	8.7	0	175584	3411	5260
PSC	0	HG01840	0	0	0	0	0	0	6.1	0	174842	3488	5925
PSC	0	HG01852	0	0	0	0	0	0	5.9	0	175201	3440	5614
PSC	0	HG02064	0	0	0	0	0	0	9.6	0	174504	3405	6346
PSC	0	HG02076	0	0	0	0	0	0	5.5	0	175144	3321	5790
PSC	0	HG02026	0	0	0	0	0	0	5.6	0	173554	3404	7297
PSC	0	HG02040	0	0	0	0	0	0	6.0	0	174747	3419	6089
PSC	0	HG02088	0	0	0	0	0	0	6.3	0	174971	3439	5845
PSC	0	HG02122	0	0	0	0	0	0	6.1	0	175128	3396	5731
PSC	0	HG02134	0	0	0	0	0	0	6.8	0	174324	2856	7075
PSC	0	HG02141	0	0	0	0	0	0	5.7	0	171930	4205	8120
PSC	0	HG02521	0	0	0	0	0	0	7.9	0	173822	3407	7026
PSC	0	HG02398	0	0	0	0	0	0	5.6	0	174489	3531	6235
PSC	0	HG02401	0	0	0	0	0	0	7.2	0	174659	3513	6083
PSC	0	HG02406	0	0	0	0	0	0	6.3	0	174685	3366	6204
PSC	0	HG02355	0	0	0	0	0	0	5.7	0	175109	3341	5805
PSC	0	HG02367	0	0	0	0	0	0	7.4	0	174835	3284	6136
PSC	0	HG02374	0	0	0	0	0	0	7.9	0	174649	3274	6332
PSC	0	HG02379	0	0	0	0	0	0	5.9	0	175071	3406	5778
PSC	0	HG02386	0	0	0	0	0	0	5.4	0	174168	3548	6539
PSC	0	NA18562	0	0	0	0	0	0	6.1	0	175607	3467	5181
PSC	0	NA18606	0	0	0	0	0	0	5.9	0	176105	3482	4668
PSC	0	NA18740	0	0	0	0	0	0	9.8	0	175850	3430	4975
PSC	0	NA18745	0	0	0	0	0	0	6.3	0	175420	3379	5456
PSC	0	NA18757	0	0	0	0	0	0	5.6	0	174970	3302	5983
PSC	0	NA18613	0	0	0	0	0	0	5.9	0	173737	3378	7140
PSC	0	NA18620	0	0	0	0	0	0	6.3	0	172442	4391	7422
PSC	0	NA18632	0	0	0	0	0	0	5.6	0	175428	3553	5274
PSC	0	NA18637	0	0	0	0	0	0	8.0	0	175371	3510	5374
PSC	0	NA18536	0	0	0	0	0	0	11.7	0	175352	3337	5566
PSC	0	NA18543	0	0	0	0	0	0	4.9	0	175385	3353	5517
PSC	0	NA18548	0	0	0	0	0	0	5.9	0	175911	3404	4940
PSC	0	NA19058	0	0	0	0	0	0	5.8	0	172609	4214	7432
PSC	0	NA19060	0	0	0	0	0	0	6.2	0	174976	3528	5751
PSC	0	NA19072	0	0	0	0	0	0	6.8	0	175513	3352	5390
PSC	0	NA18985	0	0	0	0	0	0	8.3	0	175351	3400	5504
PSC	0	NA19089	0	0	0	0	0	0	7.0	0	171618	4240	8397
PSC	0	NA19091	0	0	0	0	0	0	6.3	0	172445	4339	7471
PSC	0	NA18959	0	0	0	0	0	0	6.9	0	176005	3413	4837
PSC	0	NA18961	0	0	0	0	0	0	5.5	0	172912	4185	7158
PSC	0	NA18966	0	0	0	0	0	0	5.3	0	172644	4271	7340
# PSI, Per-Sample Indels
# PSI	[2]id	[3]sample	[4]in-frame	[5]out-frame	[6]not applicable	[7]out/(in+out) ratio	[8]nHets	[9]nAA
PSI	0	HG00565	0	0	0	0.00	0	0
PSI	0	HG00577	0	0	0	0.00	0	0
PSI	0	HG00589	0	0	0	0.00	0	0
PSI	0	HG00628	0	0	0	0.00	0	0
PSI	0	HG00421	0	0	0	0.00	0	0
PSI	0	HG00445	0	0	0	0.00	0	0
PSI	0	HG00457	0	0	0	0.00	0	0
PSI	0	HG00844	0	0	0	0.00	0	0
PSI	0	HG00692	0	0	0	0.00	0	0
PSI	0	HG01873	0	0	0	0.00	0	0
PSI	0	HG01811	0	0	0	0.00	0	0
PSI	0	HG01816	0	0	0	0.00	0	0
PSI	0	HG01861	0	0	0	0.00	0	0
PSI	0	HG01866	0	0	0	0.00	0	0
PSI	0	HG01842	0	0	0	0.00	0	0
PSI	0	HG02023	0	0	0	0.00	0	0
PSI	0	HG02035	0	0	0	0.00	0	0
PSI	0	HG02047	0	0	0	0.00	0	0
PSI	0	HG02061	0	0	0	0.00	0	0
PSI	0	HG02085	0	0	0	0.00	0	0
PSI	0	HG02073	0	0	0	0.00	0	0
PSI	0	HG02131	0	0	0	0.00	0	0
PSI	0	HG02383	0	0	0	0.00	0	0
PSI	0	HG02390	0	0	0	0.00	0	0
PSI	0	HG02395	0	0	0	0.00	0	0
PSI	0	HG02408	0	0	0	0.00	0	0
PSI	0	HG02410	0	0	0	0.00	0	0
PSI	0	HG02364	0	0	0	0.00	0	0
PSI	0	HG02371	0	0	0	0.00	0	0
PSI	0	HG00418	0	0	0	0.00	0	0
PSI	0	HG00451	0	0	0	0.00	0	0
PSI	0	HG00463	0	0	0	0.00	0	0
PSI	0	HG00475	0	0	0	0.00	0	0
PSI	0	HG00406	0	0	0	0.00	0	0
PSI	0	HG00533	0	0	0	0.00	0	0
PSI	0	HG00881	0	0	0	0.00	0	0
PSI	0	HG00982	0	0	0	0.00	0	0
PSI	0	HG01031	0	0	0	0.00	0	0
PSI	0	HG00634	0	0	0	0.00	0	0
PSI	0	HG00653	0	0	0	0.00	0	0
PSI	0	HG00689	0	0	0	0.00	0	0
PSI	0	HG00610	0	0	0	0.00	0	0
PSI	0	HG00622	0	0	0	0.00	0	0
PSI	0	HG00583	0	0	0	0.00	0	0
PSI	0	HG00595	0	0	0	0.00	0	0
PSI	0	HG00704	0	0	0	0.00	0	0
PSI	0	HG00728	0	0	0	0.00	0	0
PSI	0	NA18557	0	0	0	0.00	0	0
PSI	0	NA18603	0	0	0	0.00	0	0
PSI	0	NA18608	0	0	0	0.00	0	0
PSI	0	NA18622	0	0	0	0.00	0	0
PSI	0	NA18639	0	0	0	0.00	0	0
PSI	0	NA18944	0	0	0	0.00	0	0
PSI	0	NA18747	0	0	0	0.00	0	0
PSI	0	NA19005	0	0	0	0.00	0	0
PSI	0	NA19012	0	0	0	0.00	0	0
PSI	0	NA19055	0	0	0	0.00	0	0
PSI	0	NA19062	0	0	0	0.00	0	0
PSI	0	NA19067	0	0	0	0.00	0	0
PSI	0	NA19079	0	0	0	0.00	0	0
PSI	0	HG01846	0	0	0	0.00	0	0
PSI	0	NA19086	0	0	0	0.00	0	0
PSI	0	HG01810	0	0	0	0.00	0	0
PSI	0	NA18970	0	0	0	0.00	0	0
PSI	0	HG01860	0	0	0	0.00	0	0
PSI	0	NA18982	0	0	0	0.00	0	0
PSI	0	HG01865	0	0	0	0.00	0	0
PSI	0	NA18994	0	0	0	0.00	0	0
PSI	0	NA19000	0	0	0	0.00	0	0
PSI	0	HG01872	0	0	0	0.00	0	0
PSI	0	HG02116	0	0	0	0.00	0	0
PSI	0	HG02128	0	0	0	0.00	0	0
PSI	0	HG02250	0	0	0	0.00	0	0
PSI	0	HG02058	0	0	0	0.00	0	0
PSI	0	HG02351	0	0	0	0.00	0	0
PSI	0	HG02399	0	0	0	0.00	0	0
PSI	0	HG02402	0	0	0	0.00	0	0
PSI	0	HG02407	0	0	0	0.00	0	0
PSI	0	HG02356	0	0	0	0.00	0	0
PSI	0	HG02375	0	0	0	0.00	0	0
PSI	0	HG02382	0	0	0	0.00	0	0
PSI	0	HG02394	0	0	0	0.00	0	0
PSI	0	HG00478	0	0	0	0.00	0	0
PSI	0	HG00500	0	0	0	0.00	0	0
PSI	0	HG00512	0	0	0	0.00	0	0
PSI	0	HG00524	0	0	0	0.00	0	0
PSI	0	HG00409	0	0	0	0.00	0	0
PSI	0	HG00656	0	0	0	0.00	0	0
PSI	0	HG00536	0	0	0	0.00	0	0
PSI	0	HG00442	0	0	0	0.00	0	0
PSI	0	HG00559	0	0	0	0.00	0	0
PSI	0	HG00598	0	0	0	0.00	0	0
PSI	0	HG00613	0	0	0	0.00	0	0
PSI	0	HG00625	0	0	0	0.00	0	0
PSI	0	HG00580	0	0	0	0.00	0	0
PSI	0	HG00592	0	0	0	0.00	0	0
PSI	0	HG00707	0	0	0	0.00	0	0
PSI	0	HG00403	0	0	0	0.00	0	0
PSI	0	HG00530	0	0	0	0.00	0	0
PSI	0	HG00542	0	0	0	0.00	0	0
PSI	0	HG00472	0	0	0	0.00	0	0
PSI	0	HG00427	0	0	0	0.00	0	0
PSI	0	HG00698	0	0	0	0.00	0	0
PSI	0	HG00701	0	0	0	0.00	0	0
PSI	0	NA18544	0	0	0	0.00	0	0
PSI	0	HG00631	0	0	0	0.00	0	0
PSI	0	NA18549	0	0	0	0.00	0	0
PSI	0	HG00650	0	0	0	0.00	0	0
PSI	0	HG00662	0	0	0	0.00	0	0
PSI	0	HG00674	0	0	0	0.00	0	0
PSI	0	HG01596	0	0	0	0.00	0	0
PSI	0	NA18563	0	0	0	0.00	0	0
PSI	0	NA18621	0	0	0	0.00	0	0
PSI	0	NA18633	0	0	0	0.00	0	0
PSI	0	NA18638	0	0	0	0.00	0	0
PSI	0	NA19004	0	0	0	0.00	0	0
PSI	0	NA19009	0	0	0	0.00	0	0
PSI	0	NA19085	0	0	0	0.00	0	0
PSI	0	NA19066	0	0	0	0.00	0	0
PSI	0	HG01844	0	0	0	0.00	0	0
PSI	0	HG01849	0	0	0	0.00	0	0
PSI	0	NA18974	0	0	0	0.00	0	0
PSI	0	NA18986	0	0	0	0.00	0	0
PSI	0	HG02020	0	0	0	0.00	0	0
PSI	0	NA18943	0	0	0	0.00	0	0
PSI	0	NA18948	0	0	0	0.00	0	0
PSI	0	NA18962	0	0	0	0.00	0	0
PSI	0	NA18967	0	0	0	0.00	0	0
PSI	0	HG02082	0	0	0	0.00	0	0
PSI	0	NA18645	0	0	0	0.00	0	0
PSI	0	HG02070	0	0	0	0.00	0	0
PSI	0	HG02032	0	0	0	0.00	0	0
PSI	0	HG02138	0	0	0	0.00	0	0
PSI	0	HG01867	0	0	0	0.00	0	0
PSI	0	HG02050	0	0	0	0.00	0	0
PSI	0	HG02029	0	0	0	0.00	0	0
PSI	0	HG02067	0	0	0	0.00	0	0
PSI	0	HG02079	0	0	0	0.00	0	0
PSI	0	HG02017	0	0	0	0.00	0	0
PSI	0	HG02373	0	0	0	0.00	0	0
PSI	0	HG02380	0	0	0	0.00	0	0
PSI	0	HG02385	0	0	0	0.00	0	0
PSI	0	HG02392	0	0	0	0.00	0	0
PSI	0	HG02397	0	0	0	0.00	0	0
PSI	0	HG02137	0	0	0	0.00	0	0
PSI	0	HG02353	0	0	0	0.00	0	0
PSI	0	HG02360	0	0	0	0.00	0	0
PSI	0	HG02512	0	0	0	0.00	0	0
PSI	0	HG02524	0	0	0	0.00	0	0
PSI	0	HG02384	0	0	0	0.00	0	0
PSI	0	HG02389	0	0	0	0.00	0	0
PSI	0	HG02391	0	0	0	0.00	0	0
PSI	0	HG02396	0	0	0	0.00	0	0
PSI	0	HG02409	0	0	0	0.00	0	0
PSI	0	NA18559	0	0	0	0.00	0	0
PSI	0	NA18561	0	0	0	0.00	0	0
PSI	0	NA18605	0	0	0	0.00	0	0
PSI	0	NA18612	0	0	0	0.00	0	0
PSI	0	NA18530	0	0	0	0.00	0	0
PSI	0	NA18624	0	0	0	0.00	0	0
PSI	0	NA18629	0	0	0	0.00	0	0
PSI	0	NA18636	0	0	0	0.00	0	0
PSI	0	NA18643	0	0	0	0.00	0	0
PSI	0	NA18648	0	0	0	0.00	0	0
PSI	0	NA18749	0	0	0	0.00	0	0
PSI	0	NA19083	0	0	0	0.00	0	0
PSI	0	NA19088	0	0	0	0.00	0	0
PSI	0	NA18534	0	0	0	0.00	0	0
PSI	0	NA18546	0	0	0	0.00	0	0
PSI	0	NA18558	0	0	0	0.00	0	0
PSI	0	NA18572	0	0	0	0.00	0	0
PSI	0	NA18977	0	0	0	0.00	0	0
PSI	0	NA18609	0	0	0	0.00	0	0
PSI	0	NA18984	0	0	0	0.00	0	0
PSI	0	NA18611	0	0	0	0.00	0	0
PSI	0	NA18989	0	0	0	0.00	0	0
PSI	0	NA18623	0	0	0	0.00	0	0
PSI	0	NA18953	0	0	0	0.00	0	0
PSI	0	NA18635	0	0	0	0.00	0	0
PSI	0	NA18960	0	0	0	0.00	0	0
PSI	0	NA18965	0	0	0	0.00	0	0
PSI	0	NA19076	0	0	0	0.00	0	0
PSI	0	NA19007	0	0	0	0.00	0	0
PSI	0	NA18647	0	0	0	0.00	0	0
PSI	0	NA18748	0	0	0	0.00	0	0
PSI	0	NA19056	0	0	0	0.00	0	0
PSI	0	NA19063	0	0	0	0.00	0	0
PSI	0	NA19068	0	0	0	0.00	0	0
PSI	0	NA19070	0	0	0	0.00	0	0
PSI	0	NA19075	0	0	0	0.00	0	0
PSI	0	NA18940	0	0	0	0.00	0	0
PSI	0	NA19082	0	0	0	0.00	0	0
PSI	0	NA18983	0	0	0	0.00	0	0
PSI	0	NA18988	0	0	0	0.00	0	0
PSI	0	NA18990	0	0	0	0.00	0	0
PSI	0	NA18995	0	0	0	0.00	0	0
PSI	0	NA18945	0	0	0	0.00	0	0
PSI	0	NA18952	0	0	0	0.00	0	0
PSI	0	NA18971	0	0	0	0.00	0	0
PSI	0	NA19006	0	0	0	0.00	0	0
PSI	0	HG00556	0	0	0	0.00	0	0
PSI	0	HG00436	0	0	0	0.00	0	0
PSI	0	HG00448	0	0	0	0.00	0	0
PSI	0	HG00671	0	0	0	0.00	0	0
PSI	0	HG00683	0	0	0	0.00	0	0
PSI	0	HG00607	0	0	0	0.00	0	0
PSI	0	HG00619	0	0	0	0.00	0	0
PSI	0	HG01028	0	0	0	0.00	0	0
PSI	0	HG01864	0	0	0	0.00	0	0
PSI	0	HG01840	0	0	0	0.00	0	0
PSI	0	HG01852	0	0	0	0.00	0	0
PSI	0	HG02064	0	0	0	0.00	0	0
PSI	0	HG02076	0	0	0	0.00	0	0
PSI	0	HG02026	0	0	0	0.00	0	0
PSI	0	HG02040	0	0	0	0.00	0	0
PSI	0	HG02088	0	0	0	0.00	0	0
PSI	0	HG02122	0	0	0	0.00	0	0
PSI	0	HG02134	0	0	0	0.00	0	0
PSI	0	HG02141	0	0	0	0.00	0	0
PSI	0	HG02521	0	0	0	0.00	0	0
PSI	0	HG02398	0	0	0	0.00	0	0
PSI	0	HG02401	0	0	0	0.00	0	0
PSI	0	HG02406	0	0	0	0.00	0	0
PSI	0	HG02355	0	0	0	0.00	0	0
PSI	0	HG02367	0	0	0	0.00	0	0
PSI	0	HG02374	0	0	0	0.00	0	0
PSI	0	HG02379	0	0	0	0.00	0	0
PSI	0	HG02386	0	0	0	0.00	0	0
PSI	0	NA18562	0	0	0	0.00	0	0
PSI	0	NA18606	0	0	0	0.00	0	0
PSI	0	NA18740	0	0	0	0.00	0	0
PSI	0	NA18745	0	0	0	0.00	0	0
PSI	0	NA18757	0	0	0	0.00	0	0
PSI	0	NA18613	0	0	0	0.00	0	0
PSI	0	NA18620	0	0	0	0.00	0	0
PSI	0	NA18632	0	0	0	0.00	0	0
PSI	0	NA18637	0	0	0	0.00	0	0
PSI	0	NA18536	0	0	0	0.00	0	0
PSI	0	NA18543	0	0	0	0.00	0	0
PSI	0	NA18548	0	0	0	0.00	0	0
PSI	0	NA19058	0	0	0	0.00	0	0
PSI	0	NA19060	0	0	0	0.00	0	0
PSI	0	NA19072	0	0	0	0.00	0	0
PSI	0	NA18985	0	0	0	0.00	0	0
PSI	0	NA19089	0	0	0	0.00	0	0
PSI	0	NA19091	0	0	0	0.00	0	0
PSI	0	NA18959	0	0	0	0.00	0	0
PSI	0	NA18961	0	0	0	0.00	0	0
PSI	0	NA18966	0	0	0	0.00	0	0
# HWE
# HWE	[2]id	[3]1st ALT allele frequency	[4]Number of observations	[5]25th percentile	[6]median	[7]75th percentile
