# This file was produced by bcftools stats (1.9+htslib-1.9) and can be plotted using plot-vcfstats.
# The command line was:	bcftools stats  -v --samples-file /cromwell_root/fc-47de7dae-e8e6-429c-b760-b4ba49136eee/resources/1kgp/AFR.txt /cromwell_root/fc-51aefb1c-4e8e-4dcb-a59c-62e318ea351a/eada155b-f50d-4fe0-a789-18741315b7d3/subset_vcf_sample_list/1eb53323-3c3b-4d74-9da3-ea5f8f733e41/call-bgzip_bcftools_index/1kgp.chrY.recalibrated.snp_indel.pass.singleton.AFR_singleton.vcf.gz
#
# Definition of sets:
# ID	[2]id	[3]tab-separated file names
ID	0	/cromwell_root/fc-51aefb1c-4e8e-4dcb-a59c-62e318ea351a/eada155b-f50d-4fe0-a789-18741315b7d3/subset_vcf_sample_list/1eb53323-3c3b-4d74-9da3-ea5f8f733e41/call-bgzip_bcftools_index/1kgp.chrY.recalibrated.snp_indel.pass.singleton.AFR_singleton.vcf.gz
# SN, Summary numbers:
#   number of records   .. number of data rows in the VCF
#   number of no-ALTs   .. reference-only sites, ALT is either "." or identical to REF
#   number of SNPs      .. number of rows with a SNP
#   number of MNPs      .. number of rows with a MNP, such as CC>TT
#   number of indels    .. number of rows with an indel
#   number of others    .. number of rows with other type, for example a symbolic allele or
#                          a complex substitution, such as ACT>TCGA
#   number of multiallelic sites     .. number of rows with multiple alternate alleles
#   number of multiallelic SNP sites .. number of rows with multiple alternate alleles, all SNPs
# 
#   Note that rows containing multiple types will be counted multiple times, in each
#   counter. For example, a row with a SNP and an indel increments both the SNP and
#   the indel counter.
# 
# SN	[2]id	[3]key	[4]value
SN	0	number of samples:	337
SN	0	number of records:	184255
SN	0	number of no-ALTs:	0
SN	0	number of SNPs:	173522
SN	0	number of MNPs:	0
SN	0	number of indels:	11276
SN	0	number of others:	728
SN	0	number of multiallelic sites:	9796
SN	0	number of multiallelic SNP sites:	7004
# TSTV, transitions/transversions:
# TSTV	[2]id	[3]ts	[4]tv	[5]ts/tv	[6]ts (1st ALT)	[7]tv (1st ALT)	[8]ts/tv (1st ALT)
TSTV	0	101204	74276	1.36	99021	71140	1.39
# SiS, Singleton stats:
# SiS	[2]id	[3]allele count	[4]number of SNPs	[5]number of transitions	[6]number of transversions	[7]number of indels	[8]repeat-consistent	[9]repeat-inconsistent	[10]not applicable
SiS	0	1	28955	16622	12333	2561	0	0	2561
# AF, Stats by non-reference allele frequency:
# AF	[2]id	[3]allele frequency	[4]number of SNPs	[5]number of transitions	[6]number of transversions	[7]number of indels	[8]repeat-consistent	[9]repeat-inconsistent	[10]not applicable
AF	0	0.000000	149184	86452	62732	11059	0	0	11059
AF	0	0.002967	269	166	103	10	0	0	10
AF	0	0.005935	6992	4107	2885	913	0	0	913
AF	0	0.008902	4675	2721	1954	621	0	0	621
AF	0	0.011869	1728	987	741	318	0	0	318
AF	0	0.014837	1913	1164	749	290	0	0	290
AF	0	0.017804	493	257	236	152	0	0	152
AF	0	0.020772	339	168	171	115	0	0	115
AF	0	0.023739	311	153	158	84	0	0	84
AF	0	0.026706	833	490	343	120	0	0	120
AF	0	0.029674	233	115	118	68	0	0	68
AF	0	0.032641	542	297	245	80	0	0	80
AF	0	0.035608	210	89	121	52	0	0	52
AF	0	0.038576	310	160	150	62	0	0	62
AF	0	0.041543	124	61	63	43	0	0	43
AF	0	0.044510	141	74	67	41	0	0	41
AF	0	0.047478	91	43	48	27	0	0	27
AF	0	0.050445	121	69	52	34	0	0	34
AF	0	0.053412	100	50	50	34	0	0	34
AF	0	0.056380	74	35	39	29	0	0	29
AF	0	0.059347	99	57	42	26	0	0	26
AF	0	0.062315	585	361	224	61	0	0	61
AF	0	0.065282	75	33	42	17	0	0	17
AF	0	0.068249	44	21	23	21	0	0	21
AF	0	0.071217	66	28	38	24	0	0	24
AF	0	0.074184	50	17	33	21	0	0	21
AF	0	0.077151	54	20	34	20	0	0	20
AF	0	0.080119	41	22	19	20	0	0	20
AF	0	0.083086	45	21	24	14	0	0	14
AF	0	0.086053	46	25	21	15	0	0	15
AF	0	0.089021	34	11	23	10	0	0	10
AF	0	0.091988	70	34	36	21	0	0	21
AF	0	0.094955	36	19	17	9	0	0	9
AF	0	0.097923	29	16	13	12	0	0	12
AF	0	0.100890	28	11	17	17	0	0	17
AF	0	0.103858	22	11	11	11	0	0	11
AF	0	0.106825	31	17	14	8	0	0	8
AF	0	0.109792	27	8	19	6	0	0	6
AF	0	0.112760	24	5	19	11	0	0	11
AF	0	0.115727	22	9	13	10	0	0	10
AF	0	0.118694	36	12	24	6	0	0	6
AF	0	0.121662	27	12	15	9	0	0	9
AF	0	0.124629	40	17	23	6	0	0	6
AF	0	0.127596	23	14	9	6	0	0	6
AF	0	0.130564	25	13	12	4	0	0	4
AF	0	0.133531	25	13	12	10	0	0	10
AF	0	0.136499	22	13	9	7	0	0	7
AF	0	0.139466	32	19	13	9	0	0	9
AF	0	0.142433	29	15	14	3	0	0	3
AF	0	0.145401	16	4	12	5	0	0	5
AF	0	0.148368	29	11	18	7	0	0	7
AF	0	0.151335	20	11	9	7	0	0	7
AF	0	0.154303	20	9	11	5	0	0	5
AF	0	0.157270	18	9	9	3	0	0	3
AF	0	0.160237	20	9	11	2	0	0	2
AF	0	0.163205	13	7	6	3	0	0	3
AF	0	0.166172	29	11	18	4	0	0	4
AF	0	0.169139	10	6	4	0	0	0	0
AF	0	0.172107	23	11	12	3	0	0	3
AF	0	0.175074	11	5	6	3	0	0	3
AF	0	0.178042	11	5	6	8	0	0	8
AF	0	0.181009	20	6	14	4	0	0	4
AF	0	0.183976	11	6	5	5	0	0	5
AF	0	0.186944	14	6	8	3	0	0	3
AF	0	0.189911	17	8	9	2	0	0	2
AF	0	0.192878	9	4	5	0	0	0	0
AF	0	0.195846	20	8	12	3	0	0	3
AF	0	0.198813	21	12	9	5	0	0	5
AF	0	0.201780	12	6	6	4	0	0	4
AF	0	0.204748	15	7	8	5	0	0	5
AF	0	0.207715	12	7	5	1	0	0	1
AF	0	0.210682	16	7	9	2	0	0	2
AF	0	0.213650	16	10	6	1	0	0	1
AF	0	0.216617	5	2	3	3	0	0	3
AF	0	0.219585	16	6	10	3	0	0	3
AF	0	0.222552	8	5	3	1	0	0	1
AF	0	0.225519	17	8	9	1	0	0	1
AF	0	0.228487	13	6	7	4	0	0	4
AF	0	0.231454	12	6	6	1	0	0	1
AF	0	0.234421	16	11	5	4	0	0	4
AF	0	0.237389	12	5	7	5	0	0	5
AF	0	0.240356	14	5	9	1	0	0	1
AF	0	0.243323	12	2	10	2	0	0	2
AF	0	0.246291	9	2	7	2	0	0	2
AF	0	0.249258	35	22	13	4	0	0	4
AF	0	0.252226	54	26	28	4	0	0	4
AF	0	0.255193	11	1	10	0	0	0	0
AF	0	0.258160	18	8	10	2	0	0	2
AF	0	0.261128	11	5	6	5	0	0	5
AF	0	0.264095	12	8	4	4	0	0	4
AF	0	0.267062	11	4	7	1	0	0	1
AF	0	0.270030	8	6	2	3	0	0	3
AF	0	0.272997	11	7	4	1	0	0	1
AF	0	0.275964	9	4	5	2	0	0	2
AF	0	0.278932	10	7	3	2	0	0	2
AF	0	0.281899	9	3	6	1	0	0	1
AF	0	0.284866	6	2	4	3	0	0	3
AF	0	0.287834	8	3	5	1	0	0	1
AF	0	0.290801	13	8	5	1	0	0	1
AF	0	0.293769	9	5	4	3	0	0	3
AF	0	0.296736	20	7	13	4	0	0	4
AF	0	0.299703	11	5	6	0	0	0	0
AF	0	0.302671	34	16	18	6	0	0	6
AF	0	0.305638	15	6	9	2	0	0	2
AF	0	0.308605	10	4	6	2	0	0	2
AF	0	0.311573	9	2	7	3	0	0	3
AF	0	0.314540	17	9	8	2	0	0	2
AF	0	0.317507	22	9	13	4	0	0	4
AF	0	0.320475	32	20	12	4	0	0	4
AF	0	0.323442	17	7	10	4	0	0	4
AF	0	0.326409	6	3	3	4	0	0	4
AF	0	0.329377	3	1	2	1	0	0	1
AF	0	0.332344	23	13	10	4	0	0	4
AF	0	0.335312	13	7	6	1	0	0	1
AF	0	0.338279	6	2	4	0	0	0	0
AF	0	0.341246	11	4	7	0	0	0	0
AF	0	0.344214	11	4	7	2	0	0	2
AF	0	0.347181	14	10	4	5	0	0	5
AF	0	0.350148	7	4	3	1	0	0	1
AF	0	0.353116	9	4	5	0	0	0	0
AF	0	0.356083	9	4	5	2	0	0	2
AF	0	0.359050	8	2	6	2	0	0	2
AF	0	0.362018	9	6	3	1	0	0	1
AF	0	0.364985	19	12	7	1	0	0	1
AF	0	0.367953	10	6	4	2	0	0	2
AF	0	0.370920	8	5	3	2	0	0	2
AF	0	0.373887	12	7	5	4	0	0	4
AF	0	0.376855	9	3	6	1	0	0	1
AF	0	0.379822	6	3	3	1	0	0	1
AF	0	0.382789	9	6	3	3	0	0	3
AF	0	0.385757	16	10	6	2	0	0	2
AF	0	0.388724	11	2	9	1	0	0	1
AF	0	0.391691	13	4	9	0	0	0	0
AF	0	0.394659	7	3	4	1	0	0	1
AF	0	0.397626	19	7	12	5	0	0	5
AF	0	0.400593	14	7	7	2	0	0	2
AF	0	0.403561	12	4	8	2	0	0	2
AF	0	0.406528	4	1	3	2	0	0	2
AF	0	0.409496	9	3	6	0	0	0	0
AF	0	0.412463	8	5	3	3	0	0	3
AF	0	0.415430	9	4	5	1	0	0	1
AF	0	0.418398	10	3	7	1	0	0	1
AF	0	0.421365	4	1	3	1	0	0	1
AF	0	0.424332	10	4	6	1	0	0	1
AF	0	0.427300	9	6	3	0	0	0	0
AF	0	0.430267	4	2	2	1	0	0	1
AF	0	0.433234	11	4	7	0	0	0	0
AF	0	0.436202	14	9	5	3	0	0	3
AF	0	0.439169	14	8	6	0	0	0	0
AF	0	0.442136	12	5	7	3	0	0	3
AF	0	0.445104	9	7	2	2	0	0	2
AF	0	0.448071	7	4	3	1	0	0	1
AF	0	0.451039	6	2	4	3	0	0	3
AF	0	0.454006	19	11	8	2	0	0	2
AF	0	0.456973	9	6	3	1	0	0	1
AF	0	0.459941	16	9	7	2	0	0	2
AF	0	0.462908	7	5	2	2	0	0	2
AF	0	0.465875	11	6	5	2	0	0	2
AF	0	0.468843	8	2	6	0	0	0	0
AF	0	0.471810	14	8	6	1	0	0	1
AF	0	0.474777	15	7	8	2	0	0	2
AF	0	0.477745	14	5	9	0	0	0	0
AF	0	0.480712	9	3	6	1	0	0	1
AF	0	0.483680	17	11	6	1	0	0	1
AF	0	0.486647	19	11	8	0	0	0	0
AF	0	0.489614	7	3	4	1	0	0	1
AF	0	0.492582	15	9	6	0	0	0	0
AF	0	0.495549	5	4	1	0	0	0	0
AF	0	0.498516	15	5	10	4	0	0	4
AF	0	0.501484	10	6	4	0	0	0	0
AF	0	0.504451	16	6	10	1	0	0	1
AF	0	0.507418	15	9	6	0	0	0	0
AF	0	0.510386	20	7	13	1	0	0	1
AF	0	0.513353	13	6	7	0	0	0	0
AF	0	0.516320	16	11	5	0	0	0	0
AF	0	0.519288	12	2	10	0	0	0	0
AF	0	0.522255	11	3	8	4	0	0	4
AF	0	0.525223	7	5	2	0	0	0	0
AF	0	0.528190	6	2	4	1	0	0	1
AF	0	0.531157	9	7	2	1	0	0	1
AF	0	0.534125	13	9	4	2	0	0	2
AF	0	0.537092	10	6	4	1	0	0	1
AF	0	0.540059	11	4	7	0	0	0	0
AF	0	0.543027	10	5	5	0	0	0	0
AF	0	0.545994	9	4	5	0	0	0	0
AF	0	0.548961	4	4	0	1	0	0	1
AF	0	0.551929	10	6	4	0	0	0	0
AF	0	0.554896	4	3	1	3	0	0	3
AF	0	0.557864	11	6	5	0	0	0	0
AF	0	0.560831	6	3	3	1	0	0	1
AF	0	0.563798	11	6	5	1	0	0	1
AF	0	0.566766	2	2	0	3	0	0	3
AF	0	0.569733	10	5	5	0	0	0	0
AF	0	0.572700	5	4	1	0	0	0	0
AF	0	0.575668	8	3	5	2	0	0	2
AF	0	0.578635	3	0	3	1	0	0	1
AF	0	0.581602	12	4	8	4	0	0	4
AF	0	0.584570	4	2	2	0	0	0	0
AF	0	0.587537	9	5	4	2	0	0	2
AF	0	0.590504	4	3	1	1	0	0	1
AF	0	0.593472	9	5	4	0	0	0	0
AF	0	0.596439	8	5	3	1	0	0	1
AF	0	0.599407	1	0	1	0	0	0	0
AF	0	0.602374	6	1	5	1	0	0	1
AF	0	0.605341	4	2	2	0	0	0	0
AF	0	0.608309	8	4	4	4	0	0	4
AF	0	0.611276	5	0	5	1	0	0	1
AF	0	0.614243	7	4	3	0	0	0	0
AF	0	0.617211	3	1	2	2	0	0	2
AF	0	0.620178	4	1	3	0	0	0	0
AF	0	0.623145	4	1	3	2	0	0	2
AF	0	0.626113	6	2	4	2	0	0	2
AF	0	0.629080	4	3	1	2	0	0	2
AF	0	0.632047	5	2	3	3	0	0	3
AF	0	0.635015	2	0	2	0	0	0	0
AF	0	0.637982	5	1	4	1	0	0	1
AF	0	0.640950	3	0	3	0	0	0	0
AF	0	0.643917	6	2	4	2	0	0	2
AF	0	0.646884	5	2	3	0	0	0	0
AF	0	0.649852	2	1	1	3	0	0	3
AF	0	0.652819	9	2	7	1	0	0	1
AF	0	0.655786	2	0	2	1	0	0	1
AF	0	0.658754	4	3	1	5	0	0	5
AF	0	0.661721	1	0	1	1	0	0	1
AF	0	0.664688	17	11	6	2	0	0	2
AF	0	0.667656	5	3	2	0	0	0	0
AF	0	0.670623	5	1	4	1	0	0	1
AF	0	0.673591	4	1	3	1	0	0	1
AF	0	0.676558	8	1	7	0	0	0	0
AF	0	0.679525	5	1	4	0	0	0	0
AF	0	0.682493	3	3	0	4	0	0	4
AF	0	0.685460	4	2	2	1	0	0	1
AF	0	0.688427	4	3	1	1	0	0	1
AF	0	0.691395	3	3	0	2	0	0	2
AF	0	0.694362	5	3	2	2	0	0	2
AF	0	0.697329	7	4	3	2	0	0	2
AF	0	0.700297	6	3	3	3	0	0	3
AF	0	0.703264	3	1	2	3	0	0	3
AF	0	0.706231	7	2	5	4	0	0	4
AF	0	0.709199	6	3	3	0	0	0	0
AF	0	0.712166	4	1	3	2	0	0	2
AF	0	0.715134	2	1	1	3	0	0	3
AF	0	0.718101	6	4	2	2	0	0	2
AF	0	0.721068	9	5	4	3	0	0	3
AF	0	0.724036	3	1	2	2	0	0	2
AF	0	0.727003	3	0	3	0	0	0	0
AF	0	0.729970	8	3	5	1	0	0	1
AF	0	0.732938	0	0	0	4	0	0	4
AF	0	0.735905	2	2	0	3	0	0	3
AF	0	0.738872	9	2	7	2	0	0	2
AF	0	0.741840	13	4	9	1	0	0	1
AF	0	0.744807	6	4	2	2	0	0	2
AF	0	0.747774	18	9	9	4	0	0	4
AF	0	0.750742	10	7	3	5	0	0	5
AF	0	0.753709	23	11	12	5	0	0	5
AF	0	0.756677	89	62	27	10	0	0	10
AF	0	0.759644	13	8	5	2	0	0	2
AF	0	0.762611	2	1	1	5	0	0	5
AF	0	0.765579	7	4	3	1	0	0	1
AF	0	0.768546	8	4	4	4	0	0	4
AF	0	0.771513	5	2	3	0	0	0	0
AF	0	0.774481	11	5	6	5	0	0	5
AF	0	0.777448	3	2	1	4	0	0	4
AF	0	0.780415	5	2	3	4	0	0	4
AF	0	0.783383	5	2	3	2	0	0	2
AF	0	0.786350	11	5	6	5	0	0	5
AF	0	0.789318	16	8	8	9	0	0	9
AF	0	0.792285	33	20	13	9	0	0	9
AF	0	0.795252	346	210	136	24	0	0	24
AF	0	0.798220	6	2	4	6	0	0	6
AF	0	0.801187	9	5	4	6	0	0	6
AF	0	0.804154	9	0	9	5	0	0	5
AF	0	0.807122	7	3	4	5	0	0	5
AF	0	0.810089	3	0	3	6	0	0	6
AF	0	0.813056	12	7	5	4	0	0	4
AF	0	0.816024	9	6	3	2	0	0	2
AF	0	0.818991	16	11	5	1	0	0	1
AF	0	0.821958	128	79	49	7	0	0	7
AF	0	0.824926	7	3	4	2	0	0	2
AF	0	0.827893	6	5	1	3	0	0	3
AF	0	0.830861	13	8	5	5	0	0	5
AF	0	0.833828	5	3	2	2	0	0	2
AF	0	0.836795	5	2	3	5	0	0	5
AF	0	0.839763	3	1	2	0	0	0	0
AF	0	0.842730	8	2	6	1	0	0	1
AF	0	0.845697	8	3	5	2	0	0	2
AF	0	0.848665	6	1	5	2	0	0	2
AF	0	0.851632	9	5	4	4	0	0	4
AF	0	0.854599	6	1	5	2	0	0	2
AF	0	0.857567	9	3	6	6	0	0	6
AF	0	0.860534	7	3	4	6	0	0	6
AF	0	0.863501	7	2	5	3	0	0	3
AF	0	0.866469	7	4	3	3	0	0	3
AF	0	0.869436	5	2	3	1	0	0	1
AF	0	0.872404	10	4	6	2	0	0	2
AF	0	0.875371	7	1	6	3	0	0	3
AF	0	0.878338	10	4	6	3	0	0	3
AF	0	0.881306	8	2	6	5	0	0	5
AF	0	0.884273	26	18	8	2	0	0	2
AF	0	0.887240	7	3	4	3	0	0	3
AF	0	0.890208	5	1	4	2	0	0	2
AF	0	0.893175	9	4	5	7	0	0	7
AF	0	0.896142	22	13	9	6	0	0	6
AF	0	0.899110	233	148	85	16	0	0	16
AF	0	0.902077	12	7	5	4	0	0	4
AF	0	0.905045	10	4	6	2	0	0	2
AF	0	0.908012	9	5	4	1	0	0	1
AF	0	0.910979	10	4	6	5	0	0	5
AF	0	0.913947	10	6	4	2	0	0	2
AF	0	0.916914	13	3	10	3	0	0	3
AF	0	0.919881	18	11	7	3	0	0	3
AF	0	0.922849	16	7	9	3	0	0	3
AF	0	0.925816	10	3	7	2	0	0	2
AF	0	0.928783	29	14	15	5	0	0	5
AF	0	0.931751	249	161	88	15	0	0	15
AF	0	0.934718	20	14	6	3	0	0	3
AF	0	0.937685	12	6	6	3	0	0	3
AF	0	0.940653	8	4	4	3	0	0	3
AF	0	0.943620	11	2	9	1	0	0	1
AF	0	0.946588	16	6	10	6	0	0	6
AF	0	0.949555	12	8	4	8	0	0	8
AF	0	0.952522	12	8	4	2	0	0	2
AF	0	0.955490	25	11	14	5	0	0	5
AF	0	0.958457	71	34	37	10	0	0	10
AF	0	0.961424	614	385	229	20	0	0	20
AF	0	0.964392	8	4	4	1	0	0	1
AF	0	0.967359	12	4	8	0	0	0	0
AF	0	0.970326	20	10	10	4	0	0	4
AF	0	0.973294	22	3	19	1	0	0	1
AF	0	0.976261	15	5	10	0	0	0	0
AF	0	0.979228	20	5	15	0	0	0	0
AF	0	0.982196	21	9	12	0	0	0	0
AF	0	0.985163	16	4	12	1	0	0	1
AF	0	0.988131	27	12	15	3	0	0	3
AF	0	0.991098	37	19	18	2	0	0	2
AF	0	0.994065	7	3	4	3	0	0	3
AF	0	0.997033	312	145	167	38	0	0	38
# QUAL, Stats by quality:
# QUAL	[2]id	[3]Quality	[4]number of SNPs	[5]number of transitions (1st ALT)	[6]number of transversions (1st ALT)	[7]number of indels
QUAL	0	30	134	72	62	0
QUAL	0	31	225	122	103	0
QUAL	0	32	312	162	150	0
QUAL	0	33	185	97	88	0
QUAL	0	34	186	103	83	0
QUAL	0	35	203	95	108	1
QUAL	0	36	143	64	79	0
QUAL	0	37	310	159	151	0
QUAL	0	38	411	210	201	0
QUAL	0	39	160	88	72	0
QUAL	0	40	158	79	79	0
QUAL	0	41	163	80	83	2
QUAL	0	42	133	63	70	0
QUAL	0	43	103	45	58	0
QUAL	0	44	127	55	72	3
QUAL	0	45	90	38	52	1
QUAL	0	46	103	53	50	0
QUAL	0	47	124	63	61	1
QUAL	0	48	98	49	49	0
QUAL	0	49	94	49	45	1
QUAL	0	50	89	42	47	1
QUAL	0	51	89	48	41	2
QUAL	0	52	96	49	47	1
QUAL	0	53	83	40	43	1
QUAL	0	54	106	52	54	3
QUAL	0	55	83	42	41	2
QUAL	0	56	97	52	45	0
QUAL	0	57	273	147	126	12
QUAL	0	58	674	310	364	18
QUAL	0	59	223	97	126	5
QUAL	0	60	257	105	152	6
QUAL	0	61	146	67	79	4
QUAL	0	62	183	82	101	1
QUAL	0	63	210	110	100	1
QUAL	0	64	164	85	79	2
QUAL	0	65	128	67	61	1
QUAL	0	66	113	59	53	1
QUAL	0	67	115	49	66	1
QUAL	0	68	104	49	55	1
QUAL	0	69	118	57	61	0
QUAL	0	70	128	56	72	2
QUAL	0	71	270	128	142	1
QUAL	0	72	332	153	179	1
QUAL	0	73	142	91	51	1
QUAL	0	74	104	51	53	1
QUAL	0	75	108	48	60	3
QUAL	0	76	105	56	49	1
QUAL	0	77	136	59	77	0
QUAL	0	78	80	38	42	2
QUAL	0	79	81	37	44	0
QUAL	0	80	83	33	48	2
QUAL	0	81	112	54	57	1
QUAL	0	82	112	52	59	0
QUAL	0	83	74	38	34	1
QUAL	0	84	75	38	37	0
QUAL	0	85	59	29	30	0
QUAL	0	86	87	42	44	0
QUAL	0	87	89	42	46	1
QUAL	0	88	83	44	39	2
QUAL	0	89	82	44	38	3
QUAL	0	90	70	37	33	0
QUAL	0	91	78	38	37	0
QUAL	0	92	81	43	37	0
QUAL	0	93	106	48	58	0
QUAL	0	94	87	47	39	1
QUAL	0	95	167	91	74	1
QUAL	0	96	95	54	40	1
QUAL	0	97	108	54	50	0
QUAL	0	98	95	34	60	0
QUAL	0	99	78	40	36	1
QUAL	0	100	62	25	37	1
QUAL	0	101	75	34	39	0
QUAL	0	102	160	83	77	6
QUAL	0	103	309	134	175	3
QUAL	0	104	100	45	53	1
QUAL	0	105	107	42	60	1
QUAL	0	106	222	122	98	2
QUAL	0	107	286	149	136	2
QUAL	0	108	103	51	50	1
QUAL	0	109	84	40	43	0
QUAL	0	110	57	28	28	0
QUAL	0	111	62	26	32	1
QUAL	0	112	61	31	28	0
QUAL	0	113	67	30	37	2
QUAL	0	114	53	22	30	1
QUAL	0	115	60	31	28	0
QUAL	0	116	87	45	37	2
QUAL	0	117	88	47	41	1
QUAL	0	118	64	33	30	0
QUAL	0	119	54	24	29	4
QUAL	0	120	73	36	27	1
QUAL	0	121	98	52	41	1
QUAL	0	122	146	59	85	4
QUAL	0	123	82	36	42	4
QUAL	0	124	55	27	27	2
QUAL	0	125	66	38	26	1
QUAL	0	126	78	40	37	3
QUAL	0	127	139	70	67	3
QUAL	0	128	76	35	39	0
QUAL	0	129	58	31	27	1
QUAL	0	130	68	44	22	3
QUAL	0	131	89	42	47	1
QUAL	0	132	93	55	37	0
QUAL	0	133	67	33	33	1
QUAL	0	134	68	31	34	0
QUAL	0	135	54	28	26	2
QUAL	0	136	61	33	26	1
QUAL	0	137	59	31	26	2
QUAL	0	138	59	26	32	1
QUAL	0	139	65	30	33	2
QUAL	0	140	68	26	42	0
QUAL	0	141	236	114	119	1
QUAL	0	142	251	134	116	2
QUAL	0	143	76	35	38	0
QUAL	0	144	88	40	47	2
QUAL	0	145	67	37	29	2
QUAL	0	146	52	19	32	4
QUAL	0	147	133	59	72	5
QUAL	0	148	148	61	87	4
QUAL	0	149	69	25	43	1
QUAL	0	150	92	39	48	5
QUAL	0	151	75	39	36	1
QUAL	0	152	55	29	26	3
QUAL	0	153	57	22	32	0
QUAL	0	154	44	24	18	2
QUAL	0	155	38	15	22	3
QUAL	0	156	62	37	24	0
QUAL	0	157	61	27	31	2
QUAL	0	158	56	27	28	2
QUAL	0	159	67	37	30	0
QUAL	0	160	40	21	19	1
QUAL	0	161	62	29	32	6
QUAL	0	162	59	29	29	1
QUAL	0	163	44	18	22	3
QUAL	0	164	60	36	23	1
QUAL	0	165	56	33	22	2
QUAL	0	166	110	57	51	1
QUAL	0	167	122	66	56	2
QUAL	0	168	56	29	27	1
QUAL	0	169	66	31	33	1
QUAL	0	170	70	35	33	4
QUAL	0	171	41	16	23	1
QUAL	0	172	50	21	29	0
QUAL	0	173	58	27	30	2
QUAL	0	174	70	33	37	1
QUAL	0	175	95	46	47	2
QUAL	0	176	289	164	123	1
QUAL	0	177	286	180	102	0
QUAL	0	178	54	28	22	2
QUAL	0	179	54	30	24	1
QUAL	0	180	43	21	22	2
QUAL	0	181	63	33	26	2
QUAL	0	182	51	29	21	1
QUAL	0	183	60	30	26	0
QUAL	0	184	57	30	26	1
QUAL	0	185	83	46	35	3
QUAL	0	186	95	50	41	2
QUAL	0	187	53	29	22	1
QUAL	0	188	61	28	32	1
QUAL	0	189	57	29	24	2
QUAL	0	190	80	43	36	2
QUAL	0	191	60	29	28	2
QUAL	0	192	70	40	30	11
QUAL	0	193	125	60	63	6
QUAL	0	194	47	18	27	2
QUAL	0	195	64	32	31	3
QUAL	0	196	65	34	30	3
QUAL	0	197	51	26	23	2
QUAL	0	198	56	32	23	1
QUAL	0	199	39	25	13	5
QUAL	0	200	72	43	27	2
QUAL	0	201	100	53	47	1
QUAL	0	202	57	27	28	2
QUAL	0	203	39	19	19	0
QUAL	0	204	62	34	27	0
QUAL	0	205	40	19	21	0
QUAL	0	206	48	27	17	1
QUAL	0	207	63	35	25	0
QUAL	0	208	67	36	30	0
QUAL	0	209	46	20	23	0
QUAL	0	210	352	195	155	2
QUAL	0	211	406	229	176	6
QUAL	0	212	59	28	27	4
QUAL	0	213	52	21	30	0
QUAL	0	214	43	25	16	2
QUAL	0	215	40	17	22	3
QUAL	0	216	61	20	37	4
QUAL	0	217	51	27	22	2
QUAL	0	218	37	15	21	1
QUAL	0	219	44	16	25	1
QUAL	0	220	107	65	41	2
QUAL	0	221	111	71	39	3
QUAL	0	222	60	34	25	2
QUAL	0	223	45	21	23	4
QUAL	0	224	36	16	16	10
QUAL	0	225	71	34	35	3
QUAL	0	226	59	26	30	3
QUAL	0	227	53	33	18	4
QUAL	0	228	58	33	23	6
QUAL	0	229	45	26	19	9
QUAL	0	230	61	34	22	4
QUAL	0	231	46	20	25	0
QUAL	0	232	38	22	14	2
QUAL	0	233	60	31	26	1
QUAL	0	234	51	26	25	0
QUAL	0	235	91	47	43	4
QUAL	0	236	111	59	52	3
QUAL	0	237	83	45	36	7
QUAL	0	238	97	40	56	10
QUAL	0	239	65	27	36	1
QUAL	0	240	61	30	31	1
QUAL	0	241	49	24	24	4
QUAL	0	242	85	50	35	2
QUAL	0	243	55	29	26	3
QUAL	0	244	79	40	37	0
QUAL	0	245	492	283	205	2
QUAL	0	246	497	305	191	2
QUAL	0	247	37	16	19	7
QUAL	0	248	56	25	31	2
QUAL	0	249	31	14	14	2
QUAL	0	250	31	15	12	5
QUAL	0	251	50	27	21	2
QUAL	0	252	38	21	16	4
QUAL	0	253	35	17	18	8
QUAL	0	254	69	35	34	6
QUAL	0	255	127	82	45	1
QUAL	0	256	122	62	55	2
QUAL	0	257	45	18	27	5
QUAL	0	258	35	17	18	2
QUAL	0	259	41	22	19	1
QUAL	0	260	81	49	30	2
QUAL	0	261	73	37	34	0
QUAL	0	262	42	20	22	4
QUAL	0	263	43	26	15	3
QUAL	0	264	47	32	15	0
QUAL	0	265	68	34	33	0
QUAL	0	266	47	25	22	1
QUAL	0	267	38	15	22	2
QUAL	0	268	49	27	20	3
QUAL	0	269	55	33	19	3
QUAL	0	270	106	57	46	3
QUAL	0	271	135	81	52	2
QUAL	0	272	44	15	28	7
QUAL	0	273	30	13	15	2
QUAL	0	274	75	43	31	0
QUAL	0	275	62	32	28	3
QUAL	0	276	50	24	25	2
QUAL	0	277	97	57	40	14
QUAL	0	278	111	66	44	10
QUAL	0	279	144	91	53	4
QUAL	0	280	733	431	301	3
QUAL	0	281	669	398	269	6
QUAL	0	282	49	29	20	20
QUAL	0	283	73	34	37	9
QUAL	0	284	36	19	15	2
QUAL	0	285	34	18	15	3
QUAL	0	286	68	31	37	4
QUAL	0	287	42	19	23	5
QUAL	0	288	42	25	17	6
QUAL	0	289	159	100	59	3
QUAL	0	290	170	85	84	2
QUAL	0	291	32	11	20	1
QUAL	0	292	54	24	29	3
QUAL	0	293	37	18	18	3
QUAL	0	294	49	30	18	4
QUAL	0	295	80	38	41	1
QUAL	0	296	78	45	33	2
QUAL	0	297	36	15	19	5
QUAL	0	298	35	16	18	0
QUAL	0	299	53	32	21	1
QUAL	0	300	67	23	42	2
QUAL	0	301	50	25	21	5
QUAL	0	302	47	31	15	6
QUAL	0	303	51	30	21	8
QUAL	0	304	68	44	23	3
QUAL	0	305	159	100	59	2
QUAL	0	306	139	75	64	6
QUAL	0	307	37	19	18	2
QUAL	0	308	41	24	15	2
QUAL	0	309	85	46	37	12
QUAL	0	310	35	18	16	11
QUAL	0	311	53	18	33	4
QUAL	0	312	124	76	45	7
QUAL	0	313	100	50	50	4
QUAL	0	314	200	112	85	7
QUAL	0	315	888	529	358	4
QUAL	0	316	787	466	320	12
QUAL	0	317	42	15	23	13
QUAL	0	318	51	25	26	2
QUAL	0	319	49	26	21	1
QUAL	0	320	44	24	19	3
QUAL	0	321	39	23	16	6
QUAL	0	322	30	14	14	3
QUAL	0	323	54	28	24	2
QUAL	0	324	214	118	95	4
QUAL	0	325	201	104	96	1
QUAL	0	326	60	26	32	5
QUAL	0	327	47	21	25	27
QUAL	0	328	70	31	37	8
QUAL	0	329	125	62	61	3
QUAL	0	330	123	81	42	1
QUAL	0	331	59	28	29	6
QUAL	0	332	37	16	21	12
QUAL	0	333	48	21	27	11
QUAL	0	334	78	47	29	2
QUAL	0	335	63	40	23	2
QUAL	0	336	40	18	18	1
QUAL	0	337	65	36	24	4
QUAL	0	338	59	31	27	8
QUAL	0	339	172	101	70	9
QUAL	0	340	214	121	91	6
QUAL	0	341	37	20	16	10
QUAL	0	342	39	16	22	9
QUAL	0	343	75	38	33	6
QUAL	0	344	57	30	23	5
QUAL	0	345	57	35	20	3
QUAL	0	346	117	71	43	4
QUAL	0	347	81	38	39	1
QUAL	0	348	166	94	70	1
QUAL	0	349	1144	687	457	3
QUAL	0	350	1076	643	431	1
QUAL	0	351	42	20	19	5
QUAL	0	352	48	26	21	1
QUAL	0	353	44	25	18	2
QUAL	0	354	40	23	17	3
QUAL	0	355	70	34	34	1
QUAL	0	356	49	25	21	4
QUAL	0	357	48	25	23	4
QUAL	0	358	69	38	29	7
QUAL	0	359	245	136	107	10
QUAL	0	360	198	122	71	9
QUAL	0	361	44	25	17	17
QUAL	0	362	43	26	15	14
QUAL	0	363	61	35	25	13
QUAL	0	364	144	76	66	6
QUAL	0	365	130	67	61	3
QUAL	0	366	49	31	17	3
QUAL	0	367	35	18	15	10
QUAL	0	368	71	41	28	3
QUAL	0	369	76	32	43	3
QUAL	0	370	49	28	18	8
QUAL	0	371	43	12	27	15
QUAL	0	372	108	52	53	71
QUAL	0	373	84	40	43	14
QUAL	0	374	227	151	76	7
QUAL	0	375	249	138	108	3
QUAL	0	376	40	18	21	2
QUAL	0	377	37	18	17	0
QUAL	0	378	96	47	47	3
QUAL	0	379	67	26	40	4
QUAL	0	380	45	24	18	4
QUAL	0	381	112	64	45	8
QUAL	0	382	111	59	51	3
QUAL	0	383	214	120	93	2
QUAL	0	384	1307	767	540	4
QUAL	0	385	1228	764	463	4
QUAL	0	386	27	14	12	3
QUAL	0	387	44	22	21	6
QUAL	0	388	37	22	13	1
QUAL	0	389	47	25	22	9
QUAL	0	390	58	29	28	3
QUAL	0	391	50	30	20	7
QUAL	0	392	43	25	18	9
QUAL	0	393	88	53	34	4
QUAL	0	394	283	170	113	7
QUAL	0	395	238	154	83	12
QUAL	0	396	34	20	14	10
QUAL	0	397	47	20	25	2
QUAL	0	398	62	31	28	0
QUAL	0	399	197	118	76	3
QUAL	0	400	170	101	68	5
QUAL	0	401	42	22	16	6
QUAL	0	402	42	20	22	16
QUAL	0	403	71	40	30	13
QUAL	0	404	80	55	23	5
QUAL	0	405	39	24	15	8
QUAL	0	406	48	21	27	7
QUAL	0	407	78	42	34	5
QUAL	0	408	110	64	42	2
QUAL	0	409	272	176	96	2
QUAL	0	410	256	141	114	1
QUAL	0	411	34	16	18	5
QUAL	0	412	34	16	16	15
QUAL	0	413	96	57	36	6
QUAL	0	414	70	43	26	1
QUAL	0	415	84	42	40	9
QUAL	0	416	128	69	59	8
QUAL	0	417	180	105	74	58
QUAL	0	418	331	196	134	9
QUAL	0	419	1478	892	586	3
QUAL	0	420	1243	789	453	7
QUAL	0	421	30	18	12	4
QUAL	0	422	55	34	20	6
QUAL	0	423	58	27	28	7
QUAL	0	424	55	35	19	16
QUAL	0	425	72	40	32	10
QUAL	0	426	53	27	24	5
QUAL	0	427	66	37	29	3
QUAL	0	428	310	194	114	1
QUAL	0	429	244	143	101	1
QUAL	0	430	31	19	8	3
QUAL	0	431	34	15	18	11
QUAL	0	432	50	27	22	13
QUAL	0	433	84	49	33	6
QUAL	0	434	192	121	70	3
QUAL	0	435	173	94	78	4
QUAL	0	436	43	22	17	1
QUAL	0	437	55	31	22	5
QUAL	0	438	72	37	34	3
QUAL	0	439	78	44	33	4
QUAL	0	440	33	18	15	7
QUAL	0	441	36	25	11	4
QUAL	0	442	66	39	26	8
QUAL	0	443	135	69	62	5
QUAL	0	444	264	156	108	9
QUAL	0	445	236	136	99	6
QUAL	0	446	35	15	19	3
QUAL	0	447	48	24	22	3
QUAL	0	448	94	58	34	12
QUAL	0	449	54	33	20	10
QUAL	0	450	54	26	28	9
QUAL	0	451	160	93	67	10
QUAL	0	452	185	97	86	25
QUAL	0	453	401	236	164	12
QUAL	0	454	1469	925	544	9
QUAL	0	455	1279	778	500	8
QUAL	0	456	27	11	15	4
QUAL	0	457	55	29	26	4
QUAL	0	458	61	32	27	4
QUAL	0	459	53	37	16	8
QUAL	0	460	58	29	27	3
QUAL	0	461	61	29	32	6
QUAL	0	462	118	67	48	53
QUAL	0	463	375	216	159	9
QUAL	0	464	280	170	110	7
QUAL	0	465	34	19	15	3
QUAL	0	466	32	14	16	9
QUAL	0	467	55	24	30	8
QUAL	0	468	216	138	76	3
QUAL	0	469	220	122	97	2
QUAL	0	470	49	28	19	3
QUAL	0	471	41	27	13	4
QUAL	0	472	41	23	16	4
QUAL	0	473	89	51	36	1
QUAL	0	474	68	37	31	9
QUAL	0	475	34	21	12	2
QUAL	0	476	59	36	22	6
QUAL	0	477	70	40	29	11
QUAL	0	478	331	202	128	6
QUAL	0	479	328	210	116	2
QUAL	0	480	40	16	23	5
QUAL	0	481	33	24	8	5
QUAL	0	482	110	52	56	2
QUAL	0	483	77	46	29	4
QUAL	0	484	41	22	19	11
QUAL	0	485	131	72	58	7
QUAL	0	486	109	55	50	8
QUAL	0	487	245	144	100	10
QUAL	0	488	1054	631	423	2
QUAL	0	489	1338	816	521	6
QUAL	0	490	540	342	197	13
QUAL	0	491	26	13	9	13
QUAL	0	492	40	18	20	15
QUAL	0	493	56	43	13	21
QUAL	0	494	77	49	27	5
QUAL	0	495	49	31	18	9
QUAL	0	496	71	36	33	14
QUAL	0	497	105	58	47	11
QUAL	0	498	288	177	111	3
QUAL	0	499	246	144	102	8
QUAL	0	500	46	27	19	2
QUAL	0	501	45	24	20	7
QUAL	0	502	61	32	27	12
QUAL	0	503	224	133	90	7
QUAL	0	504	202	115	87	5
QUAL	0	505	49	26	22	1
QUAL	0	506	38	20	17	7
QUAL	0	507	109	54	53	73
QUAL	0	508	119	66	51	12
QUAL	0	509	67	39	26	3
QUAL	0	510	37	17	19	3
QUAL	0	511	53	33	18	6
QUAL	0	512	66	38	27	1
QUAL	0	513	303	178	125	3
QUAL	0	514	290	179	109	6
QUAL	0	515	37	19	17	5
QUAL	0	516	36	16	20	5
QUAL	0	517	79	46	29	5
QUAL	0	518	78	36	41	5
QUAL	0	519	55	26	28	6
QUAL	0	520	105	62	43	10
QUAL	0	521	118	71	47	4
QUAL	0	522	227	121	104	3
QUAL	0	523	1373	843	530	1
QUAL	0	524	1253	760	492	5
QUAL	0	525	21	13	8	3
QUAL	0	526	48	30	17	9
QUAL	0	527	66	32	34	14
QUAL	0	528	72	44	26	4
QUAL	0	529	58	32	25	11
QUAL	0	530	39	18	20	4
QUAL	0	531	71	37	34	4
QUAL	0	532	140	79	60	8
QUAL	0	533	279	163	114	4
QUAL	0	534	198	135	63	12
QUAL	0	535	30	19	11	11
QUAL	0	536	39	21	18	7
QUAL	0	537	71	41	28	7
QUAL	0	538	216	136	79	13
QUAL	0	539	204	120	84	10
QUAL	0	540	32	19	13	11
QUAL	0	541	40	23	14	7
QUAL	0	542	78	44	34	5
QUAL	0	543	83	46	35	3
QUAL	0	544	25	10	14	2
QUAL	0	545	39	17	19	3
QUAL	0	546	63	37	25	8
QUAL	0	547	124	69	55	4
QUAL	0	548	266	161	105	4
QUAL	0	549	202	121	81	1
QUAL	0	550	41	18	22	4
QUAL	0	551	44	22	22	5
QUAL	0	552	112	61	49	66
QUAL	0	553	106	54	51	13
QUAL	0	554	74	40	32	4
QUAL	0	555	102	66	34	6
QUAL	0	556	121	70	49	0
QUAL	0	557	264	160	104	8
QUAL	0	558	1212	756	455	9
QUAL	0	559	1065	661	403	7
QUAL	0	560	23	17	6	6
QUAL	0	561	39	16	19	1
QUAL	0	562	53	28	24	7
QUAL	0	563	65	39	25	2
QUAL	0	564	52	24	26	3
QUAL	0	565	42	18	23	4
QUAL	0	566	83	50	32	13
QUAL	0	567	177	104	72	13
QUAL	0	568	241	164	77	3
QUAL	0	569	176	120	56	5
QUAL	0	570	43	28	15	8
QUAL	0	571	53	28	23	6
QUAL	0	572	103	61	42	5
QUAL	0	573	253	147	106	8
QUAL	0	574	177	112	63	18
QUAL	0	575	34	16	18	5
QUAL	0	576	53	33	20	10
QUAL	0	577	75	48	26	12
QUAL	0	578	66	37	27	3
QUAL	0	579	29	12	16	4
QUAL	0	580	45	22	20	3
QUAL	0	581	62	38	22	1
QUAL	0	582	101	64	37	4
QUAL	0	583	224	133	91	1
QUAL	0	584	179	100	79	0
QUAL	0	585	27	11	16	5
QUAL	0	586	39	22	17	11
QUAL	0	587	91	54	37	10
QUAL	0	588	65	44	20	4
QUAL	0	589	51	22	28	7
QUAL	0	590	99	59	40	10
QUAL	0	591	153	97	55	2
QUAL	0	592	299	186	111	9
QUAL	0	593	1101	655	446	4
QUAL	0	594	861	539	321	6
QUAL	0	595	25	13	11	2
QUAL	0	596	50	25	25	8
QUAL	0	597	112	62	48	56
QUAL	0	598	95	46	46	6
QUAL	0	599	31	13	18	9
QUAL	0	600	50	30	19	7
QUAL	0	601	111	61	47	3
QUAL	0	602	264	162	101	6
QUAL	0	603	224	142	82	5
QUAL	0	604	32	16	15	19
QUAL	0	605	30	10	19	6
QUAL	0	606	54	36	18	4
QUAL	0	607	203	122	81	5
QUAL	0	608	164	112	52	6
QUAL	0	609	26	9	15	4
QUAL	0	610	28	14	11	6
QUAL	0	611	53	29	24	2
QUAL	0	612	81	52	28	0
QUAL	0	613	56	31	23	3
QUAL	0	614	33	16	15	8
QUAL	0	615	41	20	20	16
QUAL	0	616	96	51	45	6
QUAL	0	617	138	77	61	4
QUAL	0	618	209	121	88	0
QUAL	0	619	121	82	39	3
QUAL	0	620	32	17	14	6
QUAL	0	621	45	22	21	6
QUAL	0	622	67	36	31	2
QUAL	0	623	38	20	17	4
QUAL	0	624	40	22	18	4
QUAL	0	625	84	56	28	3
QUAL	0	626	192	117	73	3
QUAL	0	627	376	233	143	3
QUAL	0	628	777	465	311	1
QUAL	0	629	541	338	201	4
QUAL	0	630	44	20	24	3
QUAL	0	631	45	27	16	14
QUAL	0	632	65	34	31	21
QUAL	0	633	55	25	30	1
QUAL	0	634	31	16	14	2
QUAL	0	635	60	31	29	10
QUAL	0	636	137	81	56	3
QUAL	0	637	198	129	69	7
QUAL	0	638	155	95	60	2
QUAL	0	639	34	19	13	7
QUAL	0	640	36	15	19	12
QUAL	0	641	55	32	23	11
QUAL	0	642	222	130	90	87
QUAL	0	643	189	105	82	5
QUAL	0	644	30	17	11	5
QUAL	0	645	37	18	17	7
QUAL	0	646	52	28	21	2
QUAL	0	647	69	41	26	4
QUAL	0	648	36	18	16	5
QUAL	0	649	29	18	9	4
QUAL	0	650	44	21	23	2
QUAL	0	651	68	48	20	10
QUAL	0	652	193	127	66	6
QUAL	0	653	177	114	60	4
QUAL	0	654	29	20	9	8
QUAL	0	655	31	19	12	12
QUAL	0	656	56	26	26	8
QUAL	0	657	43	18	25	0
QUAL	0	658	44	26	15	1
QUAL	0	659	76	39	36	5
QUAL	0	660	91	47	42	2
QUAL	0	661	191	112	79	4
QUAL	0	662	720	431	287	1
QUAL	0	663	565	344	220	3
QUAL	0	664	25	14	10	4
QUAL	0	665	33	16	17	2
QUAL	0	666	26	15	10	7
QUAL	0	667	49	27	22	9
QUAL	0	668	42	18	22	4
QUAL	0	669	38	18	19	4
QUAL	0	670	56	30	25	1
QUAL	0	671	164	103	61	9
QUAL	0	672	158	94	61	3
QUAL	0	673	123	70	52	6
QUAL	0	674	24	14	10	3
QUAL	0	675	43	25	16	13
QUAL	0	676	59	33	26	8
QUAL	0	677	158	91	66	10
QUAL	0	678	130	83	47	11
QUAL	0	679	26	14	12	8
QUAL	0	680	57	31	25	6
QUAL	0	681	72	45	25	5
QUAL	0	682	49	22	25	6
QUAL	0	683	36	24	12	3
QUAL	0	684	26	12	13	8
QUAL	0	685	48	24	23	3
QUAL	0	686	87	48	39	7
QUAL	0	687	161	88	73	49
QUAL	0	688	150	76	74	6
QUAL	0	689	30	15	14	2
QUAL	0	690	35	25	9	2
QUAL	0	691	52	30	22	7
QUAL	0	692	44	25	17	3
QUAL	0	693	38	18	19	4
QUAL	0	694	57	41	16	7
QUAL	0	695	86	48	37	10
QUAL	0	696	166	92	72	12
QUAL	0	697	570	337	232	2
QUAL	0	698	449	273	174	3
QUAL	0	699	31	15	12	2
QUAL	0	700	27	18	8	1
QUAL	0	701	35	20	14	6
QUAL	0	702	52	28	24	2
QUAL	0	703	47	22	25	1
QUAL	0	704	30	17	13	4
QUAL	0	705	112	71	40	5
QUAL	0	706	174	109	65	5
QUAL	0	707	133	80	51	2
QUAL	0	708	79	43	34	0
QUAL	0	709	37	17	19	6
QUAL	0	710	29	23	6	5
QUAL	0	711	55	27	27	10
QUAL	0	712	120	77	43	6
QUAL	0	713	82	54	28	7
QUAL	0	714	36	23	10	4
QUAL	0	715	66	37	28	3
QUAL	0	716	55	32	23	7
QUAL	0	717	44	26	16	9
QUAL	0	718	21	13	7	6
QUAL	0	719	35	15	16	3
QUAL	0	720	60	33	25	11
QUAL	0	721	85	50	32	12
QUAL	0	722	121	76	44	7
QUAL	0	723	92	58	33	11
QUAL	0	724	19	11	7	7
QUAL	0	725	35	16	19	6
QUAL	0	726	45	26	18	2
QUAL	0	727	43	26	15	3
QUAL	0	728	32	16	15	2
QUAL	0	729	56	31	21	9
QUAL	0	730	80	40	40	2
QUAL	0	731	182	102	79	6
QUAL	0	732	404	240	161	65
QUAL	0	733	321	211	110	10
QUAL	0	734	23	12	10	1
QUAL	0	735	38	23	13	9
QUAL	0	736	32	17	13	7
QUAL	0	737	45	26	18	2
QUAL	0	738	50	31	19	0
QUAL	0	739	55	33	22	1
QUAL	0	740	172	99	72	1
QUAL	0	741	208	119	87	5
QUAL	0	742	82	53	25	3
QUAL	0	743	20	9	10	1
QUAL	0	744	28	16	11	3
QUAL	0	745	44	24	19	2
QUAL	0	746	52	33	18	5
QUAL	0	747	103	63	38	1
QUAL	0	748	72	47	23	3
QUAL	0	749	35	20	14	5
QUAL	0	750	67	42	25	5
QUAL	0	751	64	40	23	7
QUAL	0	752	26	18	7	4
QUAL	0	753	30	14	15	7
QUAL	0	754	38	17	18	12
QUAL	0	755	70	34	36	2
QUAL	0	756	76	50	24	3
QUAL	0	757	95	67	27	8
QUAL	0	758	49	28	20	2
QUAL	0	759	23	11	12	0
QUAL	0	760	44	26	16	6
QUAL	0	761	29	14	14	3
QUAL	0	762	23	9	12	1
QUAL	0	763	44	29	15	1
QUAL	0	764	55	32	23	4
QUAL	0	765	119	71	46	5
QUAL	0	766	140	89	51	11
QUAL	0	767	289	182	107	5
QUAL	0	768	192	117	74	8
QUAL	0	769	34	15	17	2
QUAL	0	770	45	19	26	2
QUAL	0	771	32	23	9	3
QUAL	0	772	51	22	26	5
QUAL	0	773	33	19	14	2
QUAL	0	774	79	42	36	4
QUAL	0	775	219	122	96	5
QUAL	0	776	174	102	71	13
QUAL	0	777	96	64	32	65
QUAL	0	778	55	24	30	4
QUAL	0	779	30	10	20	2
QUAL	0	780	47	31	14	3
QUAL	0	781	81	50	31	4
QUAL	0	782	66	41	25	3
QUAL	0	783	25	18	6	2
QUAL	0	784	54	33	21	3
QUAL	0	785	68	42	25	2
QUAL	0	786	35	17	18	6
QUAL	0	787	26	13	13	1
QUAL	0	788	15	7	7	4
QUAL	0	789	39	23	16	4
QUAL	0	790	71	47	23	5
QUAL	0	791	89	50	39	6
QUAL	0	792	59	31	27	4
QUAL	0	793	18	7	10	2
QUAL	0	794	34	21	11	5
QUAL	0	795	33	17	15	6
QUAL	0	796	32	20	12	7
QUAL	0	797	44	25	19	2
QUAL	0	798	33	19	12	4
QUAL	0	799	78	49	29	12
QUAL	0	800	121	66	51	4
QUAL	0	801	230	145	84	3
QUAL	0	802	184	119	65	5
QUAL	0	803	24	9	15	3
QUAL	0	804	36	21	13	2
QUAL	0	805	30	15	14	1
QUAL	0	806	33	19	14	2
QUAL	0	807	61	38	21	2
QUAL	0	808	46	22	24	5
QUAL	0	809	98	61	35	4
QUAL	0	810	257	148	106	7
QUAL	0	811	124	76	47	7
QUAL	0	812	57	32	25	5
QUAL	0	813	28	14	14	7
QUAL	0	814	31	16	12	6
QUAL	0	815	53	31	22	5
QUAL	0	816	75	43	31	10
QUAL	0	817	61	37	23	4
QUAL	0	818	21	14	7	4
QUAL	0	819	77	52	24	6
QUAL	0	820	72	48	24	3
QUAL	0	821	40	22	17	5
QUAL	0	822	38	11	26	34
QUAL	0	823	37	15	21	7
QUAL	0	824	44	26	17	4
QUAL	0	825	70	43	27	2
QUAL	0	826	60	35	24	4
QUAL	0	827	50	27	22	5
QUAL	0	828	19	8	10	2
QUAL	0	829	28	15	13	2
QUAL	0	830	25	9	15	3
QUAL	0	831	30	18	12	9
QUAL	0	832	38	23	14	4
QUAL	0	833	32	13	19	3
QUAL	0	834	74	40	33	1
QUAL	0	835	118	75	43	3
QUAL	0	836	185	110	75	2
QUAL	0	837	129	87	42	1
QUAL	0	838	26	17	7	1
QUAL	0	839	33	20	13	2
QUAL	0	840	33	22	9	3
QUAL	0	841	43	27	15	11
QUAL	0	842	48	33	15	6
QUAL	0	843	66	44	22	7
QUAL	0	844	154	77	74	3
QUAL	0	845	265	165	97	3
QUAL	0	846	101	63	38	5
QUAL	0	847	28	19	9	4
QUAL	0	848	24	13	11	2
QUAL	0	849	35	17	17	4
QUAL	0	850	40	20	20	7
QUAL	0	851	60	39	21	4
QUAL	0	852	57	29	25	3
QUAL	0	853	39	25	14	4
QUAL	0	854	83	49	33	3
QUAL	0	855	73	40	31	6
QUAL	0	856	31	18	11	10
QUAL	0	857	45	19	26	12
QUAL	0	858	25	18	6	2
QUAL	0	859	73	44	28	4
QUAL	0	860	82	49	32	2
QUAL	0	861	66	34	30	2
QUAL	0	862	44	29	14	5
QUAL	0	863	29	14	14	10
QUAL	0	864	44	27	16	3
QUAL	0	865	29	17	12	6
QUAL	0	866	33	19	13	3
QUAL	0	867	47	22	23	28
QUAL	0	868	59	32	27	5
QUAL	0	869	94	58	36	3
QUAL	0	870	101	62	39	4
QUAL	0	871	132	79	52	7
QUAL	0	872	69	41	28	6
QUAL	0	873	15	12	3	7
QUAL	0	874	51	25	24	6
QUAL	0	875	34	15	19	5
QUAL	0	876	28	15	12	7
QUAL	0	877	48	24	24	5
QUAL	0	878	82	47	32	3
QUAL	0	879	190	117	72	0
QUAL	0	880	240	137	103	4
QUAL	0	881	79	45	33	1
QUAL	0	882	13	8	5	3
QUAL	0	883	24	13	11	1
QUAL	0	884	48	25	23	5
QUAL	0	885	34	20	12	4
QUAL	0	886	41	19	21	9
QUAL	0	887	42	29	13	3
QUAL	0	888	38	22	15	1
QUAL	0	889	101	62	38	5
QUAL	0	890	50	31	19	6
QUAL	0	891	29	18	11	4
QUAL	0	892	25	19	5	3
QUAL	0	893	43	23	18	3
QUAL	0	894	77	46	30	1
QUAL	0	895	68	40	28	3
QUAL	0	896	36	18	17	1
QUAL	0	897	29	15	14	1
QUAL	0	898	41	26	12	8
QUAL	0	899	46	28	17	8
QUAL	0	900	26	13	12	2
QUAL	0	901	20	13	7	12
QUAL	0	902	42	22	20	7
QUAL	0	903	55	28	26	2
QUAL	0	904	117	70	44	7
QUAL	0	905	93	54	39	3
QUAL	0	906	65	42	23	6
QUAL	0	907	63	36	27	1
QUAL	0	908	37	18	19	6
QUAL	0	909	38	24	14	4
QUAL	0	910	33	19	14	5
QUAL	0	911	29	13	14	4
QUAL	0	912	63	37	25	24
QUAL	0	913	99	58	41	7
QUAL	0	914	281	167	113	3
QUAL	0	915	188	117	71	3
QUAL	0	916	51	27	23	2
QUAL	0	917	23	10	12	3
QUAL	0	918	20	11	6	2
QUAL	0	919	57	36	20	4
QUAL	0	920	46	27	18	6
QUAL	0	921	42	26	15	2
QUAL	0	922	39	19	17	3
QUAL	0	923	53	33	19	2
QUAL	0	924	120	74	45	2
QUAL	0	925	47	31	15	2
QUAL	0	926	27	14	13	5
QUAL	0	927	34	23	10	4
QUAL	0	928	40	27	13	5
QUAL	0	929	98	61	36	4
QUAL	0	930	55	27	26	0
QUAL	0	931	32	20	12	9
QUAL	0	932	22	13	9	1
QUAL	0	933	42	22	17	6
QUAL	0	934	47	32	15	1
QUAL	0	935	30	14	14	10
QUAL	0	936	38	22	16	5
QUAL	0	937	41	19	19	2
QUAL	0	938	63	32	30	5
QUAL	0	939	128	88	39	2
QUAL	0	940	91	59	31	2
QUAL	0	941	63	37	26	6
QUAL	0	942	18	12	6	2
QUAL	0	943	31	13	18	3
QUAL	0	944	34	17	17	2
QUAL	0	945	36	23	11	4
QUAL	0	946	42	20	21	4
QUAL	0	947	62	40	22	5
QUAL	0	948	108	57	49	0
QUAL	0	949	334	216	117	0
QUAL	0	950	155	102	51	5
QUAL	0	951	31	16	13	2
QUAL	0	952	22	10	10	2
QUAL	0	953	37	28	7	11
QUAL	0	954	41	28	12	4
QUAL	0	955	29	16	12	4
QUAL	0	956	43	30	13	3
QUAL	0	957	38	22	16	22
QUAL	0	958	98	59	37	5
QUAL	0	959	104	67	36	2
QUAL	0	960	52	35	14	7
QUAL	0	961	28	17	10	3
QUAL	0	962	21	12	9	2
QUAL	0	963	59	35	24	3
QUAL	0	964	101	55	44	2
QUAL	0	965	36	22	13	3
QUAL	0	966	22	11	10	8
QUAL	0	967	24	11	13	3
QUAL	0	968	52	33	17	4
QUAL	0	969	27	11	16	2
QUAL	0	970	21	10	11	0
QUAL	0	971	27	16	10	2
QUAL	0	972	44	26	17	2
QUAL	0	973	80	42	38	5
QUAL	0	974	109	73	36	1
QUAL	0	975	74	42	30	3
QUAL	0	976	54	32	22	9
QUAL	0	977	30	18	11	1
QUAL	0	978	40	26	14	1
QUAL	0	979	30	18	12	4
QUAL	0	980	30	16	13	1
QUAL	0	981	40	21	19	2
QUAL	0	982	67	43	24	1
QUAL	0	983	150	94	55	4
QUAL	0	984	333	204	126	6
QUAL	0	985	95	62	32	3
QUAL	0	986	37	16	20	3
QUAL	0	987	26	17	8	5
QUAL	0	988	35	23	12	3
QUAL	0	989	30	21	9	5
QUAL	0	990	28	19	9	6
QUAL	0	991	34	19	14	4
QUAL	0	992	47	27	19	5
QUAL	0	993	101	66	35	2
QUAL	0	994	87	52	35	0
QUAL	0	995	48	31	16	1
QUAL	0	996	31	15	15	1
QUAL	0	997	35	24	11	3
QUAL	0	998	65170	37389	25504	6357
# IDD, InDel distribution:
# IDD	[2]id	[3]length (deletions negative)	[4]count
IDD	0	-60	90
IDD	0	-59	3
IDD	0	-58	4
IDD	0	-57	3
IDD	0	-56	1
IDD	0	-55	3
IDD	0	-54	2
IDD	0	-52	2
IDD	0	-51	2
IDD	0	-50	4
IDD	0	-49	2
IDD	0	-48	3
IDD	0	-47	1
IDD	0	-46	5
IDD	0	-45	3
IDD	0	-44	2
IDD	0	-43	2
IDD	0	-42	4
IDD	0	-41	5
IDD	0	-40	10
IDD	0	-39	1
IDD	0	-38	1
IDD	0	-37	3
IDD	0	-36	6
IDD	0	-35	8
IDD	0	-34	3
IDD	0	-33	1
IDD	0	-32	5
IDD	0	-31	2
IDD	0	-30	16
IDD	0	-29	5
IDD	0	-28	27
IDD	0	-27	2
IDD	0	-26	11
IDD	0	-25	25
IDD	0	-24	17
IDD	0	-23	12
IDD	0	-22	26
IDD	0	-21	10
IDD	0	-20	82
IDD	0	-19	17
IDD	0	-18	36
IDD	0	-17	16
IDD	0	-16	69
IDD	0	-15	177
IDD	0	-14	46
IDD	0	-13	35
IDD	0	-12	170
IDD	0	-11	44
IDD	0	-10	335
IDD	0	-9	66
IDD	0	-8	262
IDD	0	-7	74
IDD	0	-6	275
IDD	0	-5	560
IDD	0	-4	1064
IDD	0	-3	600
IDD	0	-2	1265
IDD	0	-1	3098
IDD	0	1	2794
IDD	0	2	982
IDD	0	3	236
IDD	0	4	690
IDD	0	5	504
IDD	0	6	262
IDD	0	7	31
IDD	0	8	254
IDD	0	9	45
IDD	0	10	220
IDD	0	11	16
IDD	0	12	125
IDD	0	13	19
IDD	0	14	15
IDD	0	15	125
IDD	0	16	56
IDD	0	17	5
IDD	0	18	13
IDD	0	19	7
IDD	0	20	79
IDD	0	21	5
IDD	0	22	11
IDD	0	23	8
IDD	0	24	15
IDD	0	25	19
IDD	0	26	11
IDD	0	27	10
IDD	0	28	23
IDD	0	29	7
IDD	0	30	19
IDD	0	31	2
IDD	0	32	6
IDD	0	33	1
IDD	0	34	3
IDD	0	35	5
IDD	0	36	4
IDD	0	38	5
IDD	0	39	1
IDD	0	40	10
IDD	0	41	2
IDD	0	43	3
IDD	0	44	4
IDD	0	45	5
IDD	0	46	4
IDD	0	47	1
IDD	0	48	1
IDD	0	49	3
IDD	0	50	5
IDD	0	53	1
IDD	0	54	3
IDD	0	55	3
IDD	0	56	5
IDD	0	58	1
IDD	0	59	3
IDD	0	60	35
# ST, Substitution types:
# ST	[2]id	[3]type	[4]count
ST	0	A>C	7672
ST	0	A>G	21110
ST	0	A>T	8377
ST	0	C>A	11235
ST	0	C>G	9024
ST	0	C>T	29500
ST	0	G>A	29815
ST	0	G>C	9033
ST	0	G>T	12510
ST	0	T>A	8621
ST	0	T>C	20779
ST	0	T>G	7804
# DP, Depth distribution
# DP	[2]id	[3]bin	[4]number of genotypes	[5]fraction of genotypes (%)	[6]number of sites	[7]fraction of sites (%)
DP	0	0	2846047	4.583630	0	0.000000
DP	0	1	754884	1.215760	8	0.004342
DP	0	2	719363	1.158552	10	0.005427
DP	0	3	8666907	13.958271	4	0.002171
DP	0	4	10816726	17.420608	4	0.002171
DP	0	5	10829827	17.441708	3	0.001628
DP	0	6	9151162	14.738176	3	0.001628
DP	0	7	6184094	9.959638	2	0.001085
DP	0	8	3764122	6.062213	2	0.001085
DP	0	9	2248960	3.622006	5	0.002714
DP	0	10	1392274	2.242292	2	0.001085
DP	0	11	894656	1.440866	4	0.002171
DP	0	12	622445	1.002463	0	0.000000
DP	0	13	452011	0.727975	4	0.002171
DP	0	14	352226	0.567269	5	0.002714
DP	0	15	288002	0.463834	3	0.001628
DP	0	16	246010	0.396205	2	0.001085
DP	0	17	206343	0.332321	3	0.001628
DP	0	18	173015	0.278645	2	0.001085
DP	0	19	152352	0.245367	4	0.002171
DP	0	20	125605	0.202290	9	0.004885
DP	0	21	106372	0.171315	5	0.002714
DP	0	22	93232	0.150152	5	0.002714
DP	0	23	82000	0.132063	8	0.004342
DP	0	24	70828	0.114070	6	0.003256
DP	0	25	62984	0.101437	4	0.002171
DP	0	26	56965	0.091744	6	0.003256
DP	0	27	51831	0.083475	4	0.002171
DP	0	28	46445	0.074801	8	0.004342
DP	0	29	43543	0.070127	3	0.001628
DP	0	30	40040	0.064485	1	0.000543
DP	0	31	35876	0.057779	7	0.003799
DP	0	32	34610	0.055740	8	0.004342
DP	0	33	30944	0.049836	4	0.002171
DP	0	34	29062	0.046805	5	0.002714
DP	0	35	25825	0.041592	5	0.002714
DP	0	36	24614	0.039641	9	0.004885
DP	0	37	22713	0.036580	5	0.002714
DP	0	38	21199	0.034142	2	0.001085
DP	0	39	19737	0.031787	4	0.002171
DP	0	40	18281	0.029442	3	0.001628
DP	0	41	16294	0.026242	5	0.002714
DP	0	42	15227	0.024523	3	0.001628
DP	0	43	14294	0.023021	5	0.002714
DP	0	44	13465	0.021686	1	0.000543
DP	0	45	12596	0.020286	3	0.001628
DP	0	46	11188	0.018019	5	0.002714
DP	0	47	10689	0.017215	2	0.001085
DP	0	48	9900	0.015944	6	0.003256
DP	0	49	9042	0.014562	4	0.002171
DP	0	50	8582	0.013822	12	0.006513
DP	0	51	7786	0.012540	9	0.004885
DP	0	52	7074	0.011393	1	0.000543
DP	0	53	6607	0.010641	6	0.003256
DP	0	54	6105	0.009832	5	0.002714
DP	0	55	5871	0.009455	5	0.002714
DP	0	56	5220	0.008407	5	0.002714
DP	0	57	5119	0.008244	6	0.003256
DP	0	58	4621	0.007442	8	0.004342
DP	0	59	4596	0.007402	3	0.001628
DP	0	60	4065	0.006547	4	0.002171
DP	0	61	4142	0.006671	2	0.001085
DP	0	62	3767	0.006067	4	0.002171
DP	0	63	3613	0.005819	1	0.000543
DP	0	64	3477	0.005600	2	0.001085
DP	0	65	3074	0.004951	0	0.000000
DP	0	66	2941	0.004737	2	0.001085
DP	0	67	2959	0.004766	1	0.000543
DP	0	68	3092	0.004980	7	0.003799
DP	0	69	2888	0.004651	2	0.001085
DP	0	70	2601	0.004189	3	0.001628
DP	0	71	2496	0.004020	6	0.003256
DP	0	72	2468	0.003975	7	0.003799
DP	0	73	2406	0.003875	5	0.002714
DP	0	74	2352	0.003788	7	0.003799
DP	0	75	2354	0.003791	3	0.001628
DP	0	76	2316	0.003730	2	0.001085
DP	0	77	2219	0.003574	5	0.002714
DP	0	78	2256	0.003633	3	0.001628
DP	0	79	2100	0.003382	6	0.003256
DP	0	80	2017	0.003248	1	0.000543
DP	0	81	1898	0.003057	5	0.002714
DP	0	82	2072	0.003337	4	0.002171
DP	0	83	1663	0.002678	2	0.001085
DP	0	84	1826	0.002941	4	0.002171
DP	0	85	1740	0.002802	6	0.003256
DP	0	86	1800	0.002899	7	0.003799
DP	0	87	1642	0.002644	2	0.001085
DP	0	88	1579	0.002543	1	0.000543
DP	0	89	1502	0.002419	4	0.002171
DP	0	90	1504	0.002422	0	0.000000
DP	0	91	1446	0.002329	0	0.000000
DP	0	92	1436	0.002313	9	0.004885
DP	0	93	1360	0.002190	5	0.002714
DP	0	94	1449	0.002334	3	0.001628
DP	0	95	1269	0.002044	7	0.003799
DP	0	96	1174	0.001891	4	0.002171
DP	0	97	1198	0.001929	2	0.001085
DP	0	98	1070	0.001723	5	0.002714
DP	0	99	971	0.001564	3	0.001628
DP	0	100	1110	0.001788	4	0.002171
DP	0	101	929	0.001496	3	0.001628
DP	0	102	717	0.001155	1	0.000543
DP	0	103	763	0.001229	6	0.003256
DP	0	104	699	0.001126	2	0.001085
DP	0	105	720	0.001160	2	0.001085
DP	0	106	815	0.001313	0	0.000000
DP	0	107	594	0.000957	3	0.001628
DP	0	108	733	0.001181	4	0.002171
DP	0	109	595	0.000958	4	0.002171
DP	0	110	602	0.000970	4	0.002171
DP	0	111	519	0.000836	4	0.002171
DP	0	112	615	0.000990	2	0.001085
DP	0	113	567	0.000913	2	0.001085
DP	0	114	460	0.000741	3	0.001628
DP	0	115	417	0.000672	3	0.001628
DP	0	116	424	0.000683	3	0.001628
DP	0	117	396	0.000638	3	0.001628
DP	0	118	365	0.000588	4	0.002171
DP	0	119	350	0.000564	2	0.001085
DP	0	120	455	0.000733	2	0.001085
DP	0	121	361	0.000581	2	0.001085
DP	0	122	292	0.000470	5	0.002714
DP	0	123	283	0.000456	2	0.001085
DP	0	124	325	0.000523	2	0.001085
DP	0	125	281	0.000453	0	0.000000
DP	0	126	274	0.000441	4	0.002171
DP	0	127	301	0.000485	2	0.001085
DP	0	128	244	0.000393	2	0.001085
DP	0	129	268	0.000432	2	0.001085
DP	0	130	292	0.000470	2	0.001085
DP	0	131	231	0.000372	2	0.001085
DP	0	132	235	0.000378	5	0.002714
DP	0	133	183	0.000295	4	0.002171
DP	0	134	262	0.000422	3	0.001628
DP	0	135	182	0.000293	3	0.001628
DP	0	136	181	0.000292	4	0.002171
DP	0	137	149	0.000240	7	0.003799
DP	0	138	182	0.000293	5	0.002714
DP	0	139	163	0.000263	4	0.002171
DP	0	140	126	0.000203	1	0.000543
DP	0	141	159	0.000256	3	0.001628
DP	0	142	120	0.000193	1	0.000543
DP	0	143	113	0.000182	4	0.002171
DP	0	144	113	0.000182	6	0.003256
DP	0	145	119	0.000192	4	0.002171
DP	0	146	148	0.000238	3	0.001628
DP	0	147	108	0.000174	4	0.002171
DP	0	148	110	0.000177	3	0.001628
DP	0	149	80	0.000129	3	0.001628
DP	0	150	106	0.000171	1	0.000543
DP	0	151	89	0.000143	4	0.002171
DP	0	152	63	0.000101	2	0.001085
DP	0	153	104	0.000167	1	0.000543
DP	0	154	85	0.000137	5	0.002714
DP	0	155	57	0.000092	3	0.001628
DP	0	156	85	0.000137	4	0.002171
DP	0	157	78	0.000126	2	0.001085
DP	0	158	72	0.000116	3	0.001628
DP	0	159	58	0.000093	0	0.000000
DP	0	160	61	0.000098	3	0.001628
DP	0	161	58	0.000093	0	0.000000
DP	0	162	78	0.000126	3	0.001628
DP	0	163	56	0.000090	0	0.000000
DP	0	164	81	0.000130	4	0.002171
DP	0	165	74	0.000119	1	0.000543
DP	0	166	42	0.000068	3	0.001628
DP	0	167	66	0.000106	3	0.001628
DP	0	168	54	0.000087	3	0.001628
DP	0	169	50	0.000081	6	0.003256
DP	0	170	56	0.000090	1	0.000543
DP	0	171	57	0.000092	1	0.000543
DP	0	172	45	0.000072	2	0.001085
DP	0	173	57	0.000092	0	0.000000
DP	0	174	31	0.000050	3	0.001628
DP	0	175	67	0.000108	1	0.000543
DP	0	176	47	0.000076	2	0.001085
DP	0	177	49	0.000079	1	0.000543
DP	0	178	26	0.000042	1	0.000543
DP	0	179	34	0.000055	1	0.000543
DP	0	180	35	0.000056	2	0.001085
DP	0	181	60	0.000097	4	0.002171
DP	0	182	49	0.000079	2	0.001085
DP	0	183	37	0.000060	1	0.000543
DP	0	184	28	0.000045	3	0.001628
DP	0	185	33	0.000053	2	0.001085
DP	0	186	36	0.000058	2	0.001085
DP	0	187	34	0.000055	6	0.003256
DP	0	188	35	0.000056	2	0.001085
DP	0	189	34	0.000055	1	0.000543
DP	0	190	35	0.000056	3	0.001628
DP	0	191	26	0.000042	0	0.000000
DP	0	192	27	0.000043	2	0.001085
DP	0	193	29	0.000047	2	0.001085
DP	0	194	41	0.000066	2	0.001085
DP	0	195	26	0.000042	1	0.000543
DP	0	196	23	0.000037	1	0.000543
DP	0	197	28	0.000045	0	0.000000
DP	0	198	23	0.000037	2	0.001085
DP	0	199	31	0.000050	1	0.000543
DP	0	200	24	0.000039	2	0.001085
DP	0	201	30	0.000048	2	0.001085
DP	0	202	32	0.000052	2	0.001085
DP	0	203	29	0.000047	2	0.001085
DP	0	204	30	0.000048	2	0.001085
DP	0	205	20	0.000032	2	0.001085
DP	0	206	18	0.000029	3	0.001628
DP	0	207	29	0.000047	1	0.000543
DP	0	208	24	0.000039	3	0.001628
DP	0	209	20	0.000032	1	0.000543
DP	0	210	27	0.000043	1	0.000543
DP	0	211	32	0.000052	1	0.000543
DP	0	212	18	0.000029	4	0.002171
DP	0	213	27	0.000043	1	0.000543
DP	0	214	35	0.000056	0	0.000000
DP	0	215	25	0.000040	1	0.000543
DP	0	216	27	0.000043	1	0.000543
DP	0	217	22	0.000035	3	0.001628
DP	0	218	24	0.000039	0	0.000000
DP	0	219	30	0.000048	0	0.000000
DP	0	220	28	0.000045	2	0.001085
DP	0	221	14	0.000023	0	0.000000
DP	0	222	41	0.000066	2	0.001085
DP	0	223	25	0.000040	1	0.000543
DP	0	224	21	0.000034	4	0.002171
DP	0	225	42	0.000068	3	0.001628
DP	0	226	19	0.000031	3	0.001628
DP	0	227	14	0.000023	0	0.000000
DP	0	228	22	0.000035	4	0.002171
DP	0	229	24	0.000039	6	0.003256
DP	0	230	30	0.000048	1	0.000543
DP	0	231	17	0.000027	1	0.000543
DP	0	232	12	0.000019	1	0.000543
DP	0	233	29	0.000047	1	0.000543
DP	0	234	25	0.000040	5	0.002714
DP	0	235	27	0.000043	4	0.002171
DP	0	236	15	0.000024	3	0.001628
DP	0	237	7	0.000011	1	0.000543
DP	0	238	18	0.000029	3	0.001628
DP	0	239	16	0.000026	1	0.000543
DP	0	240	13	0.000021	3	0.001628
DP	0	241	17	0.000027	1	0.000543
DP	0	242	15	0.000024	1	0.000543
DP	0	243	24	0.000039	1	0.000543
DP	0	244	20	0.000032	2	0.001085
DP	0	245	18	0.000029	1	0.000543
DP	0	246	20	0.000032	3	0.001628
DP	0	247	24	0.000039	4	0.002171
DP	0	248	10	0.000016	3	0.001628
DP	0	249	20	0.000032	2	0.001085
DP	0	250	24	0.000039	2	0.001085
DP	0	251	22	0.000035	3	0.001628
DP	0	252	19	0.000031	4	0.002171
DP	0	253	18	0.000029	2	0.001085
DP	0	254	18	0.000029	2	0.001085
DP	0	255	13	0.000021	8	0.004342
DP	0	256	20	0.000032	2	0.001085
DP	0	257	13	0.000021	1	0.000543
DP	0	258	13	0.000021	3	0.001628
DP	0	259	21	0.000034	2	0.001085
DP	0	260	20	0.000032	1	0.000543
DP	0	261	19	0.000031	4	0.002171
DP	0	262	17	0.000027	2	0.001085
DP	0	263	15	0.000024	0	0.000000
DP	0	264	13	0.000021	1	0.000543
DP	0	265	14	0.000023	2	0.001085
DP	0	266	19	0.000031	1	0.000543
DP	0	267	20	0.000032	4	0.002171
DP	0	268	7	0.000011	3	0.001628
DP	0	269	13	0.000021	1	0.000543
DP	0	270	14	0.000023	4	0.002171
DP	0	271	8	0.000013	5	0.002714
DP	0	272	18	0.000029	2	0.001085
DP	0	273	18	0.000029	2	0.001085
DP	0	274	17	0.000027	6	0.003256
DP	0	275	15	0.000024	2	0.001085
DP	0	276	6	0.000010	4	0.002171
DP	0	277	9	0.000014	3	0.001628
DP	0	278	10	0.000016	1	0.000543
DP	0	279	15	0.000024	2	0.001085
DP	0	280	8	0.000013	2	0.001085
DP	0	281	9	0.000014	4	0.002171
DP	0	282	12	0.000019	2	0.001085
DP	0	283	9	0.000014	3	0.001628
DP	0	284	8	0.000013	0	0.000000
DP	0	285	10	0.000016	4	0.002171
DP	0	286	7	0.000011	0	0.000000
DP	0	287	8	0.000013	2	0.001085
DP	0	288	19	0.000031	1	0.000543
DP	0	289	18	0.000029	2	0.001085
DP	0	290	13	0.000021	0	0.000000
DP	0	291	5	0.000008	1	0.000543
DP	0	292	13	0.000021	2	0.001085
DP	0	293	11	0.000018	5	0.002714
DP	0	294	9	0.000014	0	0.000000
DP	0	295	5	0.000008	1	0.000543
DP	0	296	12	0.000019	1	0.000543
DP	0	297	11	0.000018	3	0.001628
DP	0	298	12	0.000019	2	0.001085
DP	0	299	14	0.000023	2	0.001085
DP	0	300	12	0.000019	1	0.000543
DP	0	301	11	0.000018	0	0.000000
DP	0	302	12	0.000019	1	0.000543
DP	0	303	10	0.000016	0	0.000000
DP	0	304	8	0.000013	1	0.000543
DP	0	305	8	0.000013	1	0.000543
DP	0	306	7	0.000011	3	0.001628
DP	0	307	4	0.000006	1	0.000543
DP	0	308	10	0.000016	3	0.001628
DP	0	309	7	0.000011	1	0.000543
DP	0	310	11	0.000018	2	0.001085
DP	0	311	6	0.000010	5	0.002714
DP	0	312	11	0.000018	2	0.001085
DP	0	313	7	0.000011	1	0.000543
DP	0	314	7	0.000011	1	0.000543
DP	0	315	11	0.000018	5	0.002714
DP	0	316	10	0.000016	1	0.000543
DP	0	317	10	0.000016	0	0.000000
DP	0	318	9	0.000014	2	0.001085
DP	0	319	7	0.000011	1	0.000543
DP	0	320	4	0.000006	1	0.000543
DP	0	321	8	0.000013	2	0.001085
DP	0	322	6	0.000010	4	0.002171
DP	0	323	17	0.000027	4	0.002171
DP	0	324	7	0.000011	2	0.001085
DP	0	325	9	0.000014	2	0.001085
DP	0	326	10	0.000016	0	0.000000
DP	0	327	13	0.000021	1	0.000543
DP	0	328	4	0.000006	3	0.001628
DP	0	329	5	0.000008	0	0.000000
DP	0	330	13	0.000021	3	0.001628
DP	0	331	11	0.000018	1	0.000543
DP	0	332	10	0.000016	2	0.001085
DP	0	333	7	0.000011	1	0.000543
DP	0	334	6	0.000010	1	0.000543
DP	0	335	6	0.000010	1	0.000543
DP	0	336	9	0.000014	2	0.001085
DP	0	337	14	0.000023	4	0.002171
DP	0	338	7	0.000011	0	0.000000
DP	0	339	6	0.000010	1	0.000543
DP	0	340	10	0.000016	5	0.002714
DP	0	341	7	0.000011	1	0.000543
DP	0	342	10	0.000016	0	0.000000
DP	0	343	6	0.000010	0	0.000000
DP	0	344	6	0.000010	0	0.000000
DP	0	345	7	0.000011	2	0.001085
DP	0	346	8	0.000013	3	0.001628
DP	0	347	7	0.000011	2	0.001085
DP	0	348	6	0.000010	1	0.000543
DP	0	349	5	0.000008	3	0.001628
DP	0	350	5	0.000008	1	0.000543
DP	0	351	10	0.000016	3	0.001628
DP	0	352	8	0.000013	3	0.001628
DP	0	353	5	0.000008	0	0.000000
DP	0	354	3	0.000005	1	0.000543
DP	0	355	7	0.000011	8	0.004342
DP	0	356	6	0.000010	4	0.002171
DP	0	357	6	0.000010	4	0.002171
DP	0	358	6	0.000010	3	0.001628
DP	0	359	7	0.000011	3	0.001628
DP	0	360	9	0.000014	3	0.001628
DP	0	361	8	0.000013	4	0.002171
DP	0	362	6	0.000010	3	0.001628
DP	0	363	11	0.000018	1	0.000543
DP	0	364	10	0.000016	1	0.000543
DP	0	365	4	0.000006	1	0.000543
DP	0	366	3	0.000005	3	0.001628
DP	0	367	9	0.000014	3	0.001628
DP	0	368	1	0.000002	3	0.001628
DP	0	369	6	0.000010	2	0.001085
DP	0	370	12	0.000019	0	0.000000
DP	0	371	4	0.000006	2	0.001085
DP	0	372	10	0.000016	3	0.001628
DP	0	373	6	0.000010	2	0.001085
DP	0	374	10	0.000016	3	0.001628
DP	0	375	5	0.000008	2	0.001085
DP	0	376	7	0.000011	1	0.000543
DP	0	377	5	0.000008	2	0.001085
DP	0	378	10	0.000016	3	0.001628
DP	0	379	11	0.000018	3	0.001628
DP	0	380	6	0.000010	1	0.000543
DP	0	381	9	0.000014	0	0.000000
DP	0	382	16	0.000026	7	0.003799
DP	0	383	6	0.000010	1	0.000543
DP	0	384	7	0.000011	3	0.001628
DP	0	385	8	0.000013	2	0.001085
DP	0	386	10	0.000016	2	0.001085
DP	0	387	7	0.000011	1	0.000543
DP	0	388	9	0.000014	1	0.000543
DP	0	389	7	0.000011	3	0.001628
DP	0	390	9	0.000014	1	0.000543
DP	0	391	9	0.000014	4	0.002171
DP	0	392	7	0.000011	1	0.000543
DP	0	393	8	0.000013	1	0.000543
DP	0	394	6	0.000010	2	0.001085
DP	0	395	7	0.000011	2	0.001085
DP	0	396	13	0.000021	4	0.002171
DP	0	397	10	0.000016	0	0.000000
DP	0	398	10	0.000016	2	0.001085
DP	0	399	13	0.000021	1	0.000543
DP	0	400	9	0.000014	2	0.001085
DP	0	401	14	0.000023	3	0.001628
DP	0	402	9	0.000014	1	0.000543
DP	0	403	8	0.000013	0	0.000000
DP	0	404	8	0.000013	2	0.001085
DP	0	405	14	0.000023	0	0.000000
DP	0	406	12	0.000019	1	0.000543
DP	0	407	8	0.000013	1	0.000543
DP	0	408	8	0.000013	0	0.000000
DP	0	409	12	0.000019	2	0.001085
DP	0	410	4	0.000006	4	0.002171
DP	0	411	11	0.000018	2	0.001085
DP	0	412	9	0.000014	1	0.000543
DP	0	413	9	0.000014	2	0.001085
DP	0	414	14	0.000023	3	0.001628
DP	0	415	7	0.000011	4	0.002171
DP	0	416	12	0.000019	1	0.000543
DP	0	417	14	0.000023	1	0.000543
DP	0	418	8	0.000013	1	0.000543
DP	0	419	18	0.000029	1	0.000543
DP	0	420	6	0.000010	2	0.001085
DP	0	421	5	0.000008	3	0.001628
DP	0	422	6	0.000010	1	0.000543
DP	0	423	8	0.000013	1	0.000543
DP	0	424	7	0.000011	4	0.002171
DP	0	425	8	0.000013	3	0.001628
DP	0	426	6	0.000010	0	0.000000
DP	0	427	10	0.000016	2	0.001085
DP	0	428	9	0.000014	1	0.000543
DP	0	429	7	0.000011	2	0.001085
DP	0	430	4	0.000006	0	0.000000
DP	0	431	9	0.000014	2	0.001085
DP	0	432	6	0.000010	4	0.002171
DP	0	433	5	0.000008	1	0.000543
DP	0	434	7	0.000011	4	0.002171
DP	0	435	8	0.000013	4	0.002171
DP	0	436	7	0.000011	2	0.001085
DP	0	437	6	0.000010	2	0.001085
DP	0	438	8	0.000013	2	0.001085
DP	0	439	9	0.000014	1	0.000543
DP	0	440	7	0.000011	3	0.001628
DP	0	441	6	0.000010	6	0.003256
DP	0	442	4	0.000006	1	0.000543
DP	0	443	4	0.000006	6	0.003256
DP	0	444	9	0.000014	3	0.001628
DP	0	445	7	0.000011	4	0.002171
DP	0	446	8	0.000013	6	0.003256
DP	0	447	11	0.000018	0	0.000000
DP	0	448	8	0.000013	3	0.001628
DP	0	449	9	0.000014	0	0.000000
DP	0	450	8	0.000013	0	0.000000
DP	0	451	10	0.000016	2	0.001085
DP	0	452	10	0.000016	2	0.001085
DP	0	453	11	0.000018	1	0.000543
DP	0	454	6	0.000010	0	0.000000
DP	0	455	4	0.000006	2	0.001085
DP	0	456	6	0.000010	1	0.000543
DP	0	457	6	0.000010	4	0.002171
DP	0	458	10	0.000016	2	0.001085
DP	0	459	10	0.000016	2	0.001085
DP	0	460	5	0.000008	0	0.000000
DP	0	461	7	0.000011	0	0.000000
DP	0	462	3	0.000005	2	0.001085
DP	0	463	6	0.000010	5	0.002714
DP	0	464	12	0.000019	3	0.001628
DP	0	465	3	0.000005	4	0.002171
DP	0	466	5	0.000008	1	0.000543
DP	0	467	3	0.000005	0	0.000000
DP	0	468	5	0.000008	2	0.001085
DP	0	469	6	0.000010	0	0.000000
DP	0	470	8	0.000013	2	0.001085
DP	0	471	8	0.000013	2	0.001085
DP	0	472	8	0.000013	2	0.001085
DP	0	473	10	0.000016	2	0.001085
DP	0	474	6	0.000010	2	0.001085
DP	0	475	0	0.000000	3	0.001628
DP	0	476	8	0.000013	4	0.002171
DP	0	477	5	0.000008	3	0.001628
DP	0	478	4	0.000006	0	0.000000
DP	0	479	5	0.000008	2	0.001085
DP	0	480	6	0.000010	2	0.001085
DP	0	481	7	0.000011	0	0.000000
DP	0	482	5	0.000008	4	0.002171
DP	0	483	5	0.000008	4	0.002171
DP	0	484	7	0.000011	0	0.000000
DP	0	485	4	0.000006	2	0.001085
DP	0	486	2	0.000003	1	0.000543
DP	0	487	4	0.000006	2	0.001085
DP	0	488	4	0.000006	2	0.001085
DP	0	489	5	0.000008	1	0.000543
DP	0	490	8	0.000013	2	0.001085
DP	0	491	6	0.000010	2	0.001085
DP	0	492	8	0.000013	2	0.001085
DP	0	493	8	0.000013	1	0.000543
DP	0	494	4	0.000006	1	0.000543
DP	0	495	4	0.000006	1	0.000543
DP	0	496	4	0.000006	3	0.001628
DP	0	497	3	0.000005	1	0.000543
DP	0	498	6	0.000010	2	0.001085
DP	0	499	5	0.000008	1	0.000543
DP	0	500	2	0.000003	1	0.000543
DP	0	>500	288	0.000464	182970	99.302597
# PSC, Per-sample counts. Note that the ref/het/hom counts include only SNPs, for indels see PSI. The rest include both SNPs and indels.
# PSC	[2]id	[3]sample	[4]nRefHom	[5]nNonRefHom	[6]nHets	[7]nTransitions	[8]nTransversions	[9]nIndels	[10]average depth	[11]nSingletons	[12]nHapRef	[13]nHapAlt	[14]nMissing
PSC	0	HG01912	0	0	0	0	0	0	7.5	0	169669	4424	10162
PSC	0	HG01885	0	0	0	0	0	0	5.4	0	169644	4342	10269
PSC	0	HG02009	0	0	0	0	0	0	8.4	0	169802	4186	10267
PSC	0	HG01986	0	0	0	0	0	0	5.6	0	169895	4189	10171
PSC	0	HG02307	0	0	0	0	0	0	5.1	0	168941	4325	10989
PSC	0	HG02314	0	0	0	0	0	0	5.4	0	170146	4237	9872
PSC	0	HG02143	0	0	0	0	0	0	6.3	0	170960	4248	9047
PSC	0	HG02484	0	0	0	0	0	0	5.0	0	169823	4326	10106
PSC	0	HG02489	0	0	0	0	0	0	5.1	0	170304	4286	9665
PSC	0	HG02554	0	0	0	0	0	0	6.0	0	170664	4288	9303
PSC	0	HG02561	0	0	0	0	0	0	6.0	0	169631	4517	10107
PSC	0	HG02573	0	0	0	0	0	0	6.0	0	169509	4318	10428
PSC	0	HG02496	0	0	0	0	0	0	5.9	0	170135	4310	9810
PSC	0	HG02585	0	0	0	0	0	0	5.6	0	169207	4239	10809
PSC	0	HG02439	0	0	0	0	0	0	6.0	0	170092	4316	9847
PSC	0	HG02768	0	0	0	0	0	0	6.3	0	169347	4345	10563
PSC	0	HG02756	0	0	0	0	0	0	5.8	0	170018	4337	9900
PSC	0	HG02890	0	0	0	0	0	0	5.5	0	169431	4303	10521
PSC	0	HG02895	0	0	0	0	0	0	6.6	0	170710	4230	9315
PSC	0	HG02819	0	0	0	0	0	0	6.7	0	173766	4372	6117
PSC	0	HG02941	0	0	0	0	0	0	5.7	0	170244	4150	9861
PSC	0	HG02953	0	0	0	0	0	0	6.0	0	169856	4342	10057
PSC	0	HG02965	0	0	0	0	0	0	5.7	0	170242	4221	9792
PSC	0	HG03033	0	0	0	0	0	0	6.2	0	170633	4244	9378
PSC	0	HG03045	0	0	0	0	0	0	5.3	0	169100	4358	10797
PSC	0	HG02807	0	0	0	0	0	0	6.0	0	174419	4248	5588
PSC	0	HG03057	0	0	0	0	0	0	6.2	0	173204	4336	6715
PSC	0	HG02869	0	0	0	0	0	0	7.5	0	175049	4446	4760
PSC	0	HG02977	0	0	0	0	0	0	6.5	0	170056	4353	9846
PSC	0	HG03209	0	0	0	0	0	0	6.3	0	170160	4302	9793
PSC	0	HG03103	0	0	0	0	0	0	5.8	0	171110	4341	8804
PSC	0	HG03172	0	0	0	0	0	0	5.8	0	170423	4304	9528
PSC	0	HG03196	0	0	0	0	0	0	6.4	0	169486	4332	10437
PSC	0	HG03127	0	0	0	0	0	0	5.7	0	169650	4323	10282
PSC	0	HG03139	0	0	0	0	0	0	5.7	0	170412	4375	9468
PSC	0	HG03069	0	0	0	0	0	0	5.7	0	174073	4404	5778
PSC	0	HG03115	0	0	0	0	0	0	6.4	0	169856	4217	10182
PSC	0	HG03280	0	0	0	0	0	0	7.0	0	170410	4351	9494
PSC	0	HG03160	0	0	0	0	0	0	6.3	0	170148	4155	9952
PSC	0	HG03521	0	0	0	0	0	0	5.8	0	170472	4297	9486
PSC	0	HG03538	0	0	0	0	0	0	6.5	0	168722	4409	11124
PSC	0	HG03432	0	0	0	0	0	0	5.8	0	169680	4300	10275
PSC	0	HG03451	0	0	0	0	0	0	5.4	0	170341	4282	9632
PSC	0	HG03343	0	0	0	0	0	0	6.4	0	170939	4468	8848
PSC	0	HG03367	0	0	0	0	0	0	5.9	0	170283	4305	9667
PSC	0	HG03571	0	0	0	0	0	0	5.7	0	170584	4308	9363
PSC	0	NA18487	0	0	0	0	0	0	5.9	0	170576	4331	9348
PSC	0	NA18507	0	0	0	0	0	0	6.4	0	170366	4220	9669
PSC	0	NA18519	0	0	0	0	0	0	6.2	0	169751	4300	10204
PSC	0	NA18862	0	0	0	0	0	0	5.5	0	170734	4306	9215
PSC	0	NA18874	0	0	0	0	0	0	6.1	0	169927	4233	10095
PSC	0	NA18879	0	0	0	0	0	0	5.7	0	170479	4371	9405
PSC	0	NA19226	0	0	0	0	0	0	5.8	0	4344	1324	178587
PSC	0	NA19031	0	0	0	0	0	0	4.2	0	171469	4329	8457
PSC	0	NA19043	0	0	0	0	0	0	6.1	0	172453	5187	6615
PSC	0	NA19113	0	0	0	0	0	0	5.3	0	170163	4249	9843
PSC	0	NA19098	0	0	0	0	0	0	5.9	0	170405	4293	9557
PSC	0	NA19101	0	0	0	0	0	0	5.4	0	169988	4301	9966
PSC	0	NA19175	0	0	0	0	0	0	5.7	0	174198	4372	5685
PSC	0	NA19207	0	0	0	0	0	0	5.6	0	170334	4306	9615
PSC	0	NA19144	0	0	0	0	0	0	5.5	0	170373	4424	9458
PSC	0	NA19454	0	0	0	0	0	0	5.9	0	171849	5353	7053
PSC	0	NA19461	0	0	0	0	0	0	6.0	0	169716	4342	10197
PSC	0	NA19466	0	0	0	0	0	0	5.7	0	170526	4358	9371
PSC	0	NA19308	0	0	0	0	0	0	9.5	0	170482	4350	9423
PSC	0	NA19334	0	0	0	0	0	0	5.6	0	174117	4171	5967
PSC	0	NA19834	0	0	0	0	0	0	5.8	0	170585	4356	9314
PSC	0	NA19346	0	0	0	0	0	0	5.8	0	170169	4168	9918
PSC	0	NA19360	0	0	0	0	0	0	6.0	0	170098	4335	9822
PSC	0	NA19372	0	0	0	0	0	0	5.7	0	170320	4361	9574
PSC	0	NA19384	0	0	0	0	0	0	5.7	0	170863	5230	8162
PSC	0	HG02255	0	0	0	0	0	0	6.6	0	169855	4261	10139
PSC	0	NA19428	0	0	0	0	0	0	5.6	0	170190	4329	9736
PSC	0	NA19430	0	0	0	0	0	0	9.0	0	170328	4271	9656
PSC	0	HG02053	0	0	0	0	0	0	5.9	0	167457	4149	12649
PSC	0	HG02281	0	0	0	0	0	0	5.8	0	178399	1540	4316
PSC	0	NA20362	0	0	0	0	0	0	5.5	0	170574	4258	9423
PSC	0	HG02464	0	0	0	0	0	0	6.3	0	169532	4286	10437
PSC	0	HG02332	0	0	0	0	0	0	7.9	0	170152	4370	9733
PSC	0	NA19904	0	0	0	0	0	0	5.7	0	169659	4271	10325
PSC	0	NA19916	0	0	0	0	0	0	8.6	0	170331	4316	9608
PSC	0	HG02433	0	0	0	0	0	0	5.9	0	173480	3507	7268
PSC	0	HG02445	0	0	0	0	0	0	6.3	0	173757	3521	6977
PSC	0	HG02666	0	0	0	0	0	0	6.1	0	166513	6990	10752
PSC	0	HG02678	0	0	0	0	0	0	5.7	0	169657	4205	10393
PSC	0	HG02623	0	0	0	0	0	0	5.7	0	173902	4277	6076
PSC	0	HG02628	0	0	0	0	0	0	5.9	0	173609	4336	6310
PSC	0	HG02642	0	0	0	0	0	0	6.1	0	169602	4250	10403
PSC	0	NA20348	0	0	0	0	0	0	5.5	0	174217	4359	5679
PSC	0	NA20278	0	0	0	0	0	0	5.9	0	178727	1549	3979
PSC	0	HG02541	0	0	0	0	0	0	7.1	0	170330	4237	9688
PSC	0	HG02798	0	0	0	0	0	0	5.5	0	173058	4328	6869
PSC	0	HG02813	0	0	0	0	0	0	5.1	0	169306	4230	10719
PSC	0	HG02851	0	0	0	0	0	0	5.9	0	168941	4208	11106
PSC	0	HG02762	0	0	0	0	0	0	6.5	0	174466	4283	5506
PSC	0	HG02938	0	0	0	0	0	0	5.9	0	170859	4303	9093
PSC	0	HG02887	0	0	0	0	0	0	5.6	0	169639	4216	10400
PSC	0	HG03157	0	0	0	0	0	0	5.5	0	170639	4253	9363
PSC	0	HG03169	0	0	0	0	0	0	6.2	0	170467	4223	9565
PSC	0	HG02971	0	0	0	0	0	0	7.0	0	169930	4284	10041
PSC	0	HG03133	0	0	0	0	0	0	6.5	0	170495	4369	9391
PSC	0	HG03063	0	0	0	0	0	0	5.7	0	173653	4409	6193
PSC	0	HG03246	0	0	0	0	0	0	14.5	0	173841	4438	5976
PSC	0	HG03258	0	0	0	0	0	0	6.5	0	174339	4417	5499
PSC	0	HG03265	0	0	0	0	0	0	6.3	0	169871	4164	10220
PSC	0	HG03373	0	0	0	0	0	0	5.5	0	170258	4367	9630
PSC	0	HG03190	0	0	0	0	0	0	5.6	0	169879	4277	10099
PSC	0	HG03304	0	0	0	0	0	0	9.1	0	170129	4299	9827
PSC	0	HG03311	0	0	0	0	0	0	6.0	0	169757	4279	10219
PSC	0	HG03436	0	0	0	0	0	0	5.8	0	173539	4319	6397
PSC	0	HG03385	0	0	0	0	0	0	6.4	0	173391	4365	6499
PSC	0	HG03397	0	0	0	0	0	0	5.5	0	173479	4262	6514
PSC	0	HG03556	0	0	0	0	0	0	5.9	0	170101	4432	9722
PSC	0	HG03518	0	0	0	0	0	0	6.4	0	170363	4271	9621
PSC	0	HG03582	0	0	0	0	0	0	6.3	0	170223	4347	9685
PSC	0	NA18486	0	0	0	0	0	0	6.3	0	169948	4322	9985
PSC	0	NA18498	0	0	0	0	0	0	5.8	0	169599	4227	10429
PSC	0	NA18501	0	0	0	0	0	0	5.4	0	169622	4280	10353
PSC	0	NA19028	0	0	0	0	0	0	5.9	0	170065	4273	9917
PSC	0	HG01914	0	0	0	0	0	0	5.5	0	169139	4186	10930
PSC	0	HG01882	0	0	0	0	0	0	5.5	0	173894	4288	6073
PSC	0	NA19092	0	0	0	0	0	0	6.1	0	170284	4347	9624
PSC	0	NA19035	0	0	0	0	0	0	5.8	0	173921	4346	5988
PSC	0	HG02013	0	0	0	0	0	0	6.1	0	170230	4337	9688
PSC	0	HG02107	0	0	0	0	0	0	6.0	0	170706	4333	9216
PSC	0	HG02051	0	0	0	0	0	0	5.9	0	177586	1531	5138
PSC	0	NA18859	0	0	0	0	0	0	6.1	0	170100	4319	9836
PSC	0	NA18917	0	0	0	0	0	0	5.6	0	169757	4400	10098
PSC	0	HG01988	0	0	0	0	0	0	6.3	0	174185	3613	6457
PSC	0	HG01990	0	0	0	0	0	0	6.0	0	169672	4303	10280
PSC	0	HG01879	0	0	0	0	0	0	5.8	0	178867	1552	3836
PSC	0	NA19256	0	0	0	0	0	0	6.3	0	170028	4316	9911
PSC	0	NA19307	0	0	0	0	0	0	6.1	0	170177	4334	9744
PSC	0	NA19319	0	0	0	0	0	0	6.1	0	170314	4261	9680
PSC	0	NA19117	0	0	0	0	0	0	6.2	0	169742	4312	10201
PSC	0	NA19198	0	0	0	0	0	0	6.4	0	170642	4281	9332
PSC	0	HG02284	0	0	0	0	0	0	6.2	0	169741	4265	10249
PSC	0	NA19213	0	0	0	0	0	0	5.5	0	169539	4335	10381
PSC	0	HG02323	0	0	0	0	0	0	6.2	0	170037	4333	9885
PSC	0	HG02330	0	0	0	0	0	0	5.6	0	173836	4325	6094
PSC	0	NA19376	0	0	0	0	0	0	6.2	0	170282	4271	9702
PSC	0	NA19383	0	0	0	0	0	0	5.6	0	170077	4222	9956
PSC	0	HG02582	0	0	0	0	0	0	6.1	0	169816	4459	9980
PSC	0	HG02594	0	0	0	0	0	0	4.9	0	170329	4287	9639
PSC	0	HG02429	0	0	0	0	0	0	6.7	0	170260	4212	9783
PSC	0	NA19150	0	0	0	0	0	0	5.3	0	173684	4338	6233
PSC	0	HG02455	0	0	0	0	0	0	6.0	0	170062	4222	9971
PSC	0	HG02570	0	0	0	0	0	0	5.2	0	173605	4388	6262
PSC	0	HG02481	0	0	0	0	0	0	4.8	0	170179	4244	9832
PSC	0	HG02501	0	0	0	0	0	0	5.3	0	178730	1475	4050
PSC	0	NA20291	0	0	0	0	0	0	9.0	0	170060	4198	9997
PSC	0	HG02645	0	0	0	0	0	0	6.1	0	166245	6875	11135
PSC	0	NA19908	0	0	0	0	0	0	5.3	0	170742	4304	9209
PSC	0	NA19922	0	0	0	0	0	0	6.3	0	179153	1429	3673
PSC	0	NA19984	0	0	0	0	0	0	5.6	0	174876	3567	5812
PSC	0	NA20126	0	0	0	0	0	0	4.5	0	170047	4159	10049
PSC	0	HG02715	0	0	0	0	0	0	5.9	0	169624	4316	10315
PSC	0	HG02283	0	0	0	0	0	0	5.5	0	170097	4298	9860
PSC	0	NA20342	0	0	0	0	0	0	5.9	0	178621	1596	4038
PSC	0	HG02854	0	0	0	0	0	0	6.0	0	170286	4275	9694
PSC	0	HG02878	0	0	0	0	0	0	5.3	0	169293	4163	10799
PSC	0	HG02804	0	0	0	0	0	0	4.7	0	169335	4292	10628
PSC	0	HG02536	0	0	0	0	0	0	6.3	0	174866	3463	5926
PSC	0	HG02442	0	0	0	0	0	0	5.9	0	169859	4362	10034
PSC	0	HG02461	0	0	0	0	0	0	5.8	0	173943	4248	6064
PSC	0	HG02334	0	0	0	0	0	0	6.3	0	169976	4279	10000
PSC	0	HG02981	0	0	0	0	0	0	7.6	0	170204	4330	9721
PSC	0	HG03054	0	0	0	0	0	0	7.1	0	173717	4428	6110
PSC	0	HG02816	0	0	0	0	0	0	6.2	0	169340	4275	10640
PSC	0	HG03066	0	0	0	0	0	0	6.2	0	173470	4326	6459
PSC	0	HG03078	0	0	0	0	0	0	5.3	0	169184	4380	10691
PSC	0	HG03100	0	0	0	0	0	0	5.8	0	169965	4206	10084
PSC	0	HG02702	0	0	0	0	0	0	6.9	0	169526	4292	10437
PSC	0	HG03268	0	0	0	0	0	0	6.4	0	169820	4314	10121
PSC	0	HG02721	0	0	0	0	0	0	5.7	0	169906	4353	9996
PSC	0	HG03136	0	0	0	0	0	0	6.0	0	170109	4319	9827
PSC	0	HG03112	0	0	0	0	0	0	6.4	0	169934	4391	9930
PSC	0	HG02613	0	0	0	0	0	0	6.4	0	169437	7017	7801
PSC	0	HG03124	0	0	0	0	0	0	5.7	0	170441	4219	9595
PSC	0	HG03225	0	0	0	0	0	0	7.0	0	164493	5091	14671
PSC	0	HG02675	0	0	0	0	0	0	5.9	0	169414	4328	10513
PSC	0	HG02620	0	0	0	0	0	0	5.7	0	169455	4251	10549
PSC	0	HG03193	0	0	0	0	0	0	6.0	0	170505	4351	9399
PSC	0	HG03249	0	0	0	0	0	0	8.4	0	169981	4248	10026
PSC	0	HG03376	0	0	0	0	0	0	6.5	0	165063	5002	14190
PSC	0	HG02884	0	0	0	0	0	0	5.6	0	169114	4164	10977
PSC	0	HG03472	0	0	0	0	0	0	6.6	0	169635	4319	10301
PSC	0	HG03484	0	0	0	0	0	0	6.5	0	169899	4269	10087
PSC	0	HG02923	0	0	0	0	0	0	6.1	0	170309	4204	9742
PSC	0	HG02947	0	0	0	0	0	0	6.2	0	169692	4352	10211
PSC	0	HG03388	0	0	0	0	0	0	5.8	0	170398	4401	9456
PSC	0	HG02771	0	0	0	0	0	0	6.2	0	172497	4264	7494
PSC	0	HG03439	0	0	0	0	0	0	5.2	0	173821	4365	6069
PSC	0	HG02839	0	0	0	0	0	0	5.9	0	169068	4346	10841
PSC	0	HG03547	0	0	0	0	0	0	6.9	0	168943	4331	10981
PSC	0	HG02973	0	0	0	0	0	0	7.1	0	170083	4216	9956
PSC	0	HG03559	0	0	0	0	0	0	15.6	0	169834	4319	10102
PSC	0	HG02810	0	0	0	0	0	0	5.5	0	173855	4225	6175
PSC	0	HG03460	0	0	0	0	0	0	5.4	0	173539	4364	6352
PSC	0	HG02860	0	0	0	0	0	0	6.3	0	169362	4362	10531
PSC	0	HG03027	0	0	0	0	0	0	5.4	0	173448	4230	6577
PSC	0	HG03307	0	0	0	0	0	0	5.5	0	170180	4276	9799
PSC	0	HG03039	0	0	0	0	0	0	6.1	0	169555	4411	10289
PSC	0	HG03352	0	0	0	0	0	0	5.8	0	169247	4168	10840
PSC	0	HG03224	0	0	0	0	0	0	5.8	0	169939	4409	9907
PSC	0	HG03072	0	0	0	0	0	0	5.6	0	171140	4247	8868
PSC	0	HG03077	0	0	0	0	0	0	8.8	0	169163	4195	10897
PSC	0	HG03084	0	0	0	0	0	0	6.0	0	169392	4191	10672
PSC	0	HG03109	0	0	0	0	0	0	5.1	0	170101	4310	9844
PSC	0	HG03166	0	0	0	0	0	0	7.1	0	170408	4412	9435
PSC	0	HG03096	0	0	0	0	0	0	8.9	0	173967	4256	6032
PSC	0	HG03130	0	0	0	0	0	0	6.2	0	170832	4373	9050
PSC	0	HG03060	0	0	0	0	0	0	5.8	0	170427	4293	9535
PSC	0	HG03298	0	0	0	0	0	0	5.3	0	170252	4301	9702
PSC	0	HG03301	0	0	0	0	0	0	5.3	0	170207	4309	9739
PSC	0	HG03313	0	0	0	0	0	0	6.6	0	170355	4203	9697
PSC	0	HG03433	0	0	0	0	0	0	7.0	0	170119	4390	9746
PSC	0	HG03445	0	0	0	0	0	0	7.6	0	169782	4271	10202
PSC	0	HG03394	0	0	0	0	0	0	5.4	0	169990	4284	9981
PSC	0	HG03370	0	0	0	0	0	0	5.8	0	170171	4328	9756
PSC	0	HG03382	0	0	0	0	0	0	6.2	0	170081	4208	9966
PSC	0	HG03457	0	0	0	0	0	0	5.7	0	173030	4371	6854
PSC	0	HG03469	0	0	0	0	0	0	6.8	0	170359	4230	9666
PSC	0	HG03515	0	0	0	0	0	0	6.4	0	170243	4247	9765
PSC	0	HG03565	0	0	0	0	0	0	6.5	0	170013	4281	9961
PSC	0	HG03577	0	0	0	0	0	0	5.7	0	174209	3580	6466
PSC	0	NA18908	0	0	0	0	0	0	5.9	0	169830	4327	10098
PSC	0	NA18910	0	0	0	0	0	0	3.5	0	162953	3926	17376
PSC	0	NA18915	0	0	0	0	0	0	6.1	0	170802	4306	9147
PSC	0	NA18934	0	0	0	0	0	0	5.5	0	169638	4365	10252
PSC	0	NA18504	0	0	0	0	0	0	4.5	0	168303	4190	11762
PSC	0	NA18516	0	0	0	0	0	0	5.9	0	170193	4276	9786
PSC	0	NA18871	0	0	0	0	0	0	5.8	0	170876	4371	9008
PSC	0	NA19141	0	0	0	0	0	0	6.2	0	170002	4216	10037
PSC	0	NA19146	0	0	0	0	0	0	6.1	0	170444	4282	9529
PSC	0	NA19153	0	0	0	0	0	0	6.5	0	170567	4268	9420
PSC	0	NA19160	0	0	0	0	0	0	5.7	0	170007	4398	9850
PSC	0	NA19184	0	0	0	0	0	0	6.8	0	169743	4242	10270
PSC	0	NA19189	0	0	0	0	0	0	6.2	0	172747	4347	7161
PSC	0	NA18522	0	0	0	0	0	0	6.2	0	170578	4222	9455
PSC	0	NA19223	0	0	0	0	0	0	5.9	0	170109	4290	9856
PSC	0	NA19026	0	0	0	0	0	0	6.4	0	169734	4151	10370
PSC	0	NA18510	0	0	0	0	0	0	6.4	0	169580	4278	10397
PSC	0	NA19451	0	0	0	0	0	0	6.3	0	170315	4322	9618
PSC	0	NA18856	0	0	0	0	0	0	5.3	0	173711	4293	6251
PSC	0	NA19711	0	0	0	0	0	0	5.9	0	170070	4277	9908
PSC	0	NA19350	0	0	0	0	0	0	5.1	0	169894	4308	10053
PSC	0	NA19138	0	0	0	0	0	0	6.1	0	170249	4344	9662
PSC	0	NA19374	0	0	0	0	0	0	6.0	0	171798	4415	8042
PSC	0	NA19393	0	0	0	0	0	0	6.9	0	170332	4335	9588
PSC	0	NA19171	0	0	0	0	0	0	6.4	0	169895	4292	10068
PSC	0	NA19107	0	0	0	0	0	0	6.2	0	170218	4251	9786
PSC	0	NA19119	0	0	0	0	0	0	6.0	0	170062	4256	9937
PSC	0	NA19121	0	0	0	0	0	0	5.5	0	170230	4160	9865
PSC	0	NA18868	0	0	0	0	0	0	5.2	0	170168	4291	9796
PSC	0	NA19312	0	0	0	0	0	0	6.1	0	170263	4277	9715
PSC	0	NA19317	0	0	0	0	0	0	5.6	0	170709	4271	9275
PSC	0	NA19331	0	0	0	0	0	0	6.1	0	173996	4241	6018
PSC	0	NA19020	0	0	0	0	0	0	5.5	0	170355	4329	9571
PSC	0	NA19025	0	0	0	0	0	0	5.7	0	170313	4288	9654
PSC	0	NA19210	0	0	0	0	0	0	7.2	0	170197	4216	9842
PSC	0	NA19239	0	0	0	0	0	0	11.3	0	173223	4330	6702
PSC	0	NA19397	0	0	0	0	0	0	6.7	0	170312	4231	9712
PSC	0	NA19429	0	0	0	0	0	0	5.1	0	170055	4335	9865
PSC	0	NA19443	0	0	0	0	0	0	7.6	0	169362	4352	10541
PSC	0	NA19448	0	0	0	0	0	0	7.0	0	170398	4302	9555
PSC	0	NA19309	0	0	0	0	0	0	6.9	0	173613	4246	6396
PSC	0	NA19347	0	0	0	0	0	0	6.0	0	170490	4350	9415
PSC	0	NA19380	0	0	0	0	0	0	6.7	0	174172	4204	5879
PSC	0	NA19385	0	0	0	0	0	0	6.3	0	169982	4352	9921
PSC	0	NA19455	0	0	0	0	0	0	6.0	0	170392	4232	9631
PSC	0	NA19920	0	0	0	0	0	0	5.5	0	170222	4137	9896
PSC	0	NA19982	0	0	0	0	0	0	7.3	0	173816	3486	6953
PSC	0	NA20340	0	0	0	0	0	0	5.8	0	170089	4381	9785
PSC	0	NA19703	0	0	0	0	0	0	6.1	0	170249	4375	9631
PSC	0	NA19203	0	0	0	0	0	0	5.5	0	170399	4316	9540
PSC	0	NA19900	0	0	0	0	0	0	5.9	0	170197	4351	9707
PSC	0	NA20298	0	0	0	0	0	0	6.1	0	170469	4320	9466
PSC	0	NA20318	0	0	0	0	0	0	6.1	0	179119	1528	3608
PSC	0	NA20351	0	0	0	0	0	0	6.6	0	174707	3509	6039
PSC	0	NA20356	0	0	0	0	0	0	7.0	0	178519	1449	4287
PSC	0	NA20281	0	0	0	0	0	0	6.4	0	170046	4200	10009
PSC	0	HG01890	0	0	0	0	0	0	6.4	0	167018	8159	9078
PSC	0	HG02014	0	0	0	0	0	0	5.5	0	178545	1480	4230
PSC	0	HG02545	0	0	0	0	0	0	8.0	0	178546	1531	4178
PSC	0	HG02420	0	0	0	0	0	0	5.8	0	173465	3492	7298
PSC	0	HG02317	0	0	0	0	0	0	6.3	0	173819	4287	6149
PSC	0	HG02449	0	0	0	0	0	0	6.4	0	173496	4278	6481
PSC	0	HG02470	0	0	0	0	0	0	5.6	0	174671	3557	6027
PSC	0	HG02343	0	0	0	0	0	0	0.1	0	178427	1574	4254
PSC	0	HG02610	0	0	0	0	0	0	6.2	0	170547	4201	9507
PSC	0	HG02557	0	0	0	0	0	0	5.8	0	170327	4361	9567
PSC	0	HG02588	0	0	0	0	0	0	8.3	0	164769	5092	14394
PSC	0	HG02634	0	0	0	0	0	0	6.0	0	173858	4354	6043
PSC	0	HG02982	0	0	0	0	0	0	6.0	0	166519	8076	9660
PSC	0	HG02759	0	0	0	0	0	0	5.6	0	170397	4235	9623
PSC	0	HG02968	0	0	0	0	0	0	6.7	0	169619	4321	10315
PSC	0	HG02836	0	0	0	0	0	0	6.4	0	168644	4244	11367
PSC	0	HG02881	0	0	0	0	0	0	6.3	0	170423	4100	9732
PSC	0	HG02944	0	0	0	0	0	0	6.2	0	170556	4227	9472
PSC	0	HG03048	0	0	0	0	0	0	6.0	0	174091	4113	6051
PSC	0	HG03074	0	0	0	0	0	0	6.1	0	170210	4305	9740
PSC	0	HG03081	0	0	0	0	0	0	5.9	0	170638	4284	9333
PSC	0	HG03118	0	0	0	0	0	0	6.2	0	170064	4236	9955
PSC	0	HG03120	0	0	0	0	0	0	5.6	0	170540	4223	9492
PSC	0	HG03163	0	0	0	0	0	0	5.7	0	169955	4395	9905
PSC	0	HG03024	0	0	0	0	0	0	6.1	0	173898	4224	6133
PSC	0	HG03199	0	0	0	0	0	0	6.4	0	169672	4227	10356
PSC	0	HG03202	0	0	0	0	0	0	8.1	0	169852	4283	10120
PSC	0	HG03175	0	0	0	0	0	0	5.6	0	169807	4399	10049
PSC	0	HG03478	0	0	0	0	0	0	8.0	0	170873	4233	9149
PSC	0	HG03240	0	0	0	0	0	0	6.4	0	169995	4371	9889
PSC	0	HG03454	0	0	0	0	0	0	6.5	0	169983	4206	10066
PSC	0	HG03271	0	0	0	0	0	0	4.8	0	169555	4316	10384
PSC	0	HG03295	0	0	0	0	0	0	5.8	0	169695	4249	10311
PSC	0	HG03442	0	0	0	0	0	0	5.6	0	173857	4306	6092
PSC	0	HG03391	0	0	0	0	0	0	5.1	0	173434	4292	6529
PSC	0	HG03574	0	0	0	0	0	0	6.3	0	170700	4196	9359
PSC	0	NA18853	0	0	0	0	0	0	6.0	0	170349	4253	9653
PSC	0	NA18923	0	0	0	0	0	0	6.7	0	169914	4259	10082
PSC	0	NA19128	0	0	0	0	0	0	6.6	0	170501	4224	9530
PSC	0	NA19130	0	0	0	0	0	0	6.2	0	170377	4281	9597
PSC	0	NA19041	0	0	0	0	0	0	6.4	0	169937	4381	9937
PSC	0	NA18865	0	0	0	0	0	0	6.9	0	169694	4249	10312
PSC	0	NA18877	0	0	0	0	0	0	5.5	0	169988	4360	9907
PSC	0	NA19096	0	0	0	0	0	0	5.4	0	170361	4373	9521
PSC	0	NA19027	0	0	0	0	0	0	6.3	0	169353	4256	10646
PSC	0	NA19700	0	0	0	0	0	0	6.3	0	170304	4326	9625
PSC	0	NA19200	0	0	0	0	0	0	5.6	0	169839	4395	10021
PSC	0	NA19394	0	0	0	0	0	0	5.4	0	169804	4242	10209
PSC	0	NA19248	0	0	0	0	0	0	5.6	0	170292	4252	9711
PSC	0	NA19318	0	0	0	0	0	0	6.8	0	170013	4452	9790
PSC	0	NA19375	0	0	0	0	0	0	5.2	0	170500	4288	9467
PSC	0	NA19452	0	0	0	0	0	0	5.9	0	170194	4341	9720
PSC	0	NA19236	0	0	0	0	0	0	5.7	0	170181	4275	9799
PSC	0	NA19818	0	0	0	0	0	0	5.1	0	173909	4298	6048
PSC	0	NA20346	0	0	0	0	0	0	5.4	0	170277	4310	9668
# PSI, Per-Sample Indels
# PSI	[2]id	[3]sample	[4]in-frame	[5]out-frame	[6]not applicable	[7]out/(in+out) ratio	[8]nHets	[9]nAA
PSI	0	HG01912	0	0	0	0.00	0	0
PSI	0	HG01885	0	0	0	0.00	0	0
PSI	0	HG02009	0	0	0	0.00	0	0
PSI	0	HG01986	0	0	0	0.00	0	0
PSI	0	HG02307	0	0	0	0.00	0	0
PSI	0	HG02314	0	0	0	0.00	0	0
PSI	0	HG02143	0	0	0	0.00	0	0
PSI	0	HG02484	0	0	0	0.00	0	0
PSI	0	HG02489	0	0	0	0.00	0	0
PSI	0	HG02554	0	0	0	0.00	0	0
PSI	0	HG02561	0	0	0	0.00	0	0
PSI	0	HG02573	0	0	0	0.00	0	0
PSI	0	HG02496	0	0	0	0.00	0	0
PSI	0	HG02585	0	0	0	0.00	0	0
PSI	0	HG02439	0	0	0	0.00	0	0
PSI	0	HG02768	0	0	0	0.00	0	0
PSI	0	HG02756	0	0	0	0.00	0	0
PSI	0	HG02890	0	0	0	0.00	0	0
PSI	0	HG02895	0	0	0	0.00	0	0
PSI	0	HG02819	0	0	0	0.00	0	0
PSI	0	HG02941	0	0	0	0.00	0	0
PSI	0	HG02953	0	0	0	0.00	0	0
PSI	0	HG02965	0	0	0	0.00	0	0
PSI	0	HG03033	0	0	0	0.00	0	0
PSI	0	HG03045	0	0	0	0.00	0	0
PSI	0	HG02807	0	0	0	0.00	0	0
PSI	0	HG03057	0	0	0	0.00	0	0
PSI	0	HG02869	0	0	0	0.00	0	0
PSI	0	HG02977	0	0	0	0.00	0	0
PSI	0	HG03209	0	0	0	0.00	0	0
PSI	0	HG03103	0	0	0	0.00	0	0
PSI	0	HG03172	0	0	0	0.00	0	0
PSI	0	HG03196	0	0	0	0.00	0	0
PSI	0	HG03127	0	0	0	0.00	0	0
PSI	0	HG03139	0	0	0	0.00	0	0
PSI	0	HG03069	0	0	0	0.00	0	0
PSI	0	HG03115	0	0	0	0.00	0	0
PSI	0	HG03280	0	0	0	0.00	0	0
PSI	0	HG03160	0	0	0	0.00	0	0
PSI	0	HG03521	0	0	0	0.00	0	0
PSI	0	HG03538	0	0	0	0.00	0	0
PSI	0	HG03432	0	0	0	0.00	0	0
PSI	0	HG03451	0	0	0	0.00	0	0
PSI	0	HG03343	0	0	0	0.00	0	0
PSI	0	HG03367	0	0	0	0.00	0	0
PSI	0	HG03571	0	0	0	0.00	0	0
PSI	0	NA18487	0	0	0	0.00	0	0
PSI	0	NA18507	0	0	0	0.00	0	0
PSI	0	NA18519	0	0	0	0.00	0	0
PSI	0	NA18862	0	0	0	0.00	0	0
PSI	0	NA18874	0	0	0	0.00	0	0
PSI	0	NA18879	0	0	0	0.00	0	0
PSI	0	NA19226	0	0	0	0.00	0	0
PSI	0	NA19031	0	0	0	0.00	0	0
PSI	0	NA19043	0	0	0	0.00	0	0
PSI	0	NA19113	0	0	0	0.00	0	0
PSI	0	NA19098	0	0	0	0.00	0	0
PSI	0	NA19101	0	0	0	0.00	0	0
PSI	0	NA19175	0	0	0	0.00	0	0
PSI	0	NA19207	0	0	0	0.00	0	0
PSI	0	NA19144	0	0	0	0.00	0	0
PSI	0	NA19454	0	0	0	0.00	0	0
PSI	0	NA19461	0	0	0	0.00	0	0
PSI	0	NA19466	0	0	0	0.00	0	0
PSI	0	NA19308	0	0	0	0.00	0	0
PSI	0	NA19334	0	0	0	0.00	0	0
PSI	0	NA19834	0	0	0	0.00	0	0
PSI	0	NA19346	0	0	0	0.00	0	0
PSI	0	NA19360	0	0	0	0.00	0	0
PSI	0	NA19372	0	0	0	0.00	0	0
PSI	0	NA19384	0	0	0	0.00	0	0
PSI	0	HG02255	0	0	0	0.00	0	0
PSI	0	NA19428	0	0	0	0.00	0	0
PSI	0	NA19430	0	0	0	0.00	0	0
PSI	0	HG02053	0	0	0	0.00	0	0
PSI	0	HG02281	0	0	0	0.00	0	0
PSI	0	NA20362	0	0	0	0.00	0	0
PSI	0	HG02464	0	0	0	0.00	0	0
PSI	0	HG02332	0	0	0	0.00	0	0
PSI	0	NA19904	0	0	0	0.00	0	0
PSI	0	NA19916	0	0	0	0.00	0	0
PSI	0	HG02433	0	0	0	0.00	0	0
PSI	0	HG02445	0	0	0	0.00	0	0
PSI	0	HG02666	0	0	0	0.00	0	0
PSI	0	HG02678	0	0	0	0.00	0	0
PSI	0	HG02623	0	0	0	0.00	0	0
PSI	0	HG02628	0	0	0	0.00	0	0
PSI	0	HG02642	0	0	0	0.00	0	0
PSI	0	NA20348	0	0	0	0.00	0	0
PSI	0	NA20278	0	0	0	0.00	0	0
PSI	0	HG02541	0	0	0	0.00	0	0
PSI	0	HG02798	0	0	0	0.00	0	0
PSI	0	HG02813	0	0	0	0.00	0	0
PSI	0	HG02851	0	0	0	0.00	0	0
PSI	0	HG02762	0	0	0	0.00	0	0
PSI	0	HG02938	0	0	0	0.00	0	0
PSI	0	HG02887	0	0	0	0.00	0	0
PSI	0	HG03157	0	0	0	0.00	0	0
PSI	0	HG03169	0	0	0	0.00	0	0
PSI	0	HG02971	0	0	0	0.00	0	0
PSI	0	HG03133	0	0	0	0.00	0	0
PSI	0	HG03063	0	0	0	0.00	0	0
PSI	0	HG03246	0	0	0	0.00	0	0
PSI	0	HG03258	0	0	0	0.00	0	0
PSI	0	HG03265	0	0	0	0.00	0	0
PSI	0	HG03373	0	0	0	0.00	0	0
PSI	0	HG03190	0	0	0	0.00	0	0
PSI	0	HG03304	0	0	0	0.00	0	0
PSI	0	HG03311	0	0	0	0.00	0	0
PSI	0	HG03436	0	0	0	0.00	0	0
PSI	0	HG03385	0	0	0	0.00	0	0
PSI	0	HG03397	0	0	0	0.00	0	0
PSI	0	HG03556	0	0	0	0.00	0	0
PSI	0	HG03518	0	0	0	0.00	0	0
PSI	0	HG03582	0	0	0	0.00	0	0
PSI	0	NA18486	0	0	0	0.00	0	0
PSI	0	NA18498	0	0	0	0.00	0	0
PSI	0	NA18501	0	0	0	0.00	0	0
PSI	0	NA19028	0	0	0	0.00	0	0
PSI	0	HG01914	0	0	0	0.00	0	0
PSI	0	HG01882	0	0	0	0.00	0	0
PSI	0	NA19092	0	0	0	0.00	0	0
PSI	0	NA19035	0	0	0	0.00	0	0
PSI	0	HG02013	0	0	0	0.00	0	0
PSI	0	HG02107	0	0	0	0.00	0	0
PSI	0	HG02051	0	0	0	0.00	0	0
PSI	0	NA18859	0	0	0	0.00	0	0
PSI	0	NA18917	0	0	0	0.00	0	0
PSI	0	HG01988	0	0	0	0.00	0	0
PSI	0	HG01990	0	0	0	0.00	0	0
PSI	0	HG01879	0	0	0	0.00	0	0
PSI	0	NA19256	0	0	0	0.00	0	0
PSI	0	NA19307	0	0	0	0.00	0	0
PSI	0	NA19319	0	0	0	0.00	0	0
PSI	0	NA19117	0	0	0	0.00	0	0
PSI	0	NA19198	0	0	0	0.00	0	0
PSI	0	HG02284	0	0	0	0.00	0	0
PSI	0	NA19213	0	0	0	0.00	0	0
PSI	0	HG02323	0	0	0	0.00	0	0
PSI	0	HG02330	0	0	0	0.00	0	0
PSI	0	NA19376	0	0	0	0.00	0	0
PSI	0	NA19383	0	0	0	0.00	0	0
PSI	0	HG02582	0	0	0	0.00	0	0
PSI	0	HG02594	0	0	0	0.00	0	0
PSI	0	HG02429	0	0	0	0.00	0	0
PSI	0	NA19150	0	0	0	0.00	0	0
PSI	0	HG02455	0	0	0	0.00	0	0
PSI	0	HG02570	0	0	0	0.00	0	0
PSI	0	HG02481	0	0	0	0.00	0	0
PSI	0	HG02501	0	0	0	0.00	0	0
PSI	0	NA20291	0	0	0	0.00	0	0
PSI	0	HG02645	0	0	0	0.00	0	0
PSI	0	NA19908	0	0	0	0.00	0	0
PSI	0	NA19922	0	0	0	0.00	0	0
PSI	0	NA19984	0	0	0	0.00	0	0
PSI	0	NA20126	0	0	0	0.00	0	0
PSI	0	HG02715	0	0	0	0.00	0	0
PSI	0	HG02283	0	0	0	0.00	0	0
PSI	0	NA20342	0	0	0	0.00	0	0
PSI	0	HG02854	0	0	0	0.00	0	0
PSI	0	HG02878	0	0	0	0.00	0	0
PSI	0	HG02804	0	0	0	0.00	0	0
PSI	0	HG02536	0	0	0	0.00	0	0
PSI	0	HG02442	0	0	0	0.00	0	0
PSI	0	HG02461	0	0	0	0.00	0	0
PSI	0	HG02334	0	0	0	0.00	0	0
PSI	0	HG02981	0	0	0	0.00	0	0
PSI	0	HG03054	0	0	0	0.00	0	0
PSI	0	HG02816	0	0	0	0.00	0	0
PSI	0	HG03066	0	0	0	0.00	0	0
PSI	0	HG03078	0	0	0	0.00	0	0
PSI	0	HG03100	0	0	0	0.00	0	0
PSI	0	HG02702	0	0	0	0.00	0	0
PSI	0	HG03268	0	0	0	0.00	0	0
PSI	0	HG02721	0	0	0	0.00	0	0
PSI	0	HG03136	0	0	0	0.00	0	0
PSI	0	HG03112	0	0	0	0.00	0	0
PSI	0	HG02613	0	0	0	0.00	0	0
PSI	0	HG03124	0	0	0	0.00	0	0
PSI	0	HG03225	0	0	0	0.00	0	0
PSI	0	HG02675	0	0	0	0.00	0	0
PSI	0	HG02620	0	0	0	0.00	0	0
PSI	0	HG03193	0	0	0	0.00	0	0
PSI	0	HG03249	0	0	0	0.00	0	0
PSI	0	HG03376	0	0	0	0.00	0	0
PSI	0	HG02884	0	0	0	0.00	0	0
PSI	0	HG03472	0	0	0	0.00	0	0
PSI	0	HG03484	0	0	0	0.00	0	0
PSI	0	HG02923	0	0	0	0.00	0	0
PSI	0	HG02947	0	0	0	0.00	0	0
PSI	0	HG03388	0	0	0	0.00	0	0
PSI	0	HG02771	0	0	0	0.00	0	0
PSI	0	HG03439	0	0	0	0.00	0	0
PSI	0	HG02839	0	0	0	0.00	0	0
PSI	0	HG03547	0	0	0	0.00	0	0
PSI	0	HG02973	0	0	0	0.00	0	0
PSI	0	HG03559	0	0	0	0.00	0	0
PSI	0	HG02810	0	0	0	0.00	0	0
PSI	0	HG03460	0	0	0	0.00	0	0
PSI	0	HG02860	0	0	0	0.00	0	0
PSI	0	HG03027	0	0	0	0.00	0	0
PSI	0	HG03307	0	0	0	0.00	0	0
PSI	0	HG03039	0	0	0	0.00	0	0
PSI	0	HG03352	0	0	0	0.00	0	0
PSI	0	HG03224	0	0	0	0.00	0	0
PSI	0	HG03072	0	0	0	0.00	0	0
PSI	0	HG03077	0	0	0	0.00	0	0
PSI	0	HG03084	0	0	0	0.00	0	0
PSI	0	HG03109	0	0	0	0.00	0	0
PSI	0	HG03166	0	0	0	0.00	0	0
PSI	0	HG03096	0	0	0	0.00	0	0
PSI	0	HG03130	0	0	0	0.00	0	0
PSI	0	HG03060	0	0	0	0.00	0	0
PSI	0	HG03298	0	0	0	0.00	0	0
PSI	0	HG03301	0	0	0	0.00	0	0
PSI	0	HG03313	0	0	0	0.00	0	0
PSI	0	HG03433	0	0	0	0.00	0	0
PSI	0	HG03445	0	0	0	0.00	0	0
PSI	0	HG03394	0	0	0	0.00	0	0
PSI	0	HG03370	0	0	0	0.00	0	0
PSI	0	HG03382	0	0	0	0.00	0	0
PSI	0	HG03457	0	0	0	0.00	0	0
PSI	0	HG03469	0	0	0	0.00	0	0
PSI	0	HG03515	0	0	0	0.00	0	0
PSI	0	HG03565	0	0	0	0.00	0	0
PSI	0	HG03577	0	0	0	0.00	0	0
PSI	0	NA18908	0	0	0	0.00	0	0
PSI	0	NA18910	0	0	0	0.00	0	0
PSI	0	NA18915	0	0	0	0.00	0	0
PSI	0	NA18934	0	0	0	0.00	0	0
PSI	0	NA18504	0	0	0	0.00	0	0
PSI	0	NA18516	0	0	0	0.00	0	0
PSI	0	NA18871	0	0	0	0.00	0	0
PSI	0	NA19141	0	0	0	0.00	0	0
PSI	0	NA19146	0	0	0	0.00	0	0
PSI	0	NA19153	0	0	0	0.00	0	0
PSI	0	NA19160	0	0	0	0.00	0	0
PSI	0	NA19184	0	0	0	0.00	0	0
PSI	0	NA19189	0	0	0	0.00	0	0
PSI	0	NA18522	0	0	0	0.00	0	0
PSI	0	NA19223	0	0	0	0.00	0	0
PSI	0	NA19026	0	0	0	0.00	0	0
PSI	0	NA18510	0	0	0	0.00	0	0
PSI	0	NA19451	0	0	0	0.00	0	0
PSI	0	NA18856	0	0	0	0.00	0	0
PSI	0	NA19711	0	0	0	0.00	0	0
PSI	0	NA19350	0	0	0	0.00	0	0
PSI	0	NA19138	0	0	0	0.00	0	0
PSI	0	NA19374	0	0	0	0.00	0	0
PSI	0	NA19393	0	0	0	0.00	0	0
PSI	0	NA19171	0	0	0	0.00	0	0
PSI	0	NA19107	0	0	0	0.00	0	0
PSI	0	NA19119	0	0	0	0.00	0	0
PSI	0	NA19121	0	0	0	0.00	0	0
PSI	0	NA18868	0	0	0	0.00	0	0
PSI	0	NA19312	0	0	0	0.00	0	0
PSI	0	NA19317	0	0	0	0.00	0	0
PSI	0	NA19331	0	0	0	0.00	0	0
PSI	0	NA19020	0	0	0	0.00	0	0
PSI	0	NA19025	0	0	0	0.00	0	0
PSI	0	NA19210	0	0	0	0.00	0	0
PSI	0	NA19239	0	0	0	0.00	0	0
PSI	0	NA19397	0	0	0	0.00	0	0
PSI	0	NA19429	0	0	0	0.00	0	0
PSI	0	NA19443	0	0	0	0.00	0	0
PSI	0	NA19448	0	0	0	0.00	0	0
PSI	0	NA19309	0	0	0	0.00	0	0
PSI	0	NA19347	0	0	0	0.00	0	0
PSI	0	NA19380	0	0	0	0.00	0	0
PSI	0	NA19385	0	0	0	0.00	0	0
PSI	0	NA19455	0	0	0	0.00	0	0
PSI	0	NA19920	0	0	0	0.00	0	0
PSI	0	NA19982	0	0	0	0.00	0	0
PSI	0	NA20340	0	0	0	0.00	0	0
PSI	0	NA19703	0	0	0	0.00	0	0
PSI	0	NA19203	0	0	0	0.00	0	0
PSI	0	NA19900	0	0	0	0.00	0	0
PSI	0	NA20298	0	0	0	0.00	0	0
PSI	0	NA20318	0	0	0	0.00	0	0
PSI	0	NA20351	0	0	0	0.00	0	0
PSI	0	NA20356	0	0	0	0.00	0	0
PSI	0	NA20281	0	0	0	0.00	0	0
PSI	0	HG01890	0	0	0	0.00	0	0
PSI	0	HG02014	0	0	0	0.00	0	0
PSI	0	HG02545	0	0	0	0.00	0	0
PSI	0	HG02420	0	0	0	0.00	0	0
PSI	0	HG02317	0	0	0	0.00	0	0
PSI	0	HG02449	0	0	0	0.00	0	0
PSI	0	HG02470	0	0	0	0.00	0	0
PSI	0	HG02343	0	0	0	0.00	0	0
PSI	0	HG02610	0	0	0	0.00	0	0
PSI	0	HG02557	0	0	0	0.00	0	0
PSI	0	HG02588	0	0	0	0.00	0	0
PSI	0	HG02634	0	0	0	0.00	0	0
PSI	0	HG02982	0	0	0	0.00	0	0
PSI	0	HG02759	0	0	0	0.00	0	0
PSI	0	HG02968	0	0	0	0.00	0	0
PSI	0	HG02836	0	0	0	0.00	0	0
PSI	0	HG02881	0	0	0	0.00	0	0
PSI	0	HG02944	0	0	0	0.00	0	0
PSI	0	HG03048	0	0	0	0.00	0	0
PSI	0	HG03074	0	0	0	0.00	0	0
PSI	0	HG03081	0	0	0	0.00	0	0
PSI	0	HG03118	0	0	0	0.00	0	0
PSI	0	HG03120	0	0	0	0.00	0	0
PSI	0	HG03163	0	0	0	0.00	0	0
PSI	0	HG03024	0	0	0	0.00	0	0
PSI	0	HG03199	0	0	0	0.00	0	0
PSI	0	HG03202	0	0	0	0.00	0	0
PSI	0	HG03175	0	0	0	0.00	0	0
PSI	0	HG03478	0	0	0	0.00	0	0
PSI	0	HG03240	0	0	0	0.00	0	0
PSI	0	HG03454	0	0	0	0.00	0	0
PSI	0	HG03271	0	0	0	0.00	0	0
PSI	0	HG03295	0	0	0	0.00	0	0
PSI	0	HG03442	0	0	0	0.00	0	0
PSI	0	HG03391	0	0	0	0.00	0	0
PSI	0	HG03574	0	0	0	0.00	0	0
PSI	0	NA18853	0	0	0	0.00	0	0
PSI	0	NA18923	0	0	0	0.00	0	0
PSI	0	NA19128	0	0	0	0.00	0	0
PSI	0	NA19130	0	0	0	0.00	0	0
PSI	0	NA19041	0	0	0	0.00	0	0
PSI	0	NA18865	0	0	0	0.00	0	0
PSI	0	NA18877	0	0	0	0.00	0	0
PSI	0	NA19096	0	0	0	0.00	0	0
PSI	0	NA19027	0	0	0	0.00	0	0
PSI	0	NA19700	0	0	0	0.00	0	0
PSI	0	NA19200	0	0	0	0.00	0	0
PSI	0	NA19394	0	0	0	0.00	0	0
PSI	0	NA19248	0	0	0	0.00	0	0
PSI	0	NA19318	0	0	0	0.00	0	0
PSI	0	NA19375	0	0	0	0.00	0	0
PSI	0	NA19452	0	0	0	0.00	0	0
PSI	0	NA19236	0	0	0	0.00	0	0
PSI	0	NA19818	0	0	0	0.00	0	0
PSI	0	NA20346	0	0	0	0.00	0	0
# HWE
# HWE	[2]id	[3]1st ALT allele frequency	[4]Number of observations	[5]25th percentile	[6]median	[7]75th percentile
