# This file was produced by bcftools stats (1.9+htslib-1.9) and can be plotted using plot-vcfstats.
# The command line was:	bcftools stats  -v --samples-file /cromwell_root/fc-47de7dae-e8e6-429c-b760-b4ba49136eee/resources/1kgp/AMR.txt /cromwell_root/fc-51aefb1c-4e8e-4dcb-a59c-62e318ea351a/f5fb20c4-3f8c-4741-b08d-bf13559009fe/subset_vcf_sample_list/a1c40533-cf43-4263-91ca-ba5eebdb036e/call-bgzip_bcftools_index/1kgp.chrY.recalibrated.snp_indel.pass.singleton.AMR_singleton.vcf.gz
#
# Definition of sets:
# ID	[2]id	[3]tab-separated file names
ID	0	/cromwell_root/fc-51aefb1c-4e8e-4dcb-a59c-62e318ea351a/f5fb20c4-3f8c-4741-b08d-bf13559009fe/subset_vcf_sample_list/a1c40533-cf43-4263-91ca-ba5eebdb036e/call-bgzip_bcftools_index/1kgp.chrY.recalibrated.snp_indel.pass.singleton.AMR_singleton.vcf.gz
# SN, Summary numbers:
#   number of records   .. number of data rows in the VCF
#   number of no-ALTs   .. reference-only sites, ALT is either "." or identical to REF
#   number of SNPs      .. number of rows with a SNP
#   number of MNPs      .. number of rows with a MNP, such as CC>TT
#   number of indels    .. number of rows with an indel
#   number of others    .. number of rows with other type, for example a symbolic allele or
#                          a complex substitution, such as ACT>TCGA
#   number of multiallelic sites     .. number of rows with multiple alternate alleles
#   number of multiallelic SNP sites .. number of rows with multiple alternate alleles, all SNPs
# 
#   Note that rows containing multiple types will be counted multiple times, in each
#   counter. For example, a row with a SNP and an indel increments both the SNP and
#   the indel counter.
# 
# SN	[2]id	[3]key	[4]value
SN	0	number of samples:	173
SN	0	number of records:	184255
SN	0	number of no-ALTs:	0
SN	0	number of SNPs:	173522
SN	0	number of MNPs:	0
SN	0	number of indels:	11276
SN	0	number of others:	728
SN	0	number of multiallelic sites:	9796
SN	0	number of multiallelic SNP sites:	7004
# TSTV, transitions/transversions:
# TSTV	[2]id	[3]ts	[4]tv	[5]ts/tv	[6]ts (1st ALT)	[7]tv (1st ALT)	[8]ts/tv (1st ALT)
TSTV	0	101204	74276	1.36	99021	71140	1.39
# SiS, Singleton stats:
# SiS	[2]id	[3]allele count	[4]number of SNPs	[5]number of transitions	[6]number of transversions	[7]number of indels	[8]repeat-consistent	[9]repeat-inconsistent	[10]not applicable
SiS	0	1	22296	12978	9318	2024	0	0	2024
# AF, Stats by non-reference allele frequency:
# AF	[2]id	[3]allele frequency	[4]number of SNPs	[5]number of transitions	[6]number of transversions	[7]number of indels	[8]repeat-consistent	[9]repeat-inconsistent	[10]not applicable
AF	0	0.000000	159117	92241	66876	12140	0	0	12140
AF	0	0.005780	2003	1206	797	379	0	0	379
AF	0	0.011561	2620	1431	1189	368	0	0	368
AF	0	0.017341	2203	1276	927	338	0	0	338
AF	0	0.023121	922	475	447	194	0	0	194
AF	0	0.028902	361	170	191	122	0	0	122
AF	0	0.034682	843	482	361	163	0	0	163
AF	0	0.040462	811	481	330	157	0	0	157
AF	0	0.046243	431	242	189	111	0	0	111
AF	0	0.052023	361	180	181	103	0	0	103
AF	0	0.057803	193	103	90	69	0	0	69
AF	0	0.063584	128	58	70	58	0	0	58
AF	0	0.069364	85	42	43	42	0	0	42
AF	0	0.075145	223	123	100	60	0	0	60
AF	0	0.080925	126	69	57	47	0	0	47
AF	0	0.086705	64	27	37	30	0	0	30
AF	0	0.092486	74	44	30	40	0	0	40
AF	0	0.098266	67	31	36	41	0	0	41
AF	0	0.104046	68	26	42	23	0	0	23
AF	0	0.109827	52	28	24	28	0	0	28
AF	0	0.115607	355	198	157	45	0	0	45
AF	0	0.121387	106	65	41	35	0	0	35
AF	0	0.127168	56	21	35	26	0	0	26
AF	0	0.132948	34	16	18	16	0	0	16
AF	0	0.138728	38	10	28	23	0	0	23
AF	0	0.144509	41	16	25	19	0	0	19
AF	0	0.150289	36	18	18	24	0	0	24
AF	0	0.156069	39	20	19	11	0	0	11
AF	0	0.161850	138	85	53	18	0	0	18
AF	0	0.167630	326	202	124	48	0	0	48
AF	0	0.173410	245	153	92	35	0	0	35
AF	0	0.179191	72	39	33	29	0	0	29
AF	0	0.184971	32	12	20	18	0	0	18
AF	0	0.190751	28	13	15	16	0	0	16
AF	0	0.196532	68	36	32	16	0	0	16
AF	0	0.202312	37	16	21	12	0	0	12
AF	0	0.208092	171	104	67	23	0	0	23
AF	0	0.213873	122	81	41	12	0	0	12
AF	0	0.219653	34	20	14	19	0	0	19
AF	0	0.225434	23	10	13	8	0	0	8
AF	0	0.231214	15	7	8	8	0	0	8
AF	0	0.236994	27	17	10	12	0	0	12
AF	0	0.242775	15	6	9	15	0	0	15
AF	0	0.248555	23	11	12	10	0	0	10
AF	0	0.254335	27	13	14	8	0	0	8
AF	0	0.260116	29	8	21	7	0	0	7
AF	0	0.265896	32	17	15	2	0	0	2
AF	0	0.271676	17	8	9	11	0	0	11
AF	0	0.277457	15	5	10	12	0	0	12
AF	0	0.283237	32	13	19	12	0	0	12
AF	0	0.289017	21	8	13	2	0	0	2
AF	0	0.294798	24	8	16	6	0	0	6
AF	0	0.300578	14	3	11	4	0	0	4
AF	0	0.306358	16	11	5	4	0	0	4
AF	0	0.312139	12	8	4	4	0	0	4
AF	0	0.317919	31	14	17	5	0	0	5
AF	0	0.323699	22	10	12	7	0	0	7
AF	0	0.329480	28	10	18	4	0	0	4
AF	0	0.335260	21	7	14	9	0	0	9
AF	0	0.341040	228	141	87	16	0	0	16
AF	0	0.346821	23	14	9	6	0	0	6
AF	0	0.352601	17	9	8	4	0	0	4
AF	0	0.358382	15	7	8	3	0	0	3
AF	0	0.364162	12	5	7	3	0	0	3
AF	0	0.369942	18	8	10	4	0	0	4
AF	0	0.375723	16	8	8	4	0	0	4
AF	0	0.381503	13	7	6	3	0	0	3
AF	0	0.387283	17	10	7	2	0	0	2
AF	0	0.393064	17	7	10	2	0	0	2
AF	0	0.398844	22	13	9	3	0	0	3
AF	0	0.404624	17	8	9	0	0	0	0
AF	0	0.410405	17	8	9	2	0	0	2
AF	0	0.416185	17	8	9	6	0	0	6
AF	0	0.421965	21	7	14	4	0	0	4
AF	0	0.427746	24	10	14	1	0	0	1
AF	0	0.433526	21	10	11	3	0	0	3
AF	0	0.439306	26	14	12	3	0	0	3
AF	0	0.445087	15	6	9	1	0	0	1
AF	0	0.450867	14	7	7	1	0	0	1
AF	0	0.456647	16	9	7	5	0	0	5
AF	0	0.462428	20	11	9	0	0	0	0
AF	0	0.468208	10	5	5	1	0	0	1
AF	0	0.473988	9	4	5	1	0	0	1
AF	0	0.479769	20	5	15	2	0	0	2
AF	0	0.485549	16	10	6	2	0	0	2
AF	0	0.491329	7	3	4	1	0	0	1
AF	0	0.497110	31	10	21	2	0	0	2
AF	0	0.502890	18	11	7	2	0	0	2
AF	0	0.508671	16	11	5	1	0	0	1
AF	0	0.514451	8	3	5	3	0	0	3
AF	0	0.520231	19	12	7	2	0	0	2
AF	0	0.526012	20	8	12	3	0	0	3
AF	0	0.531792	16	8	8	2	0	0	2
AF	0	0.537572	12	10	2	4	0	0	4
AF	0	0.543353	19	8	11	5	0	0	5
AF	0	0.549133	22	11	11	4	0	0	4
AF	0	0.554913	11	8	3	7	0	0	7
AF	0	0.560694	174	105	69	11	0	0	11
AF	0	0.566474	72	42	30	8	0	0	8
AF	0	0.572254	16	11	5	4	0	0	4
AF	0	0.578035	177	110	67	6	0	0	6
AF	0	0.583815	19	10	9	3	0	0	3
AF	0	0.589595	23	14	9	2	0	0	2
AF	0	0.595376	16	7	9	1	0	0	1
AF	0	0.601156	5	2	3	0	0	0	0
AF	0	0.606936	10	5	5	0	0	0	0
AF	0	0.612717	8	2	6	1	0	0	1
AF	0	0.618497	5	3	2	1	0	0	1
AF	0	0.624277	9	2	7	0	0	0	0
AF	0	0.630058	1	0	1	0	0	0	0
AF	0	0.635838	9	4	5	1	0	0	1
AF	0	0.641618	6	4	2	0	0	0	0
AF	0	0.647399	12	6	6	1	0	0	1
AF	0	0.653179	3	3	0	0	0	0	0
AF	0	0.658960	17	9	8	0	0	0	0
AF	0	0.664740	2	1	1	0	0	0	0
AF	0	0.670520	5	2	3	1	0	0	1
AF	0	0.676301	4	3	1	0	0	0	0
AF	0	0.682081	6	2	4	0	0	0	0
AF	0	0.687861	5	1	4	0	0	0	0
AF	0	0.693642	4	2	2	1	0	0	1
AF	0	0.699422	5	2	3	0	0	0	0
AF	0	0.705202	5	2	3	0	0	0	0
AF	0	0.710983	10	3	7	0	0	0	0
AF	0	0.716763	5	2	3	0	0	0	0
AF	0	0.722543	4	1	3	3	0	0	3
AF	0	0.728324	6	2	4	1	0	0	1
AF	0	0.734104	5	1	4	0	0	0	0
AF	0	0.739884	6	2	4	0	0	0	0
AF	0	0.745665	10	2	8	0	0	0	0
AF	0	0.751445	7	2	5	0	0	0	0
AF	0	0.757225	8	5	3	0	0	0	0
AF	0	0.763006	3	0	3	1	0	0	1
AF	0	0.768786	6	2	4	2	0	0	2
AF	0	0.774566	4	2	2	1	0	0	1
AF	0	0.780347	4	2	2	0	0	0	0
AF	0	0.786127	4	1	3	0	0	0	0
AF	0	0.791908	12	5	7	1	0	0	1
AF	0	0.797688	10	7	3	1	0	0	1
AF	0	0.803468	9	2	7	1	0	0	1
AF	0	0.809249	6	2	4	1	0	0	1
AF	0	0.815029	5	3	2	0	0	0	0
AF	0	0.820809	8	3	5	1	0	0	1
AF	0	0.826590	4	3	1	1	0	0	1
AF	0	0.832370	6	1	5	0	0	0	0
AF	0	0.838150	4	1	3	1	0	0	1
AF	0	0.843931	4	2	2	0	0	0	0
AF	0	0.849711	10	2	8	0	0	0	0
AF	0	0.855491	5	2	3	0	0	0	0
AF	0	0.861272	8	5	3	1	0	0	1
AF	0	0.867052	4	2	2	1	0	0	1
AF	0	0.872832	15	8	7	1	0	0	1
AF	0	0.878613	10	4	6	2	0	0	2
AF	0	0.884393	7	4	3	0	0	0	0
AF	0	0.890173	8	5	3	0	0	0	0
AF	0	0.895954	10	3	7	1	0	0	1
AF	0	0.901734	12	3	9	0	0	0	0
AF	0	0.907514	4	1	3	1	0	0	1
AF	0	0.913295	6	0	6	0	0	0	0
AF	0	0.919075	7	3	4	0	0	0	0
AF	0	0.924855	16	6	10	0	0	0	0
AF	0	0.930636	14	8	6	0	0	0	0
AF	0	0.936416	9	0	9	1	0	0	1
AF	0	0.942197	11	3	8	0	0	0	0
AF	0	0.947977	16	3	13	2	0	0	2
AF	0	0.953757	16	5	11	1	0	0	1
AF	0	0.959538	17	6	11	1	0	0	1
AF	0	0.965318	21	12	9	1	0	0	1
AF	0	0.971098	21	9	12	1	0	0	1
AF	0	0.976879	33	16	17	2	0	0	2
AF	0	0.982659	55	25	30	3	0	0	3
AF	0	0.988439	26	11	15	4	0	0	4
AF	0	0.994220	317	140	177	40	0	0	40
# QUAL, Stats by quality:
# QUAL	[2]id	[3]Quality	[4]number of SNPs	[5]number of transitions (1st ALT)	[6]number of transversions (1st ALT)	[7]number of indels
QUAL	0	30	134	72	62	0
QUAL	0	31	225	122	103	0
QUAL	0	32	312	162	150	0
QUAL	0	33	185	97	88	0
QUAL	0	34	186	103	83	0
QUAL	0	35	203	95	108	1
QUAL	0	36	143	64	79	0
QUAL	0	37	310	159	151	0
QUAL	0	38	411	210	201	0
QUAL	0	39	160	88	72	0
QUAL	0	40	158	79	79	0
QUAL	0	41	163	80	83	2
QUAL	0	42	133	63	70	0
QUAL	0	43	103	45	58	0
QUAL	0	44	127	55	72	3
QUAL	0	45	90	38	52	1
QUAL	0	46	103	53	50	0
QUAL	0	47	124	63	61	1
QUAL	0	48	98	49	49	0
QUAL	0	49	94	49	45	1
QUAL	0	50	89	42	47	1
QUAL	0	51	89	48	41	2
QUAL	0	52	96	49	47	1
QUAL	0	53	83	40	43	1
QUAL	0	54	106	52	54	3
QUAL	0	55	83	42	41	2
QUAL	0	56	97	52	45	0
QUAL	0	57	273	147	126	12
QUAL	0	58	674	310	364	18
QUAL	0	59	223	97	126	5
QUAL	0	60	257	105	152	6
QUAL	0	61	146	67	79	4
QUAL	0	62	183	82	101	1
QUAL	0	63	210	110	100	1
QUAL	0	64	164	85	79	2
QUAL	0	65	128	67	61	1
QUAL	0	66	113	59	53	1
QUAL	0	67	115	49	66	1
QUAL	0	68	104	49	55	1
QUAL	0	69	118	57	61	0
QUAL	0	70	128	56	72	2
QUAL	0	71	270	128	142	1
QUAL	0	72	332	153	179	1
QUAL	0	73	142	91	51	1
QUAL	0	74	104	51	53	1
QUAL	0	75	108	48	60	3
QUAL	0	76	105	56	49	1
QUAL	0	77	136	59	77	0
QUAL	0	78	80	38	42	2
QUAL	0	79	81	37	44	0
QUAL	0	80	83	33	48	2
QUAL	0	81	112	54	57	1
QUAL	0	82	112	52	59	0
QUAL	0	83	74	38	34	1
QUAL	0	84	75	38	37	0
QUAL	0	85	59	29	30	0
QUAL	0	86	87	42	44	0
QUAL	0	87	89	42	46	1
QUAL	0	88	83	44	39	2
QUAL	0	89	82	44	38	3
QUAL	0	90	70	37	33	0
QUAL	0	91	78	38	37	0
QUAL	0	92	81	43	37	0
QUAL	0	93	106	48	58	0
QUAL	0	94	87	47	39	1
QUAL	0	95	167	91	74	1
QUAL	0	96	95	54	40	1
QUAL	0	97	108	54	50	0
QUAL	0	98	95	34	60	0
QUAL	0	99	78	40	36	1
QUAL	0	100	62	25	37	1
QUAL	0	101	75	34	39	0
QUAL	0	102	160	83	77	6
QUAL	0	103	309	134	175	3
QUAL	0	104	100	45	53	1
QUAL	0	105	107	42	60	1
QUAL	0	106	222	122	98	2
QUAL	0	107	286	149	136	2
QUAL	0	108	103	51	50	1
QUAL	0	109	84	40	43	0
QUAL	0	110	57	28	28	0
QUAL	0	111	62	26	32	1
QUAL	0	112	61	31	28	0
QUAL	0	113	67	30	37	2
QUAL	0	114	53	22	30	1
QUAL	0	115	60	31	28	0
QUAL	0	116	87	45	37	2
QUAL	0	117	88	47	41	1
QUAL	0	118	64	33	30	0
QUAL	0	119	54	24	29	4
QUAL	0	120	73	36	27	1
QUAL	0	121	98	52	41	1
QUAL	0	122	146	59	85	4
QUAL	0	123	82	36	42	4
QUAL	0	124	55	27	27	2
QUAL	0	125	66	38	26	1
QUAL	0	126	78	40	37	3
QUAL	0	127	139	70	67	3
QUAL	0	128	76	35	39	0
QUAL	0	129	58	31	27	1
QUAL	0	130	68	44	22	3
QUAL	0	131	89	42	47	1
QUAL	0	132	93	55	37	0
QUAL	0	133	67	33	33	1
QUAL	0	134	68	31	34	0
QUAL	0	135	54	28	26	2
QUAL	0	136	61	33	26	1
QUAL	0	137	59	31	26	2
QUAL	0	138	59	26	32	1
QUAL	0	139	65	30	33	2
QUAL	0	140	68	26	42	0
QUAL	0	141	236	114	119	1
QUAL	0	142	251	134	116	2
QUAL	0	143	76	35	38	0
QUAL	0	144	88	40	47	2
QUAL	0	145	67	37	29	2
QUAL	0	146	52	19	32	4
QUAL	0	147	133	59	72	5
QUAL	0	148	148	61	87	4
QUAL	0	149	69	25	43	1
QUAL	0	150	92	39	48	5
QUAL	0	151	75	39	36	1
QUAL	0	152	55	29	26	3
QUAL	0	153	57	22	32	0
QUAL	0	154	44	24	18	2
QUAL	0	155	38	15	22	3
QUAL	0	156	62	37	24	0
QUAL	0	157	61	27	31	2
QUAL	0	158	56	27	28	2
QUAL	0	159	67	37	30	0
QUAL	0	160	40	21	19	1
QUAL	0	161	62	29	32	6
QUAL	0	162	59	29	29	1
QUAL	0	163	44	18	22	3
QUAL	0	164	60	36	23	1
QUAL	0	165	56	33	22	2
QUAL	0	166	110	57	51	1
QUAL	0	167	122	66	56	2
QUAL	0	168	56	29	27	1
QUAL	0	169	66	31	33	1
QUAL	0	170	70	35	33	4
QUAL	0	171	41	16	23	1
QUAL	0	172	50	21	29	0
QUAL	0	173	58	27	30	2
QUAL	0	174	70	33	37	1
QUAL	0	175	95	46	47	2
QUAL	0	176	289	164	123	1
QUAL	0	177	286	180	102	0
QUAL	0	178	54	28	22	2
QUAL	0	179	54	30	24	1
QUAL	0	180	43	21	22	2
QUAL	0	181	63	33	26	2
QUAL	0	182	51	29	21	1
QUAL	0	183	60	30	26	0
QUAL	0	184	57	30	26	1
QUAL	0	185	83	46	35	3
QUAL	0	186	95	50	41	2
QUAL	0	187	53	29	22	1
QUAL	0	188	61	28	32	1
QUAL	0	189	57	29	24	2
QUAL	0	190	80	43	36	2
QUAL	0	191	60	29	28	2
QUAL	0	192	70	40	30	11
QUAL	0	193	125	60	63	6
QUAL	0	194	47	18	27	2
QUAL	0	195	64	32	31	3
QUAL	0	196	65	34	30	3
QUAL	0	197	51	26	23	2
QUAL	0	198	56	32	23	1
QUAL	0	199	39	25	13	5
QUAL	0	200	72	43	27	2
QUAL	0	201	100	53	47	1
QUAL	0	202	57	27	28	2
QUAL	0	203	39	19	19	0
QUAL	0	204	62	34	27	0
QUAL	0	205	40	19	21	0
QUAL	0	206	48	27	17	1
QUAL	0	207	63	35	25	0
QUAL	0	208	67	36	30	0
QUAL	0	209	46	20	23	0
QUAL	0	210	352	195	155	2
QUAL	0	211	406	229	176	6
QUAL	0	212	59	28	27	4
QUAL	0	213	52	21	30	0
QUAL	0	214	43	25	16	2
QUAL	0	215	40	17	22	3
QUAL	0	216	61	20	37	4
QUAL	0	217	51	27	22	2
QUAL	0	218	37	15	21	1
QUAL	0	219	44	16	25	1
QUAL	0	220	107	65	41	2
QUAL	0	221	111	71	39	3
QUAL	0	222	60	34	25	2
QUAL	0	223	45	21	23	4
QUAL	0	224	36	16	16	10
QUAL	0	225	71	34	35	3
QUAL	0	226	59	26	30	3
QUAL	0	227	53	33	18	4
QUAL	0	228	58	33	23	6
QUAL	0	229	45	26	19	9
QUAL	0	230	61	34	22	4
QUAL	0	231	46	20	25	0
QUAL	0	232	38	22	14	2
QUAL	0	233	60	31	26	1
QUAL	0	234	51	26	25	0
QUAL	0	235	91	47	43	4
QUAL	0	236	111	59	52	3
QUAL	0	237	83	45	36	7
QUAL	0	238	97	40	56	10
QUAL	0	239	65	27	36	1
QUAL	0	240	61	30	31	1
QUAL	0	241	49	24	24	4
QUAL	0	242	85	50	35	2
QUAL	0	243	55	29	26	3
QUAL	0	244	79	40	37	0
QUAL	0	245	492	283	205	2
QUAL	0	246	497	305	191	2
QUAL	0	247	37	16	19	7
QUAL	0	248	56	25	31	2
QUAL	0	249	31	14	14	2
QUAL	0	250	31	15	12	5
QUAL	0	251	50	27	21	2
QUAL	0	252	38	21	16	4
QUAL	0	253	35	17	18	8
QUAL	0	254	69	35	34	6
QUAL	0	255	127	82	45	1
QUAL	0	256	122	62	55	2
QUAL	0	257	45	18	27	5
QUAL	0	258	35	17	18	2
QUAL	0	259	41	22	19	1
QUAL	0	260	81	49	30	2
QUAL	0	261	73	37	34	0
QUAL	0	262	42	20	22	4
QUAL	0	263	43	26	15	3
QUAL	0	264	47	32	15	0
QUAL	0	265	68	34	33	0
QUAL	0	266	47	25	22	1
QUAL	0	267	38	15	22	2
QUAL	0	268	49	27	20	3
QUAL	0	269	55	33	19	3
QUAL	0	270	106	57	46	3
QUAL	0	271	135	81	52	2
QUAL	0	272	44	15	28	7
QUAL	0	273	30	13	15	2
QUAL	0	274	75	43	31	0
QUAL	0	275	62	32	28	3
QUAL	0	276	50	24	25	2
QUAL	0	277	97	57	40	14
QUAL	0	278	111	66	44	10
QUAL	0	279	144	91	53	4
QUAL	0	280	733	431	301	3
QUAL	0	281	669	398	269	6
QUAL	0	282	49	29	20	20
QUAL	0	283	73	34	37	9
QUAL	0	284	36	19	15	2
QUAL	0	285	34	18	15	3
QUAL	0	286	68	31	37	4
QUAL	0	287	42	19	23	5
QUAL	0	288	42	25	17	6
QUAL	0	289	159	100	59	3
QUAL	0	290	170	85	84	2
QUAL	0	291	32	11	20	1
QUAL	0	292	54	24	29	3
QUAL	0	293	37	18	18	3
QUAL	0	294	49	30	18	4
QUAL	0	295	80	38	41	1
QUAL	0	296	78	45	33	2
QUAL	0	297	36	15	19	5
QUAL	0	298	35	16	18	0
QUAL	0	299	53	32	21	1
QUAL	0	300	67	23	42	2
QUAL	0	301	50	25	21	5
QUAL	0	302	47	31	15	6
QUAL	0	303	51	30	21	8
QUAL	0	304	68	44	23	3
QUAL	0	305	159	100	59	2
QUAL	0	306	139	75	64	6
QUAL	0	307	37	19	18	2
QUAL	0	308	41	24	15	2
QUAL	0	309	85	46	37	12
QUAL	0	310	35	18	16	11
QUAL	0	311	53	18	33	4
QUAL	0	312	124	76	45	7
QUAL	0	313	100	50	50	4
QUAL	0	314	200	112	85	7
QUAL	0	315	888	529	358	4
QUAL	0	316	787	466	320	12
QUAL	0	317	42	15	23	13
QUAL	0	318	51	25	26	2
QUAL	0	319	49	26	21	1
QUAL	0	320	44	24	19	3
QUAL	0	321	39	23	16	6
QUAL	0	322	30	14	14	3
QUAL	0	323	54	28	24	2
QUAL	0	324	214	118	95	4
QUAL	0	325	201	104	96	1
QUAL	0	326	60	26	32	5
QUAL	0	327	47	21	25	27
QUAL	0	328	70	31	37	8
QUAL	0	329	125	62	61	3
QUAL	0	330	123	81	42	1
QUAL	0	331	59	28	29	6
QUAL	0	332	37	16	21	12
QUAL	0	333	48	21	27	11
QUAL	0	334	78	47	29	2
QUAL	0	335	63	40	23	2
QUAL	0	336	40	18	18	1
QUAL	0	337	65	36	24	4
QUAL	0	338	59	31	27	8
QUAL	0	339	172	101	70	9
QUAL	0	340	214	121	91	6
QUAL	0	341	37	20	16	10
QUAL	0	342	39	16	22	9
QUAL	0	343	75	38	33	6
QUAL	0	344	57	30	23	5
QUAL	0	345	57	35	20	3
QUAL	0	346	117	71	43	4
QUAL	0	347	81	38	39	1
QUAL	0	348	166	94	70	1
QUAL	0	349	1144	687	457	3
QUAL	0	350	1076	643	431	1
QUAL	0	351	42	20	19	5
QUAL	0	352	48	26	21	1
QUAL	0	353	44	25	18	2
QUAL	0	354	40	23	17	3
QUAL	0	355	70	34	34	1
QUAL	0	356	49	25	21	4
QUAL	0	357	48	25	23	4
QUAL	0	358	69	38	29	7
QUAL	0	359	245	136	107	10
QUAL	0	360	198	122	71	9
QUAL	0	361	44	25	17	17
QUAL	0	362	43	26	15	14
QUAL	0	363	61	35	25	13
QUAL	0	364	144	76	66	6
QUAL	0	365	130	67	61	3
QUAL	0	366	49	31	17	3
QUAL	0	367	35	18	15	10
QUAL	0	368	71	41	28	3
QUAL	0	369	76	32	43	3
QUAL	0	370	49	28	18	8
QUAL	0	371	43	12	27	15
QUAL	0	372	108	52	53	71
QUAL	0	373	84	40	43	14
QUAL	0	374	227	151	76	7
QUAL	0	375	249	138	108	3
QUAL	0	376	40	18	21	2
QUAL	0	377	37	18	17	0
QUAL	0	378	96	47	47	3
QUAL	0	379	67	26	40	4
QUAL	0	380	45	24	18	4
QUAL	0	381	112	64	45	8
QUAL	0	382	111	59	51	3
QUAL	0	383	214	120	93	2
QUAL	0	384	1307	767	540	4
QUAL	0	385	1228	764	463	4
QUAL	0	386	27	14	12	3
QUAL	0	387	44	22	21	6
QUAL	0	388	37	22	13	1
QUAL	0	389	47	25	22	9
QUAL	0	390	58	29	28	3
QUAL	0	391	50	30	20	7
QUAL	0	392	43	25	18	9
QUAL	0	393	88	53	34	4
QUAL	0	394	283	170	113	7
QUAL	0	395	238	154	83	12
QUAL	0	396	34	20	14	10
QUAL	0	397	47	20	25	2
QUAL	0	398	62	31	28	0
QUAL	0	399	197	118	76	3
QUAL	0	400	170	101	68	5
QUAL	0	401	42	22	16	6
QUAL	0	402	42	20	22	16
QUAL	0	403	71	40	30	13
QUAL	0	404	80	55	23	5
QUAL	0	405	39	24	15	8
QUAL	0	406	48	21	27	7
QUAL	0	407	78	42	34	5
QUAL	0	408	110	64	42	2
QUAL	0	409	272	176	96	2
QUAL	0	410	256	141	114	1
QUAL	0	411	34	16	18	5
QUAL	0	412	34	16	16	15
QUAL	0	413	96	57	36	6
QUAL	0	414	70	43	26	1
QUAL	0	415	84	42	40	9
QUAL	0	416	128	69	59	8
QUAL	0	417	180	105	74	58
QUAL	0	418	331	196	134	9
QUAL	0	419	1478	892	586	3
QUAL	0	420	1243	789	453	7
QUAL	0	421	30	18	12	4
QUAL	0	422	55	34	20	6
QUAL	0	423	58	27	28	7
QUAL	0	424	55	35	19	16
QUAL	0	425	72	40	32	10
QUAL	0	426	53	27	24	5
QUAL	0	427	66	37	29	3
QUAL	0	428	310	194	114	1
QUAL	0	429	244	143	101	1
QUAL	0	430	31	19	8	3
QUAL	0	431	34	15	18	11
QUAL	0	432	50	27	22	13
QUAL	0	433	84	49	33	6
QUAL	0	434	192	121	70	3
QUAL	0	435	173	94	78	4
QUAL	0	436	43	22	17	1
QUAL	0	437	55	31	22	5
QUAL	0	438	72	37	34	3
QUAL	0	439	78	44	33	4
QUAL	0	440	33	18	15	7
QUAL	0	441	36	25	11	4
QUAL	0	442	66	39	26	8
QUAL	0	443	135	69	62	5
QUAL	0	444	264	156	108	9
QUAL	0	445	236	136	99	6
QUAL	0	446	35	15	19	3
QUAL	0	447	48	24	22	3
QUAL	0	448	94	58	34	12
QUAL	0	449	54	33	20	10
QUAL	0	450	54	26	28	9
QUAL	0	451	160	93	67	10
QUAL	0	452	185	97	86	25
QUAL	0	453	401	236	164	12
QUAL	0	454	1469	925	544	9
QUAL	0	455	1279	778	500	8
QUAL	0	456	27	11	15	4
QUAL	0	457	55	29	26	4
QUAL	0	458	61	32	27	4
QUAL	0	459	53	37	16	8
QUAL	0	460	58	29	27	3
QUAL	0	461	61	29	32	6
QUAL	0	462	118	67	48	53
QUAL	0	463	375	216	159	9
QUAL	0	464	280	170	110	7
QUAL	0	465	34	19	15	3
QUAL	0	466	32	14	16	9
QUAL	0	467	55	24	30	8
QUAL	0	468	216	138	76	3
QUAL	0	469	220	122	97	2
QUAL	0	470	49	28	19	3
QUAL	0	471	41	27	13	4
QUAL	0	472	41	23	16	4
QUAL	0	473	89	51	36	1
QUAL	0	474	68	37	31	9
QUAL	0	475	34	21	12	2
QUAL	0	476	59	36	22	6
QUAL	0	477	70	40	29	11
QUAL	0	478	331	202	128	6
QUAL	0	479	328	210	116	2
QUAL	0	480	40	16	23	5
QUAL	0	481	33	24	8	5
QUAL	0	482	110	52	56	2
QUAL	0	483	77	46	29	4
QUAL	0	484	41	22	19	11
QUAL	0	485	131	72	58	7
QUAL	0	486	109	55	50	8
QUAL	0	487	245	144	100	10
QUAL	0	488	1054	631	423	2
QUAL	0	489	1338	816	521	6
QUAL	0	490	540	342	197	13
QUAL	0	491	26	13	9	13
QUAL	0	492	40	18	20	15
QUAL	0	493	56	43	13	21
QUAL	0	494	77	49	27	5
QUAL	0	495	49	31	18	9
QUAL	0	496	71	36	33	14
QUAL	0	497	105	58	47	11
QUAL	0	498	288	177	111	3
QUAL	0	499	246	144	102	8
QUAL	0	500	46	27	19	2
QUAL	0	501	45	24	20	7
QUAL	0	502	61	32	27	12
QUAL	0	503	224	133	90	7
QUAL	0	504	202	115	87	5
QUAL	0	505	49	26	22	1
QUAL	0	506	38	20	17	7
QUAL	0	507	109	54	53	73
QUAL	0	508	119	66	51	12
QUAL	0	509	67	39	26	3
QUAL	0	510	37	17	19	3
QUAL	0	511	53	33	18	6
QUAL	0	512	66	38	27	1
QUAL	0	513	303	178	125	3
QUAL	0	514	290	179	109	6
QUAL	0	515	37	19	17	5
QUAL	0	516	36	16	20	5
QUAL	0	517	79	46	29	5
QUAL	0	518	78	36	41	5
QUAL	0	519	55	26	28	6
QUAL	0	520	105	62	43	10
QUAL	0	521	118	71	47	4
QUAL	0	522	227	121	104	3
QUAL	0	523	1373	843	530	1
QUAL	0	524	1253	760	492	5
QUAL	0	525	21	13	8	3
QUAL	0	526	48	30	17	9
QUAL	0	527	66	32	34	14
QUAL	0	528	72	44	26	4
QUAL	0	529	58	32	25	11
QUAL	0	530	39	18	20	4
QUAL	0	531	71	37	34	4
QUAL	0	532	140	79	60	8
QUAL	0	533	279	163	114	4
QUAL	0	534	198	135	63	12
QUAL	0	535	30	19	11	11
QUAL	0	536	39	21	18	7
QUAL	0	537	71	41	28	7
QUAL	0	538	216	136	79	13
QUAL	0	539	204	120	84	10
QUAL	0	540	32	19	13	11
QUAL	0	541	40	23	14	7
QUAL	0	542	78	44	34	5
QUAL	0	543	83	46	35	3
QUAL	0	544	25	10	14	2
QUAL	0	545	39	17	19	3
QUAL	0	546	63	37	25	8
QUAL	0	547	124	69	55	4
QUAL	0	548	266	161	105	4
QUAL	0	549	202	121	81	1
QUAL	0	550	41	18	22	4
QUAL	0	551	44	22	22	5
QUAL	0	552	112	61	49	66
QUAL	0	553	106	54	51	13
QUAL	0	554	74	40	32	4
QUAL	0	555	102	66	34	6
QUAL	0	556	121	70	49	0
QUAL	0	557	264	160	104	8
QUAL	0	558	1212	756	455	9
QUAL	0	559	1065	661	403	7
QUAL	0	560	23	17	6	6
QUAL	0	561	39	16	19	1
QUAL	0	562	53	28	24	7
QUAL	0	563	65	39	25	2
QUAL	0	564	52	24	26	3
QUAL	0	565	42	18	23	4
QUAL	0	566	83	50	32	13
QUAL	0	567	177	104	72	13
QUAL	0	568	241	164	77	3
QUAL	0	569	176	120	56	5
QUAL	0	570	43	28	15	8
QUAL	0	571	53	28	23	6
QUAL	0	572	103	61	42	5
QUAL	0	573	253	147	106	8
QUAL	0	574	177	112	63	18
QUAL	0	575	34	16	18	5
QUAL	0	576	53	33	20	10
QUAL	0	577	75	48	26	12
QUAL	0	578	66	37	27	3
QUAL	0	579	29	12	16	4
QUAL	0	580	45	22	20	3
QUAL	0	581	62	38	22	1
QUAL	0	582	101	64	37	4
QUAL	0	583	224	133	91	1
QUAL	0	584	179	100	79	0
QUAL	0	585	27	11	16	5
QUAL	0	586	39	22	17	11
QUAL	0	587	91	54	37	10
QUAL	0	588	65	44	20	4
QUAL	0	589	51	22	28	7
QUAL	0	590	99	59	40	10
QUAL	0	591	153	97	55	2
QUAL	0	592	299	186	111	9
QUAL	0	593	1101	655	446	4
QUAL	0	594	861	539	321	6
QUAL	0	595	25	13	11	2
QUAL	0	596	50	25	25	8
QUAL	0	597	112	62	48	56
QUAL	0	598	95	46	46	6
QUAL	0	599	31	13	18	9
QUAL	0	600	50	30	19	7
QUAL	0	601	111	61	47	3
QUAL	0	602	264	162	101	6
QUAL	0	603	224	142	82	5
QUAL	0	604	32	16	15	19
QUAL	0	605	30	10	19	6
QUAL	0	606	54	36	18	4
QUAL	0	607	203	122	81	5
QUAL	0	608	164	112	52	6
QUAL	0	609	26	9	15	4
QUAL	0	610	28	14	11	6
QUAL	0	611	53	29	24	2
QUAL	0	612	81	52	28	0
QUAL	0	613	56	31	23	3
QUAL	0	614	33	16	15	8
QUAL	0	615	41	20	20	16
QUAL	0	616	96	51	45	6
QUAL	0	617	138	77	61	4
QUAL	0	618	209	121	88	0
QUAL	0	619	121	82	39	3
QUAL	0	620	32	17	14	6
QUAL	0	621	45	22	21	6
QUAL	0	622	67	36	31	2
QUAL	0	623	38	20	17	4
QUAL	0	624	40	22	18	4
QUAL	0	625	84	56	28	3
QUAL	0	626	192	117	73	3
QUAL	0	627	376	233	143	3
QUAL	0	628	777	465	311	1
QUAL	0	629	541	338	201	4
QUAL	0	630	44	20	24	3
QUAL	0	631	45	27	16	14
QUAL	0	632	65	34	31	21
QUAL	0	633	55	25	30	1
QUAL	0	634	31	16	14	2
QUAL	0	635	60	31	29	10
QUAL	0	636	137	81	56	3
QUAL	0	637	198	129	69	7
QUAL	0	638	155	95	60	2
QUAL	0	639	34	19	13	7
QUAL	0	640	36	15	19	12
QUAL	0	641	55	32	23	11
QUAL	0	642	222	130	90	87
QUAL	0	643	189	105	82	5
QUAL	0	644	30	17	11	5
QUAL	0	645	37	18	17	7
QUAL	0	646	52	28	21	2
QUAL	0	647	69	41	26	4
QUAL	0	648	36	18	16	5
QUAL	0	649	29	18	9	4
QUAL	0	650	44	21	23	2
QUAL	0	651	68	48	20	10
QUAL	0	652	193	127	66	6
QUAL	0	653	177	114	60	4
QUAL	0	654	29	20	9	8
QUAL	0	655	31	19	12	12
QUAL	0	656	56	26	26	8
QUAL	0	657	43	18	25	0
QUAL	0	658	44	26	15	1
QUAL	0	659	76	39	36	5
QUAL	0	660	91	47	42	2
QUAL	0	661	191	112	79	4
QUAL	0	662	720	431	287	1
QUAL	0	663	565	344	220	3
QUAL	0	664	25	14	10	4
QUAL	0	665	33	16	17	2
QUAL	0	666	26	15	10	7
QUAL	0	667	49	27	22	9
QUAL	0	668	42	18	22	4
QUAL	0	669	38	18	19	4
QUAL	0	670	56	30	25	1
QUAL	0	671	164	103	61	9
QUAL	0	672	158	94	61	3
QUAL	0	673	123	70	52	6
QUAL	0	674	24	14	10	3
QUAL	0	675	43	25	16	13
QUAL	0	676	59	33	26	8
QUAL	0	677	158	91	66	10
QUAL	0	678	130	83	47	11
QUAL	0	679	26	14	12	8
QUAL	0	680	57	31	25	6
QUAL	0	681	72	45	25	5
QUAL	0	682	49	22	25	6
QUAL	0	683	36	24	12	3
QUAL	0	684	26	12	13	8
QUAL	0	685	48	24	23	3
QUAL	0	686	87	48	39	7
QUAL	0	687	161	88	73	49
QUAL	0	688	150	76	74	6
QUAL	0	689	30	15	14	2
QUAL	0	690	35	25	9	2
QUAL	0	691	52	30	22	7
QUAL	0	692	44	25	17	3
QUAL	0	693	38	18	19	4
QUAL	0	694	57	41	16	7
QUAL	0	695	86	48	37	10
QUAL	0	696	166	92	72	12
QUAL	0	697	570	337	232	2
QUAL	0	698	449	273	174	3
QUAL	0	699	31	15	12	2
QUAL	0	700	27	18	8	1
QUAL	0	701	35	20	14	6
QUAL	0	702	52	28	24	2
QUAL	0	703	47	22	25	1
QUAL	0	704	30	17	13	4
QUAL	0	705	112	71	40	5
QUAL	0	706	174	109	65	5
QUAL	0	707	133	80	51	2
QUAL	0	708	79	43	34	0
QUAL	0	709	37	17	19	6
QUAL	0	710	29	23	6	5
QUAL	0	711	55	27	27	10
QUAL	0	712	120	77	43	6
QUAL	0	713	82	54	28	7
QUAL	0	714	36	23	10	4
QUAL	0	715	66	37	28	3
QUAL	0	716	55	32	23	7
QUAL	0	717	44	26	16	9
QUAL	0	718	21	13	7	6
QUAL	0	719	35	15	16	3
QUAL	0	720	60	33	25	11
QUAL	0	721	85	50	32	12
QUAL	0	722	121	76	44	7
QUAL	0	723	92	58	33	11
QUAL	0	724	19	11	7	7
QUAL	0	725	35	16	19	6
QUAL	0	726	45	26	18	2
QUAL	0	727	43	26	15	3
QUAL	0	728	32	16	15	2
QUAL	0	729	56	31	21	9
QUAL	0	730	80	40	40	2
QUAL	0	731	182	102	79	6
QUAL	0	732	404	240	161	65
QUAL	0	733	321	211	110	10
QUAL	0	734	23	12	10	1
QUAL	0	735	38	23	13	9
QUAL	0	736	32	17	13	7
QUAL	0	737	45	26	18	2
QUAL	0	738	50	31	19	0
QUAL	0	739	55	33	22	1
QUAL	0	740	172	99	72	1
QUAL	0	741	208	119	87	5
QUAL	0	742	82	53	25	3
QUAL	0	743	20	9	10	1
QUAL	0	744	28	16	11	3
QUAL	0	745	44	24	19	2
QUAL	0	746	52	33	18	5
QUAL	0	747	103	63	38	1
QUAL	0	748	72	47	23	3
QUAL	0	749	35	20	14	5
QUAL	0	750	67	42	25	5
QUAL	0	751	64	40	23	7
QUAL	0	752	26	18	7	4
QUAL	0	753	30	14	15	7
QUAL	0	754	38	17	18	12
QUAL	0	755	70	34	36	2
QUAL	0	756	76	50	24	3
QUAL	0	757	95	67	27	8
QUAL	0	758	49	28	20	2
QUAL	0	759	23	11	12	0
QUAL	0	760	44	26	16	6
QUAL	0	761	29	14	14	3
QUAL	0	762	23	9	12	1
QUAL	0	763	44	29	15	1
QUAL	0	764	55	32	23	4
QUAL	0	765	119	71	46	5
QUAL	0	766	140	89	51	11
QUAL	0	767	289	182	107	5
QUAL	0	768	192	117	74	8
QUAL	0	769	34	15	17	2
QUAL	0	770	45	19	26	2
QUAL	0	771	32	23	9	3
QUAL	0	772	51	22	26	5
QUAL	0	773	33	19	14	2
QUAL	0	774	79	42	36	4
QUAL	0	775	219	122	96	5
QUAL	0	776	174	102	71	13
QUAL	0	777	96	64	32	65
QUAL	0	778	55	24	30	4
QUAL	0	779	30	10	20	2
QUAL	0	780	47	31	14	3
QUAL	0	781	81	50	31	4
QUAL	0	782	66	41	25	3
QUAL	0	783	25	18	6	2
QUAL	0	784	54	33	21	3
QUAL	0	785	68	42	25	2
QUAL	0	786	35	17	18	6
QUAL	0	787	26	13	13	1
QUAL	0	788	15	7	7	4
QUAL	0	789	39	23	16	4
QUAL	0	790	71	47	23	5
QUAL	0	791	89	50	39	6
QUAL	0	792	59	31	27	4
QUAL	0	793	18	7	10	2
QUAL	0	794	34	21	11	5
QUAL	0	795	33	17	15	6
QUAL	0	796	32	20	12	7
QUAL	0	797	44	25	19	2
QUAL	0	798	33	19	12	4
QUAL	0	799	78	49	29	12
QUAL	0	800	121	66	51	4
QUAL	0	801	230	145	84	3
QUAL	0	802	184	119	65	5
QUAL	0	803	24	9	15	3
QUAL	0	804	36	21	13	2
QUAL	0	805	30	15	14	1
QUAL	0	806	33	19	14	2
QUAL	0	807	61	38	21	2
QUAL	0	808	46	22	24	5
QUAL	0	809	98	61	35	4
QUAL	0	810	257	148	106	7
QUAL	0	811	124	76	47	7
QUAL	0	812	57	32	25	5
QUAL	0	813	28	14	14	7
QUAL	0	814	31	16	12	6
QUAL	0	815	53	31	22	5
QUAL	0	816	75	43	31	10
QUAL	0	817	61	37	23	4
QUAL	0	818	21	14	7	4
QUAL	0	819	77	52	24	6
QUAL	0	820	72	48	24	3
QUAL	0	821	40	22	17	5
QUAL	0	822	38	11	26	34
QUAL	0	823	37	15	21	7
QUAL	0	824	44	26	17	4
QUAL	0	825	70	43	27	2
QUAL	0	826	60	35	24	4
QUAL	0	827	50	27	22	5
QUAL	0	828	19	8	10	2
QUAL	0	829	28	15	13	2
QUAL	0	830	25	9	15	3
QUAL	0	831	30	18	12	9
QUAL	0	832	38	23	14	4
QUAL	0	833	32	13	19	3
QUAL	0	834	74	40	33	1
QUAL	0	835	118	75	43	3
QUAL	0	836	185	110	75	2
QUAL	0	837	129	87	42	1
QUAL	0	838	26	17	7	1
QUAL	0	839	33	20	13	2
QUAL	0	840	33	22	9	3
QUAL	0	841	43	27	15	11
QUAL	0	842	48	33	15	6
QUAL	0	843	66	44	22	7
QUAL	0	844	154	77	74	3
QUAL	0	845	265	165	97	3
QUAL	0	846	101	63	38	5
QUAL	0	847	28	19	9	4
QUAL	0	848	24	13	11	2
QUAL	0	849	35	17	17	4
QUAL	0	850	40	20	20	7
QUAL	0	851	60	39	21	4
QUAL	0	852	57	29	25	3
QUAL	0	853	39	25	14	4
QUAL	0	854	83	49	33	3
QUAL	0	855	73	40	31	6
QUAL	0	856	31	18	11	10
QUAL	0	857	45	19	26	12
QUAL	0	858	25	18	6	2
QUAL	0	859	73	44	28	4
QUAL	0	860	82	49	32	2
QUAL	0	861	66	34	30	2
QUAL	0	862	44	29	14	5
QUAL	0	863	29	14	14	10
QUAL	0	864	44	27	16	3
QUAL	0	865	29	17	12	6
QUAL	0	866	33	19	13	3
QUAL	0	867	47	22	23	28
QUAL	0	868	59	32	27	5
QUAL	0	869	94	58	36	3
QUAL	0	870	101	62	39	4
QUAL	0	871	132	79	52	7
QUAL	0	872	69	41	28	6
QUAL	0	873	15	12	3	7
QUAL	0	874	51	25	24	6
QUAL	0	875	34	15	19	5
QUAL	0	876	28	15	12	7
QUAL	0	877	48	24	24	5
QUAL	0	878	82	47	32	3
QUAL	0	879	190	117	72	0
QUAL	0	880	240	137	103	4
QUAL	0	881	79	45	33	1
QUAL	0	882	13	8	5	3
QUAL	0	883	24	13	11	1
QUAL	0	884	48	25	23	5
QUAL	0	885	34	20	12	4
QUAL	0	886	41	19	21	9
QUAL	0	887	42	29	13	3
QUAL	0	888	38	22	15	1
QUAL	0	889	101	62	38	5
QUAL	0	890	50	31	19	6
QUAL	0	891	29	18	11	4
QUAL	0	892	25	19	5	3
QUAL	0	893	43	23	18	3
QUAL	0	894	77	46	30	1
QUAL	0	895	68	40	28	3
QUAL	0	896	36	18	17	1
QUAL	0	897	29	15	14	1
QUAL	0	898	41	26	12	8
QUAL	0	899	46	28	17	8
QUAL	0	900	26	13	12	2
QUAL	0	901	20	13	7	12
QUAL	0	902	42	22	20	7
QUAL	0	903	55	28	26	2
QUAL	0	904	117	70	44	7
QUAL	0	905	93	54	39	3
QUAL	0	906	65	42	23	6
QUAL	0	907	63	36	27	1
QUAL	0	908	37	18	19	6
QUAL	0	909	38	24	14	4
QUAL	0	910	33	19	14	5
QUAL	0	911	29	13	14	4
QUAL	0	912	63	37	25	24
QUAL	0	913	99	58	41	7
QUAL	0	914	281	167	113	3
QUAL	0	915	188	117	71	3
QUAL	0	916	51	27	23	2
QUAL	0	917	23	10	12	3
QUAL	0	918	20	11	6	2
QUAL	0	919	57	36	20	4
QUAL	0	920	46	27	18	6
QUAL	0	921	42	26	15	2
QUAL	0	922	39	19	17	3
QUAL	0	923	53	33	19	2
QUAL	0	924	120	74	45	2
QUAL	0	925	47	31	15	2
QUAL	0	926	27	14	13	5
QUAL	0	927	34	23	10	4
QUAL	0	928	40	27	13	5
QUAL	0	929	98	61	36	4
QUAL	0	930	55	27	26	0
QUAL	0	931	32	20	12	9
QUAL	0	932	22	13	9	1
QUAL	0	933	42	22	17	6
QUAL	0	934	47	32	15	1
QUAL	0	935	30	14	14	10
QUAL	0	936	38	22	16	5
QUAL	0	937	41	19	19	2
QUAL	0	938	63	32	30	5
QUAL	0	939	128	88	39	2
QUAL	0	940	91	59	31	2
QUAL	0	941	63	37	26	6
QUAL	0	942	18	12	6	2
QUAL	0	943	31	13	18	3
QUAL	0	944	34	17	17	2
QUAL	0	945	36	23	11	4
QUAL	0	946	42	20	21	4
QUAL	0	947	62	40	22	5
QUAL	0	948	108	57	49	0
QUAL	0	949	334	216	117	0
QUAL	0	950	155	102	51	5
QUAL	0	951	31	16	13	2
QUAL	0	952	22	10	10	2
QUAL	0	953	37	28	7	11
QUAL	0	954	41	28	12	4
QUAL	0	955	29	16	12	4
QUAL	0	956	43	30	13	3
QUAL	0	957	38	22	16	22
QUAL	0	958	98	59	37	5
QUAL	0	959	104	67	36	2
QUAL	0	960	52	35	14	7
QUAL	0	961	28	17	10	3
QUAL	0	962	21	12	9	2
QUAL	0	963	59	35	24	3
QUAL	0	964	101	55	44	2
QUAL	0	965	36	22	13	3
QUAL	0	966	22	11	10	8
QUAL	0	967	24	11	13	3
QUAL	0	968	52	33	17	4
QUAL	0	969	27	11	16	2
QUAL	0	970	21	10	11	0
QUAL	0	971	27	16	10	2
QUAL	0	972	44	26	17	2
QUAL	0	973	80	42	38	5
QUAL	0	974	109	73	36	1
QUAL	0	975	74	42	30	3
QUAL	0	976	54	32	22	9
QUAL	0	977	30	18	11	1
QUAL	0	978	40	26	14	1
QUAL	0	979	30	18	12	4
QUAL	0	980	30	16	13	1
QUAL	0	981	40	21	19	2
QUAL	0	982	67	43	24	1
QUAL	0	983	150	94	55	4
QUAL	0	984	333	204	126	6
QUAL	0	985	95	62	32	3
QUAL	0	986	37	16	20	3
QUAL	0	987	26	17	8	5
QUAL	0	988	35	23	12	3
QUAL	0	989	30	21	9	5
QUAL	0	990	28	19	9	6
QUAL	0	991	34	19	14	4
QUAL	0	992	47	27	19	5
QUAL	0	993	101	66	35	2
QUAL	0	994	87	52	35	0
QUAL	0	995	48	31	16	1
QUAL	0	996	31	15	15	1
QUAL	0	997	35	24	11	3
QUAL	0	998	65170	37389	25504	6357
# IDD, InDel distribution:
# IDD	[2]id	[3]length (deletions negative)	[4]count
IDD	0	-60	90
IDD	0	-59	3
IDD	0	-58	4
IDD	0	-57	3
IDD	0	-56	1
IDD	0	-55	3
IDD	0	-54	2
IDD	0	-52	2
IDD	0	-51	2
IDD	0	-50	4
IDD	0	-49	2
IDD	0	-48	3
IDD	0	-47	1
IDD	0	-46	5
IDD	0	-45	3
IDD	0	-44	2
IDD	0	-43	2
IDD	0	-42	4
IDD	0	-41	5
IDD	0	-40	10
IDD	0	-39	1
IDD	0	-38	1
IDD	0	-37	3
IDD	0	-36	6
IDD	0	-35	8
IDD	0	-34	3
IDD	0	-33	1
IDD	0	-32	5
IDD	0	-31	2
IDD	0	-30	16
IDD	0	-29	5
IDD	0	-28	27
IDD	0	-27	2
IDD	0	-26	11
IDD	0	-25	25
IDD	0	-24	17
IDD	0	-23	12
IDD	0	-22	26
IDD	0	-21	10
IDD	0	-20	82
IDD	0	-19	17
IDD	0	-18	36
IDD	0	-17	16
IDD	0	-16	69
IDD	0	-15	177
IDD	0	-14	46
IDD	0	-13	35
IDD	0	-12	170
IDD	0	-11	44
IDD	0	-10	335
IDD	0	-9	66
IDD	0	-8	262
IDD	0	-7	74
IDD	0	-6	275
IDD	0	-5	560
IDD	0	-4	1064
IDD	0	-3	600
IDD	0	-2	1265
IDD	0	-1	3098
IDD	0	1	2794
IDD	0	2	982
IDD	0	3	236
IDD	0	4	690
IDD	0	5	504
IDD	0	6	262
IDD	0	7	31
IDD	0	8	254
IDD	0	9	45
IDD	0	10	220
IDD	0	11	16
IDD	0	12	125
IDD	0	13	19
IDD	0	14	15
IDD	0	15	125
IDD	0	16	56
IDD	0	17	5
IDD	0	18	13
IDD	0	19	7
IDD	0	20	79
IDD	0	21	5
IDD	0	22	11
IDD	0	23	8
IDD	0	24	15
IDD	0	25	19
IDD	0	26	11
IDD	0	27	10
IDD	0	28	23
IDD	0	29	7
IDD	0	30	19
IDD	0	31	2
IDD	0	32	6
IDD	0	33	1
IDD	0	34	3
IDD	0	35	5
IDD	0	36	4
IDD	0	38	5
IDD	0	39	1
IDD	0	40	10
IDD	0	41	2
IDD	0	43	3
IDD	0	44	4
IDD	0	45	5
IDD	0	46	4
IDD	0	47	1
IDD	0	48	1
IDD	0	49	3
IDD	0	50	5
IDD	0	53	1
IDD	0	54	3
IDD	0	55	3
IDD	0	56	5
IDD	0	58	1
IDD	0	59	3
IDD	0	60	35
# ST, Substitution types:
# ST	[2]id	[3]type	[4]count
ST	0	A>C	7672
ST	0	A>G	21110
ST	0	A>T	8377
ST	0	C>A	11235
ST	0	C>G	9024
ST	0	C>T	29500
ST	0	G>A	29815
ST	0	G>C	9033
ST	0	G>T	12510
ST	0	T>A	8621
ST	0	T>C	20779
ST	0	T>G	7804
# DP, Depth distribution
# DP	[2]id	[3]bin	[4]number of genotypes	[5]fraction of genotypes (%)	[6]number of sites	[7]fraction of sites (%)
DP	0	0	834658	2.618516	0	0.000000
DP	0	1	340131	1.067070	8	0.004342
DP	0	2	358038	1.123248	10	0.005427
DP	0	3	7152941	22.440438	4	0.002171
DP	0	4	7797891	24.463796	4	0.002171
DP	0	5	5760182	18.071029	3	0.001628
DP	0	6	3674369	11.527349	3	0.001628
DP	0	7	2043642	6.411380	2	0.001085
DP	0	8	1126128	3.532925	2	0.001085
DP	0	9	650336	2.040255	5	0.002714
DP	0	10	411804	1.291925	2	0.001085
DP	0	11	279533	0.876960	4	0.002171
DP	0	12	204131	0.640406	0	0.000000
DP	0	13	146158	0.458532	4	0.002171
DP	0	14	112683	0.353513	5	0.002714
DP	0	15	90492	0.283894	3	0.001628
DP	0	16	77652	0.243612	2	0.001085
DP	0	17	65917	0.206797	3	0.001628
DP	0	18	58293	0.182879	2	0.001085
DP	0	19	52322	0.164146	4	0.002171
DP	0	20	48252	0.151378	9	0.004885
DP	0	21	43107	0.135237	5	0.002714
DP	0	22	38558	0.120965	5	0.002714
DP	0	23	35161	0.110308	8	0.004342
DP	0	24	32397	0.101637	6	0.003256
DP	0	25	29555	0.092721	4	0.002171
DP	0	26	28090	0.088125	6	0.003256
DP	0	27	25780	0.080878	4	0.002171
DP	0	28	25636	0.080426	8	0.004342
DP	0	29	23140	0.072596	3	0.001628
DP	0	30	21318	0.066880	1	0.000543
DP	0	31	20269	0.063589	7	0.003799
DP	0	32	19546	0.061320	8	0.004342
DP	0	33	17125	0.053725	4	0.002171
DP	0	34	16275	0.051058	5	0.002714
DP	0	35	14484	0.045440	5	0.002714
DP	0	36	13361	0.041917	9	0.004885
DP	0	37	12161	0.038152	5	0.002714
DP	0	38	10944	0.034334	2	0.001085
DP	0	39	9996	0.031360	4	0.002171
DP	0	40	8884	0.027871	3	0.001628
DP	0	41	8586	0.026936	5	0.002714
DP	0	42	7802	0.024477	3	0.001628
DP	0	43	7026	0.022042	5	0.002714
DP	0	44	6537	0.020508	1	0.000543
DP	0	45	5925	0.018588	3	0.001628
DP	0	46	5999	0.018820	5	0.002714
DP	0	47	5375	0.016863	2	0.001085
DP	0	48	5084	0.015950	6	0.003256
DP	0	49	4416	0.013854	4	0.002171
DP	0	50	4140	0.012988	12	0.006513
DP	0	51	3874	0.012154	9	0.004885
DP	0	52	3777	0.011849	1	0.000543
DP	0	53	3467	0.010877	6	0.003256
DP	0	54	3802	0.011928	5	0.002714
DP	0	55	3273	0.010268	5	0.002714
DP	0	56	2949	0.009252	5	0.002714
DP	0	57	2890	0.009067	6	0.003256
DP	0	58	2443	0.007664	8	0.004342
DP	0	59	2272	0.007128	3	0.001628
DP	0	60	2247	0.007049	4	0.002171
DP	0	61	2221	0.006968	2	0.001085
DP	0	62	1875	0.005882	4	0.002171
DP	0	63	1924	0.006036	1	0.000543
DP	0	64	1828	0.005735	2	0.001085
DP	0	65	1771	0.005556	0	0.000000
DP	0	66	1545	0.004847	2	0.001085
DP	0	67	1466	0.004599	1	0.000543
DP	0	68	1573	0.004935	7	0.003799
DP	0	69	1295	0.004063	2	0.001085
DP	0	70	1239	0.003887	3	0.001628
DP	0	71	1386	0.004348	6	0.003256
DP	0	72	1359	0.004263	7	0.003799
DP	0	73	1213	0.003805	5	0.002714
DP	0	74	1160	0.003639	7	0.003799
DP	0	75	1176	0.003689	3	0.001628
DP	0	76	1100	0.003451	2	0.001085
DP	0	77	1045	0.003278	5	0.002714
DP	0	78	983	0.003084	3	0.001628
DP	0	79	878	0.002754	6	0.003256
DP	0	80	975	0.003059	1	0.000543
DP	0	81	930	0.002918	5	0.002714
DP	0	82	898	0.002817	4	0.002171
DP	0	83	845	0.002651	2	0.001085
DP	0	84	783	0.002456	4	0.002171
DP	0	85	688	0.002158	6	0.003256
DP	0	86	797	0.002500	7	0.003799
DP	0	87	648	0.002033	2	0.001085
DP	0	88	720	0.002259	1	0.000543
DP	0	89	575	0.001804	4	0.002171
DP	0	90	733	0.002300	0	0.000000
DP	0	91	618	0.001939	0	0.000000
DP	0	92	590	0.001851	9	0.004885
DP	0	93	540	0.001694	5	0.002714
DP	0	94	557	0.001747	3	0.001628
DP	0	95	442	0.001387	7	0.003799
DP	0	96	510	0.001600	4	0.002171
DP	0	97	460	0.001443	2	0.001085
DP	0	98	462	0.001449	5	0.002714
DP	0	99	455	0.001427	3	0.001628
DP	0	100	425	0.001333	4	0.002171
DP	0	101	455	0.001427	3	0.001628
DP	0	102	368	0.001155	1	0.000543
DP	0	103	329	0.001032	6	0.003256
DP	0	104	328	0.001029	2	0.001085
DP	0	105	342	0.001073	2	0.001085
DP	0	106	286	0.000897	0	0.000000
DP	0	107	329	0.001032	3	0.001628
DP	0	108	284	0.000891	4	0.002171
DP	0	109	329	0.001032	4	0.002171
DP	0	110	251	0.000787	4	0.002171
DP	0	111	244	0.000765	4	0.002171
DP	0	112	257	0.000806	2	0.001085
DP	0	113	255	0.000800	2	0.001085
DP	0	114	262	0.000822	3	0.001628
DP	0	115	284	0.000891	3	0.001628
DP	0	116	170	0.000533	3	0.001628
DP	0	117	179	0.000562	3	0.001628
DP	0	118	176	0.000552	4	0.002171
DP	0	119	165	0.000518	2	0.001085
DP	0	120	157	0.000493	2	0.001085
DP	0	121	149	0.000467	2	0.001085
DP	0	122	161	0.000505	5	0.002714
DP	0	123	134	0.000420	2	0.001085
DP	0	124	108	0.000339	2	0.001085
DP	0	125	142	0.000445	0	0.000000
DP	0	126	150	0.000471	4	0.002171
DP	0	127	131	0.000411	2	0.001085
DP	0	128	93	0.000292	2	0.001085
DP	0	129	97	0.000304	2	0.001085
DP	0	130	129	0.000405	2	0.001085
DP	0	131	93	0.000292	2	0.001085
DP	0	132	104	0.000326	5	0.002714
DP	0	133	90	0.000282	4	0.002171
DP	0	134	94	0.000295	3	0.001628
DP	0	135	98	0.000307	3	0.001628
DP	0	136	110	0.000345	4	0.002171
DP	0	137	57	0.000179	7	0.003799
DP	0	138	83	0.000260	5	0.002714
DP	0	139	64	0.000201	4	0.002171
DP	0	140	59	0.000185	1	0.000543
DP	0	141	97	0.000304	3	0.001628
DP	0	142	80	0.000251	1	0.000543
DP	0	143	43	0.000135	4	0.002171
DP	0	144	58	0.000182	6	0.003256
DP	0	145	64	0.000201	4	0.002171
DP	0	146	53	0.000166	3	0.001628
DP	0	147	67	0.000210	4	0.002171
DP	0	148	47	0.000147	3	0.001628
DP	0	149	49	0.000154	3	0.001628
DP	0	150	38	0.000119	1	0.000543
DP	0	151	49	0.000154	4	0.002171
DP	0	152	43	0.000135	2	0.001085
DP	0	153	44	0.000138	1	0.000543
DP	0	154	54	0.000169	5	0.002714
DP	0	155	52	0.000163	3	0.001628
DP	0	156	49	0.000154	4	0.002171
DP	0	157	44	0.000138	2	0.001085
DP	0	158	37	0.000116	3	0.001628
DP	0	159	45	0.000141	0	0.000000
DP	0	160	45	0.000141	3	0.001628
DP	0	161	44	0.000138	0	0.000000
DP	0	162	22	0.000069	3	0.001628
DP	0	163	37	0.000116	0	0.000000
DP	0	164	34	0.000107	4	0.002171
DP	0	165	34	0.000107	1	0.000543
DP	0	166	21	0.000066	3	0.001628
DP	0	167	26	0.000082	3	0.001628
DP	0	168	25	0.000078	3	0.001628
DP	0	169	17	0.000053	6	0.003256
DP	0	170	42	0.000132	1	0.000543
DP	0	171	22	0.000069	1	0.000543
DP	0	172	45	0.000141	2	0.001085
DP	0	173	19	0.000060	0	0.000000
DP	0	174	45	0.000141	3	0.001628
DP	0	175	28	0.000088	1	0.000543
DP	0	176	21	0.000066	2	0.001085
DP	0	177	14	0.000044	1	0.000543
DP	0	178	24	0.000075	1	0.000543
DP	0	179	26	0.000082	1	0.000543
DP	0	180	19	0.000060	2	0.001085
DP	0	181	25	0.000078	4	0.002171
DP	0	182	21	0.000066	2	0.001085
DP	0	183	19	0.000060	1	0.000543
DP	0	184	19	0.000060	3	0.001628
DP	0	185	27	0.000085	2	0.001085
DP	0	186	19	0.000060	2	0.001085
DP	0	187	31	0.000097	6	0.003256
DP	0	188	15	0.000047	2	0.001085
DP	0	189	26	0.000082	1	0.000543
DP	0	190	18	0.000056	3	0.001628
DP	0	191	16	0.000050	0	0.000000
DP	0	192	17	0.000053	2	0.001085
DP	0	193	17	0.000053	2	0.001085
DP	0	194	9	0.000028	2	0.001085
DP	0	195	23	0.000072	1	0.000543
DP	0	196	11	0.000035	1	0.000543
DP	0	197	16	0.000050	0	0.000000
DP	0	198	16	0.000050	2	0.001085
DP	0	199	8	0.000025	1	0.000543
DP	0	200	17	0.000053	2	0.001085
DP	0	201	17	0.000053	2	0.001085
DP	0	202	22	0.000069	2	0.001085
DP	0	203	10	0.000031	2	0.001085
DP	0	204	13	0.000041	2	0.001085
DP	0	205	19	0.000060	2	0.001085
DP	0	206	20	0.000063	3	0.001628
DP	0	207	22	0.000069	1	0.000543
DP	0	208	14	0.000044	3	0.001628
DP	0	209	11	0.000035	1	0.000543
DP	0	210	6	0.000019	1	0.000543
DP	0	211	9	0.000028	1	0.000543
DP	0	212	18	0.000056	4	0.002171
DP	0	213	14	0.000044	1	0.000543
DP	0	214	6	0.000019	0	0.000000
DP	0	215	12	0.000038	1	0.000543
DP	0	216	14	0.000044	1	0.000543
DP	0	217	8	0.000025	3	0.001628
DP	0	218	10	0.000031	0	0.000000
DP	0	219	17	0.000053	0	0.000000
DP	0	220	18	0.000056	2	0.001085
DP	0	221	15	0.000047	0	0.000000
DP	0	222	8	0.000025	2	0.001085
DP	0	223	14	0.000044	1	0.000543
DP	0	224	9	0.000028	4	0.002171
DP	0	225	7	0.000022	3	0.001628
DP	0	226	8	0.000025	3	0.001628
DP	0	227	7	0.000022	0	0.000000
DP	0	228	15	0.000047	4	0.002171
DP	0	229	9	0.000028	6	0.003256
DP	0	230	6	0.000019	1	0.000543
DP	0	231	16	0.000050	1	0.000543
DP	0	232	13	0.000041	1	0.000543
DP	0	233	21	0.000066	1	0.000543
DP	0	234	11	0.000035	5	0.002714
DP	0	235	10	0.000031	4	0.002171
DP	0	236	6	0.000019	3	0.001628
DP	0	237	14	0.000044	1	0.000543
DP	0	238	13	0.000041	3	0.001628
DP	0	239	12	0.000038	1	0.000543
DP	0	240	6	0.000019	3	0.001628
DP	0	241	7	0.000022	1	0.000543
DP	0	242	11	0.000035	1	0.000543
DP	0	243	8	0.000025	1	0.000543
DP	0	244	11	0.000035	2	0.001085
DP	0	245	13	0.000041	1	0.000543
DP	0	246	4	0.000013	3	0.001628
DP	0	247	4	0.000013	4	0.002171
DP	0	248	10	0.000031	3	0.001628
DP	0	249	7	0.000022	2	0.001085
DP	0	250	18	0.000056	2	0.001085
DP	0	251	13	0.000041	3	0.001628
DP	0	252	5	0.000016	4	0.002171
DP	0	253	5	0.000016	2	0.001085
DP	0	254	8	0.000025	2	0.001085
DP	0	255	9	0.000028	8	0.004342
DP	0	256	9	0.000028	2	0.001085
DP	0	257	8	0.000025	1	0.000543
DP	0	258	5	0.000016	3	0.001628
DP	0	259	6	0.000019	2	0.001085
DP	0	260	5	0.000016	1	0.000543
DP	0	261	12	0.000038	4	0.002171
DP	0	262	5	0.000016	2	0.001085
DP	0	263	5	0.000016	0	0.000000
DP	0	264	8	0.000025	1	0.000543
DP	0	265	6	0.000019	2	0.001085
DP	0	266	6	0.000019	1	0.000543
DP	0	267	8	0.000025	4	0.002171
DP	0	268	9	0.000028	3	0.001628
DP	0	269	9	0.000028	1	0.000543
DP	0	270	6	0.000019	4	0.002171
DP	0	271	6	0.000019	5	0.002714
DP	0	272	8	0.000025	2	0.001085
DP	0	273	8	0.000025	2	0.001085
DP	0	274	5	0.000016	6	0.003256
DP	0	275	6	0.000019	2	0.001085
DP	0	276	4	0.000013	4	0.002171
DP	0	277	6	0.000019	3	0.001628
DP	0	278	11	0.000035	1	0.000543
DP	0	279	5	0.000016	2	0.001085
DP	0	280	6	0.000019	2	0.001085
DP	0	281	4	0.000013	4	0.002171
DP	0	282	3	0.000009	2	0.001085
DP	0	283	3	0.000009	3	0.001628
DP	0	284	3	0.000009	0	0.000000
DP	0	285	4	0.000013	4	0.002171
DP	0	286	4	0.000013	0	0.000000
DP	0	287	4	0.000013	2	0.001085
DP	0	288	13	0.000041	1	0.000543
DP	0	289	4	0.000013	2	0.001085
DP	0	290	6	0.000019	0	0.000000
DP	0	291	3	0.000009	1	0.000543
DP	0	292	8	0.000025	2	0.001085
DP	0	293	2	0.000006	5	0.002714
DP	0	294	2	0.000006	0	0.000000
DP	0	295	4	0.000013	1	0.000543
DP	0	296	6	0.000019	1	0.000543
DP	0	297	4	0.000013	3	0.001628
DP	0	298	1	0.000003	2	0.001085
DP	0	299	5	0.000016	2	0.001085
DP	0	300	4	0.000013	1	0.000543
DP	0	301	7	0.000022	0	0.000000
DP	0	302	5	0.000016	1	0.000543
DP	0	303	3	0.000009	0	0.000000
DP	0	304	3	0.000009	1	0.000543
DP	0	305	5	0.000016	1	0.000543
DP	0	306	2	0.000006	3	0.001628
DP	0	307	1	0.000003	1	0.000543
DP	0	308	4	0.000013	3	0.001628
DP	0	309	2	0.000006	1	0.000543
DP	0	310	4	0.000013	2	0.001085
DP	0	311	7	0.000022	5	0.002714
DP	0	312	4	0.000013	2	0.001085
DP	0	313	5	0.000016	1	0.000543
DP	0	314	4	0.000013	1	0.000543
DP	0	315	10	0.000031	5	0.002714
DP	0	316	3	0.000009	1	0.000543
DP	0	317	3	0.000009	0	0.000000
DP	0	318	3	0.000009	2	0.001085
DP	0	319	1	0.000003	1	0.000543
DP	0	320	5	0.000016	1	0.000543
DP	0	321	5	0.000016	2	0.001085
DP	0	322	8	0.000025	4	0.002171
DP	0	323	6	0.000019	4	0.002171
DP	0	324	7	0.000022	2	0.001085
DP	0	325	0	0.000000	2	0.001085
DP	0	326	5	0.000016	0	0.000000
DP	0	327	3	0.000009	1	0.000543
DP	0	328	4	0.000013	3	0.001628
DP	0	329	2	0.000006	0	0.000000
DP	0	330	3	0.000009	3	0.001628
DP	0	331	4	0.000013	1	0.000543
DP	0	332	6	0.000019	2	0.001085
DP	0	333	5	0.000016	1	0.000543
DP	0	334	6	0.000019	1	0.000543
DP	0	335	4	0.000013	1	0.000543
DP	0	336	5	0.000016	2	0.001085
DP	0	337	4	0.000013	4	0.002171
DP	0	338	4	0.000013	0	0.000000
DP	0	339	7	0.000022	1	0.000543
DP	0	340	1	0.000003	5	0.002714
DP	0	341	2	0.000006	1	0.000543
DP	0	342	4	0.000013	0	0.000000
DP	0	343	6	0.000019	0	0.000000
DP	0	344	3	0.000009	0	0.000000
DP	0	345	3	0.000009	2	0.001085
DP	0	346	5	0.000016	3	0.001628
DP	0	347	8	0.000025	2	0.001085
DP	0	348	3	0.000009	1	0.000543
DP	0	349	7	0.000022	3	0.001628
DP	0	350	7	0.000022	1	0.000543
DP	0	351	5	0.000016	3	0.001628
DP	0	352	8	0.000025	3	0.001628
DP	0	353	7	0.000022	0	0.000000
DP	0	354	9	0.000028	1	0.000543
DP	0	355	5	0.000016	8	0.004342
DP	0	356	7	0.000022	4	0.002171
DP	0	357	1	0.000003	4	0.002171
DP	0	358	3	0.000009	3	0.001628
DP	0	359	5	0.000016	3	0.001628
DP	0	360	3	0.000009	3	0.001628
DP	0	361	4	0.000013	4	0.002171
DP	0	362	1	0.000003	3	0.001628
DP	0	363	2	0.000006	1	0.000543
DP	0	364	4	0.000013	1	0.000543
DP	0	365	4	0.000013	1	0.000543
DP	0	366	4	0.000013	3	0.001628
DP	0	367	8	0.000025	3	0.001628
DP	0	368	5	0.000016	3	0.001628
DP	0	369	3	0.000009	2	0.001085
DP	0	370	4	0.000013	0	0.000000
DP	0	371	6	0.000019	2	0.001085
DP	0	372	6	0.000019	3	0.001628
DP	0	373	3	0.000009	2	0.001085
DP	0	374	6	0.000019	3	0.001628
DP	0	375	4	0.000013	2	0.001085
DP	0	376	8	0.000025	1	0.000543
DP	0	377	6	0.000019	2	0.001085
DP	0	378	4	0.000013	3	0.001628
DP	0	379	3	0.000009	3	0.001628
DP	0	380	5	0.000016	1	0.000543
DP	0	381	6	0.000019	0	0.000000
DP	0	382	5	0.000016	7	0.003799
DP	0	383	6	0.000019	1	0.000543
DP	0	384	3	0.000009	3	0.001628
DP	0	385	4	0.000013	2	0.001085
DP	0	386	2	0.000006	2	0.001085
DP	0	387	4	0.000013	1	0.000543
DP	0	388	5	0.000016	1	0.000543
DP	0	389	2	0.000006	3	0.001628
DP	0	390	3	0.000009	1	0.000543
DP	0	391	1	0.000003	4	0.002171
DP	0	392	3	0.000009	1	0.000543
DP	0	393	7	0.000022	1	0.000543
DP	0	394	9	0.000028	2	0.001085
DP	0	395	3	0.000009	2	0.001085
DP	0	396	5	0.000016	4	0.002171
DP	0	397	6	0.000019	0	0.000000
DP	0	398	2	0.000006	2	0.001085
DP	0	399	3	0.000009	1	0.000543
DP	0	400	2	0.000006	2	0.001085
DP	0	401	5	0.000016	3	0.001628
DP	0	402	1	0.000003	1	0.000543
DP	0	403	3	0.000009	0	0.000000
DP	0	404	6	0.000019	2	0.001085
DP	0	405	5	0.000016	0	0.000000
DP	0	406	6	0.000019	1	0.000543
DP	0	407	2	0.000006	1	0.000543
DP	0	408	3	0.000009	0	0.000000
DP	0	409	3	0.000009	2	0.001085
DP	0	410	5	0.000016	4	0.002171
DP	0	411	2	0.000006	2	0.001085
DP	0	412	1	0.000003	1	0.000543
DP	0	413	5	0.000016	2	0.001085
DP	0	414	2	0.000006	3	0.001628
DP	0	415	5	0.000016	4	0.002171
DP	0	416	0	0.000000	1	0.000543
DP	0	417	7	0.000022	1	0.000543
DP	0	418	4	0.000013	1	0.000543
DP	0	419	3	0.000009	1	0.000543
DP	0	420	5	0.000016	2	0.001085
DP	0	421	7	0.000022	3	0.001628
DP	0	422	2	0.000006	1	0.000543
DP	0	423	2	0.000006	1	0.000543
DP	0	424	3	0.000009	4	0.002171
DP	0	425	2	0.000006	3	0.001628
DP	0	426	4	0.000013	0	0.000000
DP	0	427	4	0.000013	2	0.001085
DP	0	428	4	0.000013	1	0.000543
DP	0	429	5	0.000016	2	0.001085
DP	0	430	2	0.000006	0	0.000000
DP	0	431	4	0.000013	2	0.001085
DP	0	432	5	0.000016	4	0.002171
DP	0	433	1	0.000003	1	0.000543
DP	0	434	3	0.000009	4	0.002171
DP	0	435	3	0.000009	4	0.002171
DP	0	436	5	0.000016	2	0.001085
DP	0	437	6	0.000019	2	0.001085
DP	0	438	2	0.000006	2	0.001085
DP	0	439	4	0.000013	1	0.000543
DP	0	440	2	0.000006	3	0.001628
DP	0	441	3	0.000009	6	0.003256
DP	0	442	3	0.000009	1	0.000543
DP	0	443	2	0.000006	6	0.003256
DP	0	444	4	0.000013	3	0.001628
DP	0	445	2	0.000006	4	0.002171
DP	0	446	2	0.000006	6	0.003256
DP	0	447	8	0.000025	0	0.000000
DP	0	448	1	0.000003	3	0.001628
DP	0	449	3	0.000009	0	0.000000
DP	0	450	2	0.000006	0	0.000000
DP	0	451	2	0.000006	2	0.001085
DP	0	452	2	0.000006	2	0.001085
DP	0	453	4	0.000013	1	0.000543
DP	0	455	2	0.000006	2	0.001085
DP	0	456	0	0.000000	1	0.000543
DP	0	457	3	0.000009	4	0.002171
DP	0	458	2	0.000006	2	0.001085
DP	0	459	3	0.000009	2	0.001085
DP	0	460	2	0.000006	0	0.000000
DP	0	461	3	0.000009	0	0.000000
DP	0	462	1	0.000003	2	0.001085
DP	0	463	0	0.000000	5	0.002714
DP	0	464	2	0.000006	3	0.001628
DP	0	465	1	0.000003	4	0.002171
DP	0	466	1	0.000003	1	0.000543
DP	0	467	4	0.000013	0	0.000000
DP	0	468	4	0.000013	2	0.001085
DP	0	469	4	0.000013	0	0.000000
DP	0	470	5	0.000016	2	0.001085
DP	0	471	1	0.000003	2	0.001085
DP	0	472	3	0.000009	2	0.001085
DP	0	473	1	0.000003	2	0.001085
DP	0	474	2	0.000006	2	0.001085
DP	0	475	3	0.000009	3	0.001628
DP	0	476	3	0.000009	4	0.002171
DP	0	477	5	0.000016	3	0.001628
DP	0	478	1	0.000003	0	0.000000
DP	0	479	3	0.000009	2	0.001085
DP	0	480	3	0.000009	2	0.001085
DP	0	481	2	0.000006	0	0.000000
DP	0	482	2	0.000006	4	0.002171
DP	0	483	3	0.000009	4	0.002171
DP	0	484	7	0.000022	0	0.000000
DP	0	485	1	0.000003	2	0.001085
DP	0	486	4	0.000013	1	0.000543
DP	0	487	0	0.000000	2	0.001085
DP	0	488	0	0.000000	2	0.001085
DP	0	489	3	0.000009	1	0.000543
DP	0	490	2	0.000006	2	0.001085
DP	0	491	3	0.000009	2	0.001085
DP	0	492	3	0.000009	2	0.001085
DP	0	493	2	0.000006	1	0.000543
DP	0	494	0	0.000000	1	0.000543
DP	0	495	3	0.000009	1	0.000543
DP	0	496	0	0.000000	3	0.001628
DP	0	497	4	0.000013	1	0.000543
DP	0	498	1	0.000003	2	0.001085
DP	0	499	2	0.000006	1	0.000543
DP	0	500	0	0.000000	1	0.000543
DP	0	>500	109	0.000342	182970	99.302597
# PSC, Per-sample counts. Note that the ref/het/hom counts include only SNPs, for indels see PSI. The rest include both SNPs and indels.
# PSC	[2]id	[3]sample	[4]nRefHom	[5]nNonRefHom	[6]nHets	[7]nTransitions	[8]nTransversions	[9]nIndels	[10]average depth	[11]nSingletons	[12]nHapRef	[13]nHapAlt	[14]nMissing
PSC	0	HG00553	0	0	0	0	0	0	5.1	0	171943	5257	7055
PSC	0	HG00731	0	0	0	0	0	0	5.8	0	178605	1575	4075
PSC	0	HG01107	0	0	0	0	0	0	5.9	0	173212	4353	6690
PSC	0	HG01121	0	0	0	0	0	0	6.1	0	178943	1403	3909
PSC	0	HG01176	0	0	0	0	0	0	5.1	0	179507	1499	3249
PSC	0	HG01190	0	0	0	0	0	0	5.2	0	174675	3317	6263
PSC	0	HG01133	0	0	0	0	0	0	5.6	0	174905	3517	5833
PSC	0	HG01164	0	0	0	0	0	0	4.7	0	163244	3218	17793
PSC	0	HG01082	0	0	0	0	0	0	5.7	0	178674	1465	4116
PSC	0	HG01094	0	0	0	0	0	0	6.0	0	173957	4245	6053
PSC	0	HG01063	0	0	0	0	0	0	7.4	0	178916	1455	3884
PSC	0	HG01075	0	0	0	0	0	0	5.1	0	178937	1447	3871
PSC	0	HG00736	0	0	0	0	0	0	5.0	0	178920	1398	3937
PSC	0	HG01051	0	0	0	0	0	0	4.9	0	173922	3407	6926
PSC	0	HG01392	0	0	0	0	0	0	5.1	0	178864	1610	3781
PSC	0	HG01347	0	0	0	0	0	0	5.4	0	173894	3354	7007
PSC	0	HG01359	0	0	0	0	0	0	6.1	0	178658	1361	4236
PSC	0	HG01277	0	0	0	0	0	0	6.2	0	178658	1504	4093
PSC	0	HG01311	0	0	0	0	0	0	5.1	0	174521	3791	5943
PSC	0	HG01241	0	0	0	0	0	0	7.3	0	178932	1404	3919
PSC	0	HG01253	0	0	0	0	0	0	4.8	0	174267	3625	6363
PSC	0	HG01479	0	0	0	0	0	0	5.6	0	179088	1528	3639
PSC	0	HG01455	0	0	0	0	0	0	5.3	0	173496	4396	6363
PSC	0	HG01405	0	0	0	0	0	0	5.0	0	178942	1534	3779
PSC	0	HG01412	0	0	0	0	0	0	5.1	0	163187	3328	17740
PSC	0	HG01431	0	0	0	0	0	0	5.3	0	174926	3564	5765
PSC	0	HG01443	0	0	0	0	0	0	5.7	0	178916	1452	3887
PSC	0	HG01556	0	0	0	0	0	0	6.9	0	169944	4268	10043
PSC	0	HG01892	0	0	0	0	0	0	5.8	0	175737	2701	5817
PSC	0	HG01917	0	0	0	0	0	0	9.9	0	178700	1541	4014
PSC	0	HG01950	0	0	0	0	0	0	6.4	0	176220	2656	5379
PSC	0	HG01967	0	0	0	0	0	0	5.1	0	172445	2611	9199
PSC	0	HG01974	0	0	0	0	0	0	5.9	0	176338	2712	5205
PSC	0	HG01979	0	0	0	0	0	0	4.7	0	175809	2745	5701
PSC	0	HG02302	0	0	0	0	0	0	5.8	0	175985	2805	5465
PSC	0	HG02150	0	0	0	0	0	0	6.0	0	172386	4223	7646
PSC	0	HG02299	0	0	0	0	0	0	5.2	0	176597	2711	4947
PSC	0	HG01048	0	0	0	0	0	0	5.0	0	179408	1456	3391
PSC	0	HG01079	0	0	0	0	0	0	5.1	0	178957	1455	3843
PSC	0	HG00742	0	0	0	0	0	0	6.0	0	179102	1443	3710
PSC	0	HG01308	0	0	0	0	0	0	5.7	0	173554	4260	6441
PSC	0	HG01341	0	0	0	0	0	0	5.9	0	179240	1365	3650
PSC	0	HG01365	0	0	0	0	0	0	5.3	0	179122	1511	3622
PSC	0	HG01377	0	0	0	0	0	0	5.8	0	173868	4348	6039
PSC	0	HG01389	0	0	0	0	0	0	5.5	0	178791	1367	4097
PSC	0	HG01170	0	0	0	0	0	0	5.9	0	178639	1470	4146
PSC	0	HG01182	0	0	0	0	0	0	4.9	0	178844	1541	3870
PSC	0	HG01187	0	0	0	0	0	0	5.5	0	170093	4278	9884
PSC	0	HG01101	0	0	0	0	0	0	5.1	0	174673	3526	6056
PSC	0	HG01353	0	0	0	0	0	0	5.4	0	179465	1467	3323
PSC	0	HG01271	0	0	0	0	0	0	4.9	0	178813	1414	4028
PSC	0	HG01461	0	0	0	0	0	0	5.6	0	178708	1409	4138
PSC	0	HG01550	0	0	0	0	0	0	4.9	0	178966	1558	3731
PSC	0	HG01497	0	0	0	0	0	0	5.2	0	173125	4256	6874
PSC	0	HG01485	0	0	0	0	0	0	5.2	0	170319	4308	9628
PSC	0	HG02008	0	0	0	0	0	0	5.7	0	177918	1521	4816
PSC	0	HG01961	0	0	0	0	0	0	5.8	0	174956	2620	6679
PSC	0	NA19649	0	0	0	0	0	0	5.5	0	178086	1478	4691
PSC	0	HG01935	0	0	0	0	0	0	6.1	0	174993	3574	5688
PSC	0	HG01947	0	0	0	0	0	0	4.8	0	175329	2114	6812
PSC	0	HG01923	0	0	0	0	0	0	5.1	0	174870	2748	6637
PSC	0	NA19783	0	0	0	0	0	0	4.6	0	176050	2857	5348
PSC	0	NA19795	0	0	0	0	0	0	5.0	0	175918	2768	5569
PSC	0	HG02104	0	0	0	0	0	0	5.6	0	175944	2831	5480
PSC	0	NA19726	0	0	0	0	0	0	4.7	0	169811	4255	10189
PSC	0	NA19670	0	0	0	0	0	0	7.0	0	174467	3705	6083
PSC	0	NA19682	0	0	0	0	0	0	4.9	0	176587	2674	4994
PSC	0	NA19771	0	0	0	0	0	0	4.7	0	175632	2824	5799
PSC	0	HG02262	0	0	0	0	0	0	4.8	0	179058	1461	3736
PSC	0	HG02274	0	0	0	0	0	0	4.8	0	173507	3515	7233
PSC	0	HG00637	0	0	0	0	0	0	6.1	0	178820	1478	3957
PSC	0	HG01173	0	0	0	0	0	0	5.6	0	178552	1501	4202
PSC	0	HG01197	0	0	0	0	0	0	5.2	0	174950	3413	5892
PSC	0	HG01200	0	0	0	0	0	0	4.7	0	174115	4278	5862
PSC	0	HG01130	0	0	0	0	0	0	9.2	0	175145	3553	5557
PSC	0	HG01060	0	0	0	0	0	0	5.3	0	177247	1415	5593
PSC	0	HG01072	0	0	0	0	0	0	6.5	0	173108	4209	6938
PSC	0	HG01104	0	0	0	0	0	0	5.0	0	173514	4286	6455
PSC	0	HG01142	0	0	0	0	0	0	6.5	0	176155	2670	5430
PSC	0	HG01161	0	0	0	0	0	0	6.1	0	173375	4256	6624
PSC	0	HG01274	0	0	0	0	0	0	4.4	0	179153	1402	3700
PSC	0	HG01286	0	0	0	0	0	0	5.2	0	178895	1600	3760
PSC	0	HG01250	0	0	0	0	0	0	4.8	0	173617	4400	6238
PSC	0	HG01356	0	0	0	0	0	0	5.6	0	178858	1519	3878
PSC	0	HG01488	0	0	0	0	0	0	7.0	0	178958	1503	3794
PSC	0	HG01440	0	0	0	0	0	0	5.7	0	178688	1434	4133
PSC	0	HG01464	0	0	0	0	0	0	4.8	0	178754	1424	4077
PSC	0	HG01325	0	0	0	0	0	0	5.4	0	173147	4402	6706
PSC	0	HG01344	0	0	0	0	0	0	5.1	0	174866	3436	5953
PSC	0	HG01402	0	0	0	0	0	0	6.0	0	163580	3309	17366
PSC	0	HG01110	0	0	0	0	0	0	6.1	0	173903	4275	6077
PSC	0	HG01088	0	0	0	0	0	0	5.0	0	173144	4254	6857
PSC	0	HG01069	0	0	0	0	0	0	7.1	0	175603	3648	5004
PSC	0	HG01565	0	0	0	0	0	0	5.4	0	176880	2754	4621
PSC	0	HG01204	0	0	0	0	0	0	5.1	0	169966	4249	10040
PSC	0	HG01577	0	0	0	0	0	0	6.1	0	178898	1519	3838
PSC	0	HG01247	0	0	0	0	0	0	5.1	0	179133	1402	3720
PSC	0	HG01259	0	0	0	0	0	0	5.1	0	179042	1427	3786
PSC	0	HG01350	0	0	0	0	0	0	5.2	0	178195	1443	4617
PSC	0	HG01362	0	0	0	0	0	0	5.1	0	170255	4204	9796
PSC	0	HG01280	0	0	0	0	0	0	5.1	0	178570	1637	4048
PSC	0	HG01926	0	0	0	0	0	0	5.2	0	176322	2719	5214
PSC	0	HG01437	0	0	0	0	0	0	5.7	0	175346	3462	5447
PSC	0	HG01374	0	0	0	0	0	0	4.8	0	178940	1467	3848
PSC	0	HG01938	0	0	0	0	0	0	4.8	0	176106	2803	5346
PSC	0	HG01139	0	0	0	0	0	0	6.0	0	176649	2830	4776
PSC	0	HG01398	0	0	0	0	0	0	5.5	0	178768	1496	3991
PSC	0	HG01413	0	0	0	0	0	0	4.8	0	179042	1425	3788
PSC	0	HG01305	0	0	0	0	0	0	5.9	0	169859	4205	10191
PSC	0	HG01571	0	0	0	0	0	0	5.1	0	175208	3509	5538
PSC	0	HG01494	0	0	0	0	0	0	5.2	0	174124	3457	6674
PSC	0	HG02265	0	0	0	0	0	0	5.4	0	176788	2746	4721
PSC	0	HG02277	0	0	0	0	0	0	4.9	0	176322	2736	5197
PSC	0	HG02253	0	0	0	0	0	0	5.3	0	174530	3547	6178
PSC	0	HG02304	0	0	0	0	0	0	4.9	0	175339	2711	6205
PSC	0	HG02291	0	0	0	0	0	0	5.4	0	174845	2808	6602
PSC	0	HG01920	0	0	0	0	0	0	5.7	0	176326	2677	5252
PSC	0	HG01932	0	0	0	0	0	0	4.6	0	178378	1480	4397
PSC	0	HG01970	0	0	0	0	0	0	5.2	0	173565	4385	6305
PSC	0	NA19655	0	0	0	0	0	0	4.7	0	174534	3454	6267
PSC	0	HG01982	0	0	0	0	0	0	7.8	0	153777	2283	28195
PSC	0	NA19679	0	0	0	0	0	0	5.0	0	178933	1455	3867
PSC	0	NA19720	0	0	0	0	0	0	5.2	0	178834	1558	3863
PSC	0	HG01944	0	0	0	0	0	0	5.8	0	174969	2766	6520
PSC	0	NA19756	0	0	0	0	0	0	6.0	0	178324	1484	4447
PSC	0	HG02271	0	0	0	0	0	0	5.2	0	176593	2783	4879
PSC	0	NA19732	0	0	0	0	0	0	5.5	0	176109	2784	5362
PSC	0	NA19759	0	0	0	0	0	0	5.8	0	173398	4281	6576
PSC	0	NA19780	0	0	0	0	0	0	5.4	0	173596	4267	6392
PSC	0	NA19723	0	0	0	0	0	0	6.6	0	172985	3428	7842
PSC	0	NA19658	0	0	0	0	0	0	4.5	0	178282	1654	4319
PSC	0	NA19792	0	0	0	0	0	0	5.1	0	173228	4307	6720
PSC	0	NA19735	0	0	0	0	0	0	5.9	0	176485	2675	5095
PSC	0	NA19747	0	0	0	0	0	0	4.8	0	174389	3580	6286
PSC	0	NA19652	0	0	0	0	0	0	6.3	0	178449	1402	4404
PSC	0	NA19664	0	0	0	0	0	0	5.1	0	176035	2781	5439
PSC	0	NA19676	0	0	0	0	0	0	5.8	0	173484	4249	6522
PSC	0	NA19741	0	0	0	0	0	0	4.9	0	178162	1439	4654
PSC	0	NA19789	0	0	0	0	0	0	7.6	0	177169	1645	5441
PSC	0	NA19777	0	0	0	0	0	0	5.3	0	178860	1383	4012
PSC	0	HG01054	0	0	0	0	0	0	5.0	0	173486	4192	6577
PSC	0	HG01066	0	0	0	0	0	0	6.6	0	176381	1570	6304
PSC	0	HG00640	0	0	0	0	0	0	4.7	0	176178	2044	6033
PSC	0	HG00739	0	0	0	0	0	0	4.9	0	178783	1536	3936
PSC	0	HG01085	0	0	0	0	0	0	6.0	0	178902	1484	3869
PSC	0	HG01097	0	0	0	0	0	0	5.8	0	174171	3672	6412
PSC	0	HG01112	0	0	0	0	0	0	4.8	0	173394	4263	6598
PSC	0	HG01124	0	0	0	0	0	0	4.9	0	176351	2801	5103
PSC	0	HG01047	0	0	0	0	0	0	5.0	0	178659	1504	4092
PSC	0	HG01136	0	0	0	0	0	0	6.3	0	179005	1481	3769
PSC	0	HG01148	0	0	0	0	0	0	5.8	0	178837	1459	3959
PSC	0	HG01167	0	0	0	0	0	0	5.3	0	175427	3482	5346
PSC	0	HG01383	0	0	0	0	0	0	5.9	0	178555	1490	4210
PSC	0	HG01256	0	0	0	0	0	0	4.4	0	174646	3664	5945
PSC	0	HG01302	0	0	0	0	0	0	4.7	0	170106	4278	9871
PSC	0	HG01395	0	0	0	0	0	0	5.2	0	179176	1439	3640
PSC	0	HG01491	0	0	0	0	0	0	5.4	0	179428	1468	3359
PSC	0	HG01953	0	0	0	0	0	0	4.5	0	178750	1556	3949
PSC	0	HG01991	0	0	0	0	0	0	4.9	0	163589	3200	17466
PSC	0	HG02002	0	0	0	0	0	0	6.6	0	178798	1478	3979
PSC	0	HG01941	0	0	0	0	0	0	5.4	0	178732	1463	4060
PSC	0	HG01977	0	0	0	0	0	0	5.4	0	175593	2750	5912
PSC	0	HG02090	0	0	0	0	0	0	5.3	0	174973	2819	6463
PSC	0	HG02285	0	0	0	0	0	0	6.0	0	176086	2694	5475
PSC	0	HG02259	0	0	0	0	0	0	5.5	0	176723	2635	4897
PSC	0	HG02146	0	0	0	0	0	0	5.9	0	175048	2723	6484
PSC	0	NA19717	0	0	0	0	0	0	5.2	0	178847	1473	3935
PSC	0	NA19661	0	0	0	0	0	0	5.1	0	178690	1480	4085
PSC	0	NA19729	0	0	0	0	0	0	5.9	0	176220	2776	5259
PSC	0	NA19750	0	0	0	0	0	0	4.8	0	178686	1545	4024
PSC	0	NA19786	0	0	0	0	0	0	5.4	0	175923	2730	5602
PSC	0	NA19762	0	0	0	0	0	0	5.4	0	179266	1504	3485
PSC	0	NA19774	0	0	0	0	0	0	4.8	0	176234	2755	5266
# PSI, Per-Sample Indels
# PSI	[2]id	[3]sample	[4]in-frame	[5]out-frame	[6]not applicable	[7]out/(in+out) ratio	[8]nHets	[9]nAA
PSI	0	HG00553	0	0	0	0.00	0	0
PSI	0	HG00731	0	0	0	0.00	0	0
PSI	0	HG01107	0	0	0	0.00	0	0
PSI	0	HG01121	0	0	0	0.00	0	0
PSI	0	HG01176	0	0	0	0.00	0	0
PSI	0	HG01190	0	0	0	0.00	0	0
PSI	0	HG01133	0	0	0	0.00	0	0
PSI	0	HG01164	0	0	0	0.00	0	0
PSI	0	HG01082	0	0	0	0.00	0	0
PSI	0	HG01094	0	0	0	0.00	0	0
PSI	0	HG01063	0	0	0	0.00	0	0
PSI	0	HG01075	0	0	0	0.00	0	0
PSI	0	HG00736	0	0	0	0.00	0	0
PSI	0	HG01051	0	0	0	0.00	0	0
PSI	0	HG01392	0	0	0	0.00	0	0
PSI	0	HG01347	0	0	0	0.00	0	0
PSI	0	HG01359	0	0	0	0.00	0	0
PSI	0	HG01277	0	0	0	0.00	0	0
PSI	0	HG01311	0	0	0	0.00	0	0
PSI	0	HG01241	0	0	0	0.00	0	0
PSI	0	HG01253	0	0	0	0.00	0	0
PSI	0	HG01479	0	0	0	0.00	0	0
PSI	0	HG01455	0	0	0	0.00	0	0
PSI	0	HG01405	0	0	0	0.00	0	0
PSI	0	HG01412	0	0	0	0.00	0	0
PSI	0	HG01431	0	0	0	0.00	0	0
PSI	0	HG01443	0	0	0	0.00	0	0
PSI	0	HG01556	0	0	0	0.00	0	0
PSI	0	HG01892	0	0	0	0.00	0	0
PSI	0	HG01917	0	0	0	0.00	0	0
PSI	0	HG01950	0	0	0	0.00	0	0
PSI	0	HG01967	0	0	0	0.00	0	0
PSI	0	HG01974	0	0	0	0.00	0	0
PSI	0	HG01979	0	0	0	0.00	0	0
PSI	0	HG02302	0	0	0	0.00	0	0
PSI	0	HG02150	0	0	0	0.00	0	0
PSI	0	HG02299	0	0	0	0.00	0	0
PSI	0	HG01048	0	0	0	0.00	0	0
PSI	0	HG01079	0	0	0	0.00	0	0
PSI	0	HG00742	0	0	0	0.00	0	0
PSI	0	HG01308	0	0	0	0.00	0	0
PSI	0	HG01341	0	0	0	0.00	0	0
PSI	0	HG01365	0	0	0	0.00	0	0
PSI	0	HG01377	0	0	0	0.00	0	0
PSI	0	HG01389	0	0	0	0.00	0	0
PSI	0	HG01170	0	0	0	0.00	0	0
PSI	0	HG01182	0	0	0	0.00	0	0
PSI	0	HG01187	0	0	0	0.00	0	0
PSI	0	HG01101	0	0	0	0.00	0	0
PSI	0	HG01353	0	0	0	0.00	0	0
PSI	0	HG01271	0	0	0	0.00	0	0
PSI	0	HG01461	0	0	0	0.00	0	0
PSI	0	HG01550	0	0	0	0.00	0	0
PSI	0	HG01497	0	0	0	0.00	0	0
PSI	0	HG01485	0	0	0	0.00	0	0
PSI	0	HG02008	0	0	0	0.00	0	0
PSI	0	HG01961	0	0	0	0.00	0	0
PSI	0	NA19649	0	0	0	0.00	0	0
PSI	0	HG01935	0	0	0	0.00	0	0
PSI	0	HG01947	0	0	0	0.00	0	0
PSI	0	HG01923	0	0	0	0.00	0	0
PSI	0	NA19783	0	0	0	0.00	0	0
PSI	0	NA19795	0	0	0	0.00	0	0
PSI	0	HG02104	0	0	0	0.00	0	0
PSI	0	NA19726	0	0	0	0.00	0	0
PSI	0	NA19670	0	0	0	0.00	0	0
PSI	0	NA19682	0	0	0	0.00	0	0
PSI	0	NA19771	0	0	0	0.00	0	0
PSI	0	HG02262	0	0	0	0.00	0	0
PSI	0	HG02274	0	0	0	0.00	0	0
PSI	0	HG00637	0	0	0	0.00	0	0
PSI	0	HG01173	0	0	0	0.00	0	0
PSI	0	HG01197	0	0	0	0.00	0	0
PSI	0	HG01200	0	0	0	0.00	0	0
PSI	0	HG01130	0	0	0	0.00	0	0
PSI	0	HG01060	0	0	0	0.00	0	0
PSI	0	HG01072	0	0	0	0.00	0	0
PSI	0	HG01104	0	0	0	0.00	0	0
PSI	0	HG01142	0	0	0	0.00	0	0
PSI	0	HG01161	0	0	0	0.00	0	0
PSI	0	HG01274	0	0	0	0.00	0	0
PSI	0	HG01286	0	0	0	0.00	0	0
PSI	0	HG01250	0	0	0	0.00	0	0
PSI	0	HG01356	0	0	0	0.00	0	0
PSI	0	HG01488	0	0	0	0.00	0	0
PSI	0	HG01440	0	0	0	0.00	0	0
PSI	0	HG01464	0	0	0	0.00	0	0
PSI	0	HG01325	0	0	0	0.00	0	0
PSI	0	HG01344	0	0	0	0.00	0	0
PSI	0	HG01402	0	0	0	0.00	0	0
PSI	0	HG01110	0	0	0	0.00	0	0
PSI	0	HG01088	0	0	0	0.00	0	0
PSI	0	HG01069	0	0	0	0.00	0	0
PSI	0	HG01565	0	0	0	0.00	0	0
PSI	0	HG01204	0	0	0	0.00	0	0
PSI	0	HG01577	0	0	0	0.00	0	0
PSI	0	HG01247	0	0	0	0.00	0	0
PSI	0	HG01259	0	0	0	0.00	0	0
PSI	0	HG01350	0	0	0	0.00	0	0
PSI	0	HG01362	0	0	0	0.00	0	0
PSI	0	HG01280	0	0	0	0.00	0	0
PSI	0	HG01926	0	0	0	0.00	0	0
PSI	0	HG01437	0	0	0	0.00	0	0
PSI	0	HG01374	0	0	0	0.00	0	0
PSI	0	HG01938	0	0	0	0.00	0	0
PSI	0	HG01139	0	0	0	0.00	0	0
PSI	0	HG01398	0	0	0	0.00	0	0
PSI	0	HG01413	0	0	0	0.00	0	0
PSI	0	HG01305	0	0	0	0.00	0	0
PSI	0	HG01571	0	0	0	0.00	0	0
PSI	0	HG01494	0	0	0	0.00	0	0
PSI	0	HG02265	0	0	0	0.00	0	0
PSI	0	HG02277	0	0	0	0.00	0	0
PSI	0	HG02253	0	0	0	0.00	0	0
PSI	0	HG02304	0	0	0	0.00	0	0
PSI	0	HG02291	0	0	0	0.00	0	0
PSI	0	HG01920	0	0	0	0.00	0	0
PSI	0	HG01932	0	0	0	0.00	0	0
PSI	0	HG01970	0	0	0	0.00	0	0
PSI	0	NA19655	0	0	0	0.00	0	0
PSI	0	HG01982	0	0	0	0.00	0	0
PSI	0	NA19679	0	0	0	0.00	0	0
PSI	0	NA19720	0	0	0	0.00	0	0
PSI	0	HG01944	0	0	0	0.00	0	0
PSI	0	NA19756	0	0	0	0.00	0	0
PSI	0	HG02271	0	0	0	0.00	0	0
PSI	0	NA19732	0	0	0	0.00	0	0
PSI	0	NA19759	0	0	0	0.00	0	0
PSI	0	NA19780	0	0	0	0.00	0	0
PSI	0	NA19723	0	0	0	0.00	0	0
PSI	0	NA19658	0	0	0	0.00	0	0
PSI	0	NA19792	0	0	0	0.00	0	0
PSI	0	NA19735	0	0	0	0.00	0	0
PSI	0	NA19747	0	0	0	0.00	0	0
PSI	0	NA19652	0	0	0	0.00	0	0
PSI	0	NA19664	0	0	0	0.00	0	0
PSI	0	NA19676	0	0	0	0.00	0	0
PSI	0	NA19741	0	0	0	0.00	0	0
PSI	0	NA19789	0	0	0	0.00	0	0
PSI	0	NA19777	0	0	0	0.00	0	0
PSI	0	HG01054	0	0	0	0.00	0	0
PSI	0	HG01066	0	0	0	0.00	0	0
PSI	0	HG00640	0	0	0	0.00	0	0
PSI	0	HG00739	0	0	0	0.00	0	0
PSI	0	HG01085	0	0	0	0.00	0	0
PSI	0	HG01097	0	0	0	0.00	0	0
PSI	0	HG01112	0	0	0	0.00	0	0
PSI	0	HG01124	0	0	0	0.00	0	0
PSI	0	HG01047	0	0	0	0.00	0	0
PSI	0	HG01136	0	0	0	0.00	0	0
PSI	0	HG01148	0	0	0	0.00	0	0
PSI	0	HG01167	0	0	0	0.00	0	0
PSI	0	HG01383	0	0	0	0.00	0	0
PSI	0	HG01256	0	0	0	0.00	0	0
PSI	0	HG01302	0	0	0	0.00	0	0
PSI	0	HG01395	0	0	0	0.00	0	0
PSI	0	HG01491	0	0	0	0.00	0	0
PSI	0	HG01953	0	0	0	0.00	0	0
PSI	0	HG01991	0	0	0	0.00	0	0
PSI	0	HG02002	0	0	0	0.00	0	0
PSI	0	HG01941	0	0	0	0.00	0	0
PSI	0	HG01977	0	0	0	0.00	0	0
PSI	0	HG02090	0	0	0	0.00	0	0
PSI	0	HG02285	0	0	0	0.00	0	0
PSI	0	HG02259	0	0	0	0.00	0	0
PSI	0	HG02146	0	0	0	0.00	0	0
PSI	0	NA19717	0	0	0	0.00	0	0
PSI	0	NA19661	0	0	0	0.00	0	0
PSI	0	NA19729	0	0	0	0.00	0	0
PSI	0	NA19750	0	0	0	0.00	0	0
PSI	0	NA19786	0	0	0	0.00	0	0
PSI	0	NA19762	0	0	0	0.00	0	0
PSI	0	NA19774	0	0	0	0.00	0	0
# HWE
# HWE	[2]id	[3]1st ALT allele frequency	[4]Number of observations	[5]25th percentile	[6]median	[7]75th percentile
