# This file was produced by bcftools stats (1.9+htslib-1.9) and can be plotted using plot-vcfstats.
# The command line was:	bcftools stats  -v --samples-file /cromwell_root/fc-47de7dae-e8e6-429c-b760-b4ba49136eee/resources/1kgp/EUR.txt /cromwell_root/fc-51aefb1c-4e8e-4dcb-a59c-62e318ea351a/229fff39-eb71-4b7a-a8de-4c792a162837/subset_vcf_sample_list/615acf21-c150-495b-ac94-d9d9c39f65f8/call-bgzip_bcftools_index/1kgp.chrY.recalibrated.snp_indel.pass.singleton.EUR_singleton.vcf.gz
#
# Definition of sets:
# ID	[2]id	[3]tab-separated file names
ID	0	/cromwell_root/fc-51aefb1c-4e8e-4dcb-a59c-62e318ea351a/229fff39-eb71-4b7a-a8de-4c792a162837/subset_vcf_sample_list/615acf21-c150-495b-ac94-d9d9c39f65f8/call-bgzip_bcftools_index/1kgp.chrY.recalibrated.snp_indel.pass.singleton.EUR_singleton.vcf.gz
# SN, Summary numbers:
#   number of records   .. number of data rows in the VCF
#   number of no-ALTs   .. reference-only sites, ALT is either "." or identical to REF
#   number of SNPs      .. number of rows with a SNP
#   number of MNPs      .. number of rows with a MNP, such as CC>TT
#   number of indels    .. number of rows with an indel
#   number of others    .. number of rows with other type, for example a symbolic allele or
#                          a complex substitution, such as ACT>TCGA
#   number of multiallelic sites     .. number of rows with multiple alternate alleles
#   number of multiallelic SNP sites .. number of rows with multiple alternate alleles, all SNPs
# 
#   Note that rows containing multiple types will be counted multiple times, in each
#   counter. For example, a row with a SNP and an indel increments both the SNP and
#   the indel counter.
# 
# SN	[2]id	[3]key	[4]value
SN	0	number of samples:	251
SN	0	number of records:	184255
SN	0	number of no-ALTs:	0
SN	0	number of SNPs:	173522
SN	0	number of MNPs:	0
SN	0	number of indels:	11276
SN	0	number of others:	728
SN	0	number of multiallelic sites:	9796
SN	0	number of multiallelic SNP sites:	7004
# TSTV, transitions/transversions:
# TSTV	[2]id	[3]ts	[4]tv	[5]ts/tv	[6]ts (1st ALT)	[7]tv (1st ALT)	[8]ts/tv (1st ALT)
TSTV	0	101204	74276	1.36	99021	71140	1.39
# SiS, Singleton stats:
# SiS	[2]id	[3]allele count	[4]number of SNPs	[5]number of transitions	[6]number of transversions	[7]number of indels	[8]repeat-consistent	[9]repeat-inconsistent	[10]not applicable
SiS	0	1	21924	12416	9508	1969	0	0	1969
# AF, Stats by non-reference allele frequency:
# AF	[2]id	[3]allele frequency	[4]number of SNPs	[5]number of transitions	[6]number of transversions	[7]number of indels	[8]repeat-consistent	[9]repeat-inconsistent	[10]not applicable
AF	0	0.000000	158993	92327	66666	12286	0	0	12286
AF	0	0.003984	1586	935	651	339	0	0	339
AF	0	0.007968	1786	925	861	279	0	0	279
AF	0	0.011952	1722	950	772	238	0	0	238
AF	0	0.015936	929	501	428	148	0	0	148
AF	0	0.019920	800	440	360	138	0	0	138
AF	0	0.023904	1281	731	550	156	0	0	156
AF	0	0.027888	1017	575	442	147	0	0	147
AF	0	0.031873	395	216	179	88	0	0	88
AF	0	0.035857	231	108	123	84	0	0	84
AF	0	0.039841	131	73	58	51	0	0	51
AF	0	0.043825	352	189	163	64	0	0	64
AF	0	0.047809	143	64	79	39	0	0	39
AF	0	0.051793	94	34	60	39	0	0	39
AF	0	0.055777	265	146	119	43	0	0	43
AF	0	0.059761	85	40	45	43	0	0	43
AF	0	0.063745	64	33	31	37	0	0	37
AF	0	0.067729	84	43	41	33	0	0	33
AF	0	0.071713	63	29	34	27	0	0	27
AF	0	0.075697	66	35	31	28	0	0	28
AF	0	0.079681	61	26	35	30	0	0	30
AF	0	0.083665	60	32	28	30	0	0	30
AF	0	0.087649	697	416	281	76	0	0	76
AF	0	0.091633	77	43	34	32	0	0	32
AF	0	0.095618	49	22	27	26	0	0	26
AF	0	0.099602	56	20	36	26	0	0	26
AF	0	0.103586	528	335	193	68	0	0	68
AF	0	0.107570	61	27	34	30	0	0	30
AF	0	0.111554	47	28	19	23	0	0	23
AF	0	0.115538	44	20	24	32	0	0	32
AF	0	0.119522	49	21	28	21	0	0	21
AF	0	0.123506	32	19	13	20	0	0	20
AF	0	0.127490	33	20	13	10	0	0	10
AF	0	0.131474	27	11	16	22	0	0	22
AF	0	0.135458	28	6	22	14	0	0	14
AF	0	0.139442	234	151	83	38	0	0	38
AF	0	0.143426	42	17	25	11	0	0	11
AF	0	0.147410	32	16	16	20	0	0	20
AF	0	0.151394	32	14	18	20	0	0	20
AF	0	0.155378	25	11	14	10	0	0	10
AF	0	0.159363	27	10	17	6	0	0	6
AF	0	0.163347	27	14	13	9	0	0	9
AF	0	0.167331	18	6	12	14	0	0	14
AF	0	0.171315	22	6	16	9	0	0	9
AF	0	0.175299	20	7	13	8	0	0	8
AF	0	0.179283	26	15	11	9	0	0	9
AF	0	0.183267	21	6	15	2	0	0	2
AF	0	0.187251	19	9	10	3	0	0	3
AF	0	0.191235	23	9	14	8	0	0	8
AF	0	0.195219	12	6	6	4	0	0	4
AF	0	0.199203	23	9	14	3	0	0	3
AF	0	0.203187	19	11	8	11	0	0	11
AF	0	0.207171	18	8	10	2	0	0	2
AF	0	0.211155	17	11	6	6	0	0	6
AF	0	0.215139	27	13	14	5	0	0	5
AF	0	0.219124	22	13	9	2	0	0	2
AF	0	0.223108	13	5	8	4	0	0	4
AF	0	0.227092	18	8	10	6	0	0	6
AF	0	0.231076	11	4	7	9	0	0	9
AF	0	0.235060	11	7	4	5	0	0	5
AF	0	0.239044	22	11	11	9	0	0	9
AF	0	0.243028	6	2	4	9	0	0	9
AF	0	0.247012	93	58	35	11	0	0	11
AF	0	0.250996	17	8	9	9	0	0	9
AF	0	0.254980	7	2	5	5	0	0	5
AF	0	0.258964	14	6	8	1	0	0	1
AF	0	0.262948	11	4	7	2	0	0	2
AF	0	0.266932	10	3	7	2	0	0	2
AF	0	0.270916	15	5	10	4	0	0	4
AF	0	0.274900	10	4	6	1	0	0	1
AF	0	0.278884	15	7	8	7	0	0	7
AF	0	0.282869	17	9	8	8	0	0	8
AF	0	0.286853	15	5	10	4	0	0	4
AF	0	0.290837	10	4	6	2	0	0	2
AF	0	0.294821	9	1	8	8	0	0	8
AF	0	0.298805	9	5	4	5	0	0	5
AF	0	0.302789	14	8	6	5	0	0	5
AF	0	0.306773	41	21	20	5	0	0	5
AF	0	0.310757	13	7	6	1	0	0	1
AF	0	0.314741	18	10	8	5	0	0	5
AF	0	0.318725	14	4	10	5	0	0	5
AF	0	0.322709	23	11	12	2	0	0	2
AF	0	0.326693	14	8	6	4	0	0	4
AF	0	0.330677	12	7	5	5	0	0	5
AF	0	0.334661	14	8	6	3	0	0	3
AF	0	0.338645	16	7	9	2	0	0	2
AF	0	0.342629	17	8	9	4	0	0	4
AF	0	0.346614	14	6	8	2	0	0	2
AF	0	0.350598	11	6	5	3	0	0	3
AF	0	0.354582	16	7	9	4	0	0	4
AF	0	0.358566	12	4	8	2	0	0	2
AF	0	0.362550	9	5	4	2	0	0	2
AF	0	0.366534	12	4	8	1	0	0	1
AF	0	0.370518	14	5	9	3	0	0	3
AF	0	0.374502	13	5	8	1	0	0	1
AF	0	0.378486	5	3	2	1	0	0	1
AF	0	0.382470	13	8	5	2	0	0	2
AF	0	0.386454	6	0	6	2	0	0	2
AF	0	0.390438	15	7	8	4	0	0	4
AF	0	0.394422	8	3	5	0	0	0	0
AF	0	0.398406	23	8	15	7	0	0	7
AF	0	0.402390	6	4	2	1	0	0	1
AF	0	0.406375	10	7	3	5	0	0	5
AF	0	0.410359	18	9	9	8	0	0	8
AF	0	0.414343	366	224	142	26	0	0	26
AF	0	0.418327	26	14	12	2	0	0	2
AF	0	0.422311	7	5	2	1	0	0	1
AF	0	0.426295	13	5	8	1	0	0	1
AF	0	0.430279	18	8	10	2	0	0	2
AF	0	0.434263	10	3	7	1	0	0	1
AF	0	0.438247	10	6	4	0	0	0	0
AF	0	0.442231	16	10	6	1	0	0	1
AF	0	0.446215	12	5	7	1	0	0	1
AF	0	0.450199	15	6	9	2	0	0	2
AF	0	0.454183	12	6	6	2	0	0	2
AF	0	0.458167	14	6	8	6	0	0	6
AF	0	0.462151	227	142	85	14	0	0	14
AF	0	0.466135	20	11	9	0	0	0	0
AF	0	0.470120	20	10	10	3	0	0	3
AF	0	0.474104	31	18	13	2	0	0	2
AF	0	0.478088	12	7	5	2	0	0	2
AF	0	0.482072	8	4	4	1	0	0	1
AF	0	0.486056	14	8	6	0	0	0	0
AF	0	0.490040	15	8	7	1	0	0	1
AF	0	0.494024	6	3	3	1	0	0	1
AF	0	0.498008	17	7	10	0	0	0	0
AF	0	0.501992	15	9	6	0	0	0	0
AF	0	0.505976	15	12	3	0	0	0	0
AF	0	0.509960	13	7	6	2	0	0	2
AF	0	0.513944	8	4	4	1	0	0	1
AF	0	0.517928	10	3	7	3	0	0	3
AF	0	0.521912	12	7	5	0	0	0	0
AF	0	0.525896	10	4	6	1	0	0	1
AF	0	0.529880	10	3	7	1	0	0	1
AF	0	0.533865	13	7	6	0	0	0	0
AF	0	0.537849	8	4	4	3	0	0	3
AF	0	0.541833	14	8	6	1	0	0	1
AF	0	0.545817	7	5	2	1	0	0	1
AF	0	0.549801	16	6	10	1	0	0	1
AF	0	0.553785	11	7	4	0	0	0	0
AF	0	0.557769	8	3	5	1	0	0	1
AF	0	0.561753	10	4	6	0	0	0	0
AF	0	0.565737	19	13	6	1	0	0	1
AF	0	0.569721	11	6	5	3	0	0	3
AF	0	0.573705	10	5	5	2	0	0	2
AF	0	0.577689	18	9	9	0	0	0	0
AF	0	0.581673	7	3	4	0	0	0	0
AF	0	0.585657	9	3	6	0	0	0	0
AF	0	0.589641	7	5	2	1	0	0	1
AF	0	0.593625	3	1	2	0	0	0	0
AF	0	0.597610	6	2	4	0	0	0	0
AF	0	0.601594	5	4	1	1	0	0	1
AF	0	0.605578	6	0	6	1	0	0	1
AF	0	0.609562	7	3	4	0	0	0	0
AF	0	0.613546	5	0	5	0	0	0	0
AF	0	0.617530	4	2	2	0	0	0	0
AF	0	0.621514	3	1	2	0	0	0	0
AF	0	0.625498	4	1	3	1	0	0	1
AF	0	0.629482	3	1	2	0	0	0	0
AF	0	0.633466	4	2	2	0	0	0	0
AF	0	0.637450	3	1	2	0	0	0	0
AF	0	0.641434	3	1	2	2	0	0	2
AF	0	0.645418	2	1	1	0	0	0	0
AF	0	0.649402	5	3	2	1	0	0	1
AF	0	0.653386	2	0	2	0	0	0	0
AF	0	0.657371	3	0	3	0	0	0	0
AF	0	0.661355	16	9	7	1	0	0	1
AF	0	0.665339	7	2	5	0	0	0	0
AF	0	0.669323	3	3	0	0	0	0	0
AF	0	0.673307	6	3	3	0	0	0	0
AF	0	0.677291	3	1	2	0	0	0	0
AF	0	0.681275	8	3	5	0	0	0	0
AF	0	0.685259	6	1	5	0	0	0	0
AF	0	0.689243	2	1	1	0	0	0	0
AF	0	0.693227	6	1	5	0	0	0	0
AF	0	0.697211	6	3	3	1	0	0	1
AF	0	0.701195	3	2	1	0	0	0	0
AF	0	0.705179	3	0	3	0	0	0	0
AF	0	0.709163	5	0	5	1	0	0	1
AF	0	0.713147	2	1	1	1	0	0	1
AF	0	0.717131	4	1	3	1	0	0	1
AF	0	0.721116	4	2	2	0	0	0	0
AF	0	0.725100	3	3	0	1	0	0	1
AF	0	0.729084	3	2	1	0	0	0	0
AF	0	0.733068	2	1	1	0	0	0	0
AF	0	0.737052	2	2	0	0	0	0	0
AF	0	0.741036	4	2	2	2	0	0	2
AF	0	0.749004	4	3	1	1	0	0	1
AF	0	0.752988	6	3	3	0	0	0	0
AF	0	0.756972	5	2	3	0	0	0	0
AF	0	0.760956	2	1	1	0	0	0	0
AF	0	0.764940	3	1	2	1	0	0	1
AF	0	0.768924	2	2	0	0	0	0	0
AF	0	0.772908	5	1	4	1	0	0	1
AF	0	0.776892	6	3	3	0	0	0	0
AF	0	0.780876	1	1	0	0	0	0	0
AF	0	0.784861	1	1	0	1	0	0	1
AF	0	0.792829	2	1	1	0	0	0	0
AF	0	0.796813	8	2	6	0	0	0	0
AF	0	0.800797	8	2	6	0	0	0	0
AF	0	0.804781	6	1	5	0	0	0	0
AF	0	0.808765	8	3	5	0	0	0	0
AF	0	0.812749	4	1	3	0	0	0	0
AF	0	0.816733	4	1	3	0	0	0	0
AF	0	0.820717	5	3	2	1	0	0	1
AF	0	0.824701	7	3	4	0	0	0	0
AF	0	0.828685	5	3	2	0	0	0	0
AF	0	0.832669	7	2	5	0	0	0	0
AF	0	0.836653	8	2	6	0	0	0	0
AF	0	0.840637	2	1	1	1	0	0	1
AF	0	0.844622	5	3	2	0	0	0	0
AF	0	0.848606	8	3	5	0	0	0	0
AF	0	0.852590	6	3	3	0	0	0	0
AF	0	0.856574	6	2	4	0	0	0	0
AF	0	0.860558	8	1	7	0	0	0	0
AF	0	0.864542	5	3	2	2	0	0	2
AF	0	0.868526	5	3	2	0	0	0	0
AF	0	0.872510	3	3	0	0	0	0	0
AF	0	0.876494	4	2	2	0	0	0	0
AF	0	0.880478	5	2	3	0	0	0	0
AF	0	0.884462	12	3	9	0	0	0	0
AF	0	0.888446	4	1	3	0	0	0	0
AF	0	0.892430	4	1	3	1	0	0	1
AF	0	0.896414	0	0	0	1	0	0	1
AF	0	0.900398	9	4	5	0	0	0	0
AF	0	0.904382	4	1	3	0	0	0	0
AF	0	0.908367	8	2	6	0	0	0	0
AF	0	0.912351	9	5	4	1	0	0	1
AF	0	0.916335	7	2	5	2	0	0	2
AF	0	0.920319	10	1	9	0	0	0	0
AF	0	0.924303	5	3	2	0	0	0	0
AF	0	0.928287	4	2	2	0	0	0	0
AF	0	0.932271	7	3	4	0	0	0	0
AF	0	0.936255	6	2	4	0	0	0	0
AF	0	0.940239	10	2	8	0	0	0	0
AF	0	0.944223	17	7	10	0	0	0	0
AF	0	0.948207	12	2	10	1	0	0	1
AF	0	0.952191	10	8	2	1	0	0	1
AF	0	0.956175	11	3	8	0	0	0	0
AF	0	0.960159	11	3	8	1	0	0	1
AF	0	0.964143	8	2	6	2	0	0	2
AF	0	0.968127	19	6	13	0	0	0	0
AF	0	0.972112	11	7	4	0	0	0	0
AF	0	0.976096	18	9	9	0	0	0	0
AF	0	0.980080	19	13	6	3	0	0	3
AF	0	0.984064	26	10	16	3	0	0	3
AF	0	0.988048	38	15	23	1	0	0	1
AF	0	0.992032	25	12	13	4	0	0	4
AF	0	0.996016	300	138	162	44	0	0	44
# QUAL, Stats by quality:
# QUAL	[2]id	[3]Quality	[4]number of SNPs	[5]number of transitions (1st ALT)	[6]number of transversions (1st ALT)	[7]number of indels
QUAL	0	30	134	72	62	0
QUAL	0	31	225	122	103	0
QUAL	0	32	312	162	150	0
QUAL	0	33	185	97	88	0
QUAL	0	34	186	103	83	0
QUAL	0	35	203	95	108	1
QUAL	0	36	143	64	79	0
QUAL	0	37	310	159	151	0
QUAL	0	38	411	210	201	0
QUAL	0	39	160	88	72	0
QUAL	0	40	158	79	79	0
QUAL	0	41	163	80	83	2
QUAL	0	42	133	63	70	0
QUAL	0	43	103	45	58	0
QUAL	0	44	127	55	72	3
QUAL	0	45	90	38	52	1
QUAL	0	46	103	53	50	0
QUAL	0	47	124	63	61	1
QUAL	0	48	98	49	49	0
QUAL	0	49	94	49	45	1
QUAL	0	50	89	42	47	1
QUAL	0	51	89	48	41	2
QUAL	0	52	96	49	47	1
QUAL	0	53	83	40	43	1
QUAL	0	54	106	52	54	3
QUAL	0	55	83	42	41	2
QUAL	0	56	97	52	45	0
QUAL	0	57	273	147	126	12
QUAL	0	58	674	310	364	18
QUAL	0	59	223	97	126	5
QUAL	0	60	257	105	152	6
QUAL	0	61	146	67	79	4
QUAL	0	62	183	82	101	1
QUAL	0	63	210	110	100	1
QUAL	0	64	164	85	79	2
QUAL	0	65	128	67	61	1
QUAL	0	66	113	59	53	1
QUAL	0	67	115	49	66	1
QUAL	0	68	104	49	55	1
QUAL	0	69	118	57	61	0
QUAL	0	70	128	56	72	2
QUAL	0	71	270	128	142	1
QUAL	0	72	332	153	179	1
QUAL	0	73	142	91	51	1
QUAL	0	74	104	51	53	1
QUAL	0	75	108	48	60	3
QUAL	0	76	105	56	49	1
QUAL	0	77	136	59	77	0
QUAL	0	78	80	38	42	2
QUAL	0	79	81	37	44	0
QUAL	0	80	83	33	48	2
QUAL	0	81	112	54	57	1
QUAL	0	82	112	52	59	0
QUAL	0	83	74	38	34	1
QUAL	0	84	75	38	37	0
QUAL	0	85	59	29	30	0
QUAL	0	86	87	42	44	0
QUAL	0	87	89	42	46	1
QUAL	0	88	83	44	39	2
QUAL	0	89	82	44	38	3
QUAL	0	90	70	37	33	0
QUAL	0	91	78	38	37	0
QUAL	0	92	81	43	37	0
QUAL	0	93	106	48	58	0
QUAL	0	94	87	47	39	1
QUAL	0	95	167	91	74	1
QUAL	0	96	95	54	40	1
QUAL	0	97	108	54	50	0
QUAL	0	98	95	34	60	0
QUAL	0	99	78	40	36	1
QUAL	0	100	62	25	37	1
QUAL	0	101	75	34	39	0
QUAL	0	102	160	83	77	6
QUAL	0	103	309	134	175	3
QUAL	0	104	100	45	53	1
QUAL	0	105	107	42	60	1
QUAL	0	106	222	122	98	2
QUAL	0	107	286	149	136	2
QUAL	0	108	103	51	50	1
QUAL	0	109	84	40	43	0
QUAL	0	110	57	28	28	0
QUAL	0	111	62	26	32	1
QUAL	0	112	61	31	28	0
QUAL	0	113	67	30	37	2
QUAL	0	114	53	22	30	1
QUAL	0	115	60	31	28	0
QUAL	0	116	87	45	37	2
QUAL	0	117	88	47	41	1
QUAL	0	118	64	33	30	0
QUAL	0	119	54	24	29	4
QUAL	0	120	73	36	27	1
QUAL	0	121	98	52	41	1
QUAL	0	122	146	59	85	4
QUAL	0	123	82	36	42	4
QUAL	0	124	55	27	27	2
QUAL	0	125	66	38	26	1
QUAL	0	126	78	40	37	3
QUAL	0	127	139	70	67	3
QUAL	0	128	76	35	39	0
QUAL	0	129	58	31	27	1
QUAL	0	130	68	44	22	3
QUAL	0	131	89	42	47	1
QUAL	0	132	93	55	37	0
QUAL	0	133	67	33	33	1
QUAL	0	134	68	31	34	0
QUAL	0	135	54	28	26	2
QUAL	0	136	61	33	26	1
QUAL	0	137	59	31	26	2
QUAL	0	138	59	26	32	1
QUAL	0	139	65	30	33	2
QUAL	0	140	68	26	42	0
QUAL	0	141	236	114	119	1
QUAL	0	142	251	134	116	2
QUAL	0	143	76	35	38	0
QUAL	0	144	88	40	47	2
QUAL	0	145	67	37	29	2
QUAL	0	146	52	19	32	4
QUAL	0	147	133	59	72	5
QUAL	0	148	148	61	87	4
QUAL	0	149	69	25	43	1
QUAL	0	150	92	39	48	5
QUAL	0	151	75	39	36	1
QUAL	0	152	55	29	26	3
QUAL	0	153	57	22	32	0
QUAL	0	154	44	24	18	2
QUAL	0	155	38	15	22	3
QUAL	0	156	62	37	24	0
QUAL	0	157	61	27	31	2
QUAL	0	158	56	27	28	2
QUAL	0	159	67	37	30	0
QUAL	0	160	40	21	19	1
QUAL	0	161	62	29	32	6
QUAL	0	162	59	29	29	1
QUAL	0	163	44	18	22	3
QUAL	0	164	60	36	23	1
QUAL	0	165	56	33	22	2
QUAL	0	166	110	57	51	1
QUAL	0	167	122	66	56	2
QUAL	0	168	56	29	27	1
QUAL	0	169	66	31	33	1
QUAL	0	170	70	35	33	4
QUAL	0	171	41	16	23	1
QUAL	0	172	50	21	29	0
QUAL	0	173	58	27	30	2
QUAL	0	174	70	33	37	1
QUAL	0	175	95	46	47	2
QUAL	0	176	289	164	123	1
QUAL	0	177	286	180	102	0
QUAL	0	178	54	28	22	2
QUAL	0	179	54	30	24	1
QUAL	0	180	43	21	22	2
QUAL	0	181	63	33	26	2
QUAL	0	182	51	29	21	1
QUAL	0	183	60	30	26	0
QUAL	0	184	57	30	26	1
QUAL	0	185	83	46	35	3
QUAL	0	186	95	50	41	2
QUAL	0	187	53	29	22	1
QUAL	0	188	61	28	32	1
QUAL	0	189	57	29	24	2
QUAL	0	190	80	43	36	2
QUAL	0	191	60	29	28	2
QUAL	0	192	70	40	30	11
QUAL	0	193	125	60	63	6
QUAL	0	194	47	18	27	2
QUAL	0	195	64	32	31	3
QUAL	0	196	65	34	30	3
QUAL	0	197	51	26	23	2
QUAL	0	198	56	32	23	1
QUAL	0	199	39	25	13	5
QUAL	0	200	72	43	27	2
QUAL	0	201	100	53	47	1
QUAL	0	202	57	27	28	2
QUAL	0	203	39	19	19	0
QUAL	0	204	62	34	27	0
QUAL	0	205	40	19	21	0
QUAL	0	206	48	27	17	1
QUAL	0	207	63	35	25	0
QUAL	0	208	67	36	30	0
QUAL	0	209	46	20	23	0
QUAL	0	210	352	195	155	2
QUAL	0	211	406	229	176	6
QUAL	0	212	59	28	27	4
QUAL	0	213	52	21	30	0
QUAL	0	214	43	25	16	2
QUAL	0	215	40	17	22	3
QUAL	0	216	61	20	37	4
QUAL	0	217	51	27	22	2
QUAL	0	218	37	15	21	1
QUAL	0	219	44	16	25	1
QUAL	0	220	107	65	41	2
QUAL	0	221	111	71	39	3
QUAL	0	222	60	34	25	2
QUAL	0	223	45	21	23	4
QUAL	0	224	36	16	16	10
QUAL	0	225	71	34	35	3
QUAL	0	226	59	26	30	3
QUAL	0	227	53	33	18	4
QUAL	0	228	58	33	23	6
QUAL	0	229	45	26	19	9
QUAL	0	230	61	34	22	4
QUAL	0	231	46	20	25	0
QUAL	0	232	38	22	14	2
QUAL	0	233	60	31	26	1
QUAL	0	234	51	26	25	0
QUAL	0	235	91	47	43	4
QUAL	0	236	111	59	52	3
QUAL	0	237	83	45	36	7
QUAL	0	238	97	40	56	10
QUAL	0	239	65	27	36	1
QUAL	0	240	61	30	31	1
QUAL	0	241	49	24	24	4
QUAL	0	242	85	50	35	2
QUAL	0	243	55	29	26	3
QUAL	0	244	79	40	37	0
QUAL	0	245	492	283	205	2
QUAL	0	246	497	305	191	2
QUAL	0	247	37	16	19	7
QUAL	0	248	56	25	31	2
QUAL	0	249	31	14	14	2
QUAL	0	250	31	15	12	5
QUAL	0	251	50	27	21	2
QUAL	0	252	38	21	16	4
QUAL	0	253	35	17	18	8
QUAL	0	254	69	35	34	6
QUAL	0	255	127	82	45	1
QUAL	0	256	122	62	55	2
QUAL	0	257	45	18	27	5
QUAL	0	258	35	17	18	2
QUAL	0	259	41	22	19	1
QUAL	0	260	81	49	30	2
QUAL	0	261	73	37	34	0
QUAL	0	262	42	20	22	4
QUAL	0	263	43	26	15	3
QUAL	0	264	47	32	15	0
QUAL	0	265	68	34	33	0
QUAL	0	266	47	25	22	1
QUAL	0	267	38	15	22	2
QUAL	0	268	49	27	20	3
QUAL	0	269	55	33	19	3
QUAL	0	270	106	57	46	3
QUAL	0	271	135	81	52	2
QUAL	0	272	44	15	28	7
QUAL	0	273	30	13	15	2
QUAL	0	274	75	43	31	0
QUAL	0	275	62	32	28	3
QUAL	0	276	50	24	25	2
QUAL	0	277	97	57	40	14
QUAL	0	278	111	66	44	10
QUAL	0	279	144	91	53	4
QUAL	0	280	733	431	301	3
QUAL	0	281	669	398	269	6
QUAL	0	282	49	29	20	20
QUAL	0	283	73	34	37	9
QUAL	0	284	36	19	15	2
QUAL	0	285	34	18	15	3
QUAL	0	286	68	31	37	4
QUAL	0	287	42	19	23	5
QUAL	0	288	42	25	17	6
QUAL	0	289	159	100	59	3
QUAL	0	290	170	85	84	2
QUAL	0	291	32	11	20	1
QUAL	0	292	54	24	29	3
QUAL	0	293	37	18	18	3
QUAL	0	294	49	30	18	4
QUAL	0	295	80	38	41	1
QUAL	0	296	78	45	33	2
QUAL	0	297	36	15	19	5
QUAL	0	298	35	16	18	0
QUAL	0	299	53	32	21	1
QUAL	0	300	67	23	42	2
QUAL	0	301	50	25	21	5
QUAL	0	302	47	31	15	6
QUAL	0	303	51	30	21	8
QUAL	0	304	68	44	23	3
QUAL	0	305	159	100	59	2
QUAL	0	306	139	75	64	6
QUAL	0	307	37	19	18	2
QUAL	0	308	41	24	15	2
QUAL	0	309	85	46	37	12
QUAL	0	310	35	18	16	11
QUAL	0	311	53	18	33	4
QUAL	0	312	124	76	45	7
QUAL	0	313	100	50	50	4
QUAL	0	314	200	112	85	7
QUAL	0	315	888	529	358	4
QUAL	0	316	787	466	320	12
QUAL	0	317	42	15	23	13
QUAL	0	318	51	25	26	2
QUAL	0	319	49	26	21	1
QUAL	0	320	44	24	19	3
QUAL	0	321	39	23	16	6
QUAL	0	322	30	14	14	3
QUAL	0	323	54	28	24	2
QUAL	0	324	214	118	95	4
QUAL	0	325	201	104	96	1
QUAL	0	326	60	26	32	5
QUAL	0	327	47	21	25	27
QUAL	0	328	70	31	37	8
QUAL	0	329	125	62	61	3
QUAL	0	330	123	81	42	1
QUAL	0	331	59	28	29	6
QUAL	0	332	37	16	21	12
QUAL	0	333	48	21	27	11
QUAL	0	334	78	47	29	2
QUAL	0	335	63	40	23	2
QUAL	0	336	40	18	18	1
QUAL	0	337	65	36	24	4
QUAL	0	338	59	31	27	8
QUAL	0	339	172	101	70	9
QUAL	0	340	214	121	91	6
QUAL	0	341	37	20	16	10
QUAL	0	342	39	16	22	9
QUAL	0	343	75	38	33	6
QUAL	0	344	57	30	23	5
QUAL	0	345	57	35	20	3
QUAL	0	346	117	71	43	4
QUAL	0	347	81	38	39	1
QUAL	0	348	166	94	70	1
QUAL	0	349	1144	687	457	3
QUAL	0	350	1076	643	431	1
QUAL	0	351	42	20	19	5
QUAL	0	352	48	26	21	1
QUAL	0	353	44	25	18	2
QUAL	0	354	40	23	17	3
QUAL	0	355	70	34	34	1
QUAL	0	356	49	25	21	4
QUAL	0	357	48	25	23	4
QUAL	0	358	69	38	29	7
QUAL	0	359	245	136	107	10
QUAL	0	360	198	122	71	9
QUAL	0	361	44	25	17	17
QUAL	0	362	43	26	15	14
QUAL	0	363	61	35	25	13
QUAL	0	364	144	76	66	6
QUAL	0	365	130	67	61	3
QUAL	0	366	49	31	17	3
QUAL	0	367	35	18	15	10
QUAL	0	368	71	41	28	3
QUAL	0	369	76	32	43	3
QUAL	0	370	49	28	18	8
QUAL	0	371	43	12	27	15
QUAL	0	372	108	52	53	71
QUAL	0	373	84	40	43	14
QUAL	0	374	227	151	76	7
QUAL	0	375	249	138	108	3
QUAL	0	376	40	18	21	2
QUAL	0	377	37	18	17	0
QUAL	0	378	96	47	47	3
QUAL	0	379	67	26	40	4
QUAL	0	380	45	24	18	4
QUAL	0	381	112	64	45	8
QUAL	0	382	111	59	51	3
QUAL	0	383	214	120	93	2
QUAL	0	384	1307	767	540	4
QUAL	0	385	1228	764	463	4
QUAL	0	386	27	14	12	3
QUAL	0	387	44	22	21	6
QUAL	0	388	37	22	13	1
QUAL	0	389	47	25	22	9
QUAL	0	390	58	29	28	3
QUAL	0	391	50	30	20	7
QUAL	0	392	43	25	18	9
QUAL	0	393	88	53	34	4
QUAL	0	394	283	170	113	7
QUAL	0	395	238	154	83	12
QUAL	0	396	34	20	14	10
QUAL	0	397	47	20	25	2
QUAL	0	398	62	31	28	0
QUAL	0	399	197	118	76	3
QUAL	0	400	170	101	68	5
QUAL	0	401	42	22	16	6
QUAL	0	402	42	20	22	16
QUAL	0	403	71	40	30	13
QUAL	0	404	80	55	23	5
QUAL	0	405	39	24	15	8
QUAL	0	406	48	21	27	7
QUAL	0	407	78	42	34	5
QUAL	0	408	110	64	42	2
QUAL	0	409	272	176	96	2
QUAL	0	410	256	141	114	1
QUAL	0	411	34	16	18	5
QUAL	0	412	34	16	16	15
QUAL	0	413	96	57	36	6
QUAL	0	414	70	43	26	1
QUAL	0	415	84	42	40	9
QUAL	0	416	128	69	59	8
QUAL	0	417	180	105	74	58
QUAL	0	418	331	196	134	9
QUAL	0	419	1478	892	586	3
QUAL	0	420	1243	789	453	7
QUAL	0	421	30	18	12	4
QUAL	0	422	55	34	20	6
QUAL	0	423	58	27	28	7
QUAL	0	424	55	35	19	16
QUAL	0	425	72	40	32	10
QUAL	0	426	53	27	24	5
QUAL	0	427	66	37	29	3
QUAL	0	428	310	194	114	1
QUAL	0	429	244	143	101	1
QUAL	0	430	31	19	8	3
QUAL	0	431	34	15	18	11
QUAL	0	432	50	27	22	13
QUAL	0	433	84	49	33	6
QUAL	0	434	192	121	70	3
QUAL	0	435	173	94	78	4
QUAL	0	436	43	22	17	1
QUAL	0	437	55	31	22	5
QUAL	0	438	72	37	34	3
QUAL	0	439	78	44	33	4
QUAL	0	440	33	18	15	7
QUAL	0	441	36	25	11	4
QUAL	0	442	66	39	26	8
QUAL	0	443	135	69	62	5
QUAL	0	444	264	156	108	9
QUAL	0	445	236	136	99	6
QUAL	0	446	35	15	19	3
QUAL	0	447	48	24	22	3
QUAL	0	448	94	58	34	12
QUAL	0	449	54	33	20	10
QUAL	0	450	54	26	28	9
QUAL	0	451	160	93	67	10
QUAL	0	452	185	97	86	25
QUAL	0	453	401	236	164	12
QUAL	0	454	1469	925	544	9
QUAL	0	455	1279	778	500	8
QUAL	0	456	27	11	15	4
QUAL	0	457	55	29	26	4
QUAL	0	458	61	32	27	4
QUAL	0	459	53	37	16	8
QUAL	0	460	58	29	27	3
QUAL	0	461	61	29	32	6
QUAL	0	462	118	67	48	53
QUAL	0	463	375	216	159	9
QUAL	0	464	280	170	110	7
QUAL	0	465	34	19	15	3
QUAL	0	466	32	14	16	9
QUAL	0	467	55	24	30	8
QUAL	0	468	216	138	76	3
QUAL	0	469	220	122	97	2
QUAL	0	470	49	28	19	3
QUAL	0	471	41	27	13	4
QUAL	0	472	41	23	16	4
QUAL	0	473	89	51	36	1
QUAL	0	474	68	37	31	9
QUAL	0	475	34	21	12	2
QUAL	0	476	59	36	22	6
QUAL	0	477	70	40	29	11
QUAL	0	478	331	202	128	6
QUAL	0	479	328	210	116	2
QUAL	0	480	40	16	23	5
QUAL	0	481	33	24	8	5
QUAL	0	482	110	52	56	2
QUAL	0	483	77	46	29	4
QUAL	0	484	41	22	19	11
QUAL	0	485	131	72	58	7
QUAL	0	486	109	55	50	8
QUAL	0	487	245	144	100	10
QUAL	0	488	1054	631	423	2
QUAL	0	489	1338	816	521	6
QUAL	0	490	540	342	197	13
QUAL	0	491	26	13	9	13
QUAL	0	492	40	18	20	15
QUAL	0	493	56	43	13	21
QUAL	0	494	77	49	27	5
QUAL	0	495	49	31	18	9
QUAL	0	496	71	36	33	14
QUAL	0	497	105	58	47	11
QUAL	0	498	288	177	111	3
QUAL	0	499	246	144	102	8
QUAL	0	500	46	27	19	2
QUAL	0	501	45	24	20	7
QUAL	0	502	61	32	27	12
QUAL	0	503	224	133	90	7
QUAL	0	504	202	115	87	5
QUAL	0	505	49	26	22	1
QUAL	0	506	38	20	17	7
QUAL	0	507	109	54	53	73
QUAL	0	508	119	66	51	12
QUAL	0	509	67	39	26	3
QUAL	0	510	37	17	19	3
QUAL	0	511	53	33	18	6
QUAL	0	512	66	38	27	1
QUAL	0	513	303	178	125	3
QUAL	0	514	290	179	109	6
QUAL	0	515	37	19	17	5
QUAL	0	516	36	16	20	5
QUAL	0	517	79	46	29	5
QUAL	0	518	78	36	41	5
QUAL	0	519	55	26	28	6
QUAL	0	520	105	62	43	10
QUAL	0	521	118	71	47	4
QUAL	0	522	227	121	104	3
QUAL	0	523	1373	843	530	1
QUAL	0	524	1253	760	492	5
QUAL	0	525	21	13	8	3
QUAL	0	526	48	30	17	9
QUAL	0	527	66	32	34	14
QUAL	0	528	72	44	26	4
QUAL	0	529	58	32	25	11
QUAL	0	530	39	18	20	4
QUAL	0	531	71	37	34	4
QUAL	0	532	140	79	60	8
QUAL	0	533	279	163	114	4
QUAL	0	534	198	135	63	12
QUAL	0	535	30	19	11	11
QUAL	0	536	39	21	18	7
QUAL	0	537	71	41	28	7
QUAL	0	538	216	136	79	13
QUAL	0	539	204	120	84	10
QUAL	0	540	32	19	13	11
QUAL	0	541	40	23	14	7
QUAL	0	542	78	44	34	5
QUAL	0	543	83	46	35	3
QUAL	0	544	25	10	14	2
QUAL	0	545	39	17	19	3
QUAL	0	546	63	37	25	8
QUAL	0	547	124	69	55	4
QUAL	0	548	266	161	105	4
QUAL	0	549	202	121	81	1
QUAL	0	550	41	18	22	4
QUAL	0	551	44	22	22	5
QUAL	0	552	112	61	49	66
QUAL	0	553	106	54	51	13
QUAL	0	554	74	40	32	4
QUAL	0	555	102	66	34	6
QUAL	0	556	121	70	49	0
QUAL	0	557	264	160	104	8
QUAL	0	558	1212	756	455	9
QUAL	0	559	1065	661	403	7
QUAL	0	560	23	17	6	6
QUAL	0	561	39	16	19	1
QUAL	0	562	53	28	24	7
QUAL	0	563	65	39	25	2
QUAL	0	564	52	24	26	3
QUAL	0	565	42	18	23	4
QUAL	0	566	83	50	32	13
QUAL	0	567	177	104	72	13
QUAL	0	568	241	164	77	3
QUAL	0	569	176	120	56	5
QUAL	0	570	43	28	15	8
QUAL	0	571	53	28	23	6
QUAL	0	572	103	61	42	5
QUAL	0	573	253	147	106	8
QUAL	0	574	177	112	63	18
QUAL	0	575	34	16	18	5
QUAL	0	576	53	33	20	10
QUAL	0	577	75	48	26	12
QUAL	0	578	66	37	27	3
QUAL	0	579	29	12	16	4
QUAL	0	580	45	22	20	3
QUAL	0	581	62	38	22	1
QUAL	0	582	101	64	37	4
QUAL	0	583	224	133	91	1
QUAL	0	584	179	100	79	0
QUAL	0	585	27	11	16	5
QUAL	0	586	39	22	17	11
QUAL	0	587	91	54	37	10
QUAL	0	588	65	44	20	4
QUAL	0	589	51	22	28	7
QUAL	0	590	99	59	40	10
QUAL	0	591	153	97	55	2
QUAL	0	592	299	186	111	9
QUAL	0	593	1101	655	446	4
QUAL	0	594	861	539	321	6
QUAL	0	595	25	13	11	2
QUAL	0	596	50	25	25	8
QUAL	0	597	112	62	48	56
QUAL	0	598	95	46	46	6
QUAL	0	599	31	13	18	9
QUAL	0	600	50	30	19	7
QUAL	0	601	111	61	47	3
QUAL	0	602	264	162	101	6
QUAL	0	603	224	142	82	5
QUAL	0	604	32	16	15	19
QUAL	0	605	30	10	19	6
QUAL	0	606	54	36	18	4
QUAL	0	607	203	122	81	5
QUAL	0	608	164	112	52	6
QUAL	0	609	26	9	15	4
QUAL	0	610	28	14	11	6
QUAL	0	611	53	29	24	2
QUAL	0	612	81	52	28	0
QUAL	0	613	56	31	23	3
QUAL	0	614	33	16	15	8
QUAL	0	615	41	20	20	16
QUAL	0	616	96	51	45	6
QUAL	0	617	138	77	61	4
QUAL	0	618	209	121	88	0
QUAL	0	619	121	82	39	3
QUAL	0	620	32	17	14	6
QUAL	0	621	45	22	21	6
QUAL	0	622	67	36	31	2
QUAL	0	623	38	20	17	4
QUAL	0	624	40	22	18	4
QUAL	0	625	84	56	28	3
QUAL	0	626	192	117	73	3
QUAL	0	627	376	233	143	3
QUAL	0	628	777	465	311	1
QUAL	0	629	541	338	201	4
QUAL	0	630	44	20	24	3
QUAL	0	631	45	27	16	14
QUAL	0	632	65	34	31	21
QUAL	0	633	55	25	30	1
QUAL	0	634	31	16	14	2
QUAL	0	635	60	31	29	10
QUAL	0	636	137	81	56	3
QUAL	0	637	198	129	69	7
QUAL	0	638	155	95	60	2
QUAL	0	639	34	19	13	7
QUAL	0	640	36	15	19	12
QUAL	0	641	55	32	23	11
QUAL	0	642	222	130	90	87
QUAL	0	643	189	105	82	5
QUAL	0	644	30	17	11	5
QUAL	0	645	37	18	17	7
QUAL	0	646	52	28	21	2
QUAL	0	647	69	41	26	4
QUAL	0	648	36	18	16	5
QUAL	0	649	29	18	9	4
QUAL	0	650	44	21	23	2
QUAL	0	651	68	48	20	10
QUAL	0	652	193	127	66	6
QUAL	0	653	177	114	60	4
QUAL	0	654	29	20	9	8
QUAL	0	655	31	19	12	12
QUAL	0	656	56	26	26	8
QUAL	0	657	43	18	25	0
QUAL	0	658	44	26	15	1
QUAL	0	659	76	39	36	5
QUAL	0	660	91	47	42	2
QUAL	0	661	191	112	79	4
QUAL	0	662	720	431	287	1
QUAL	0	663	565	344	220	3
QUAL	0	664	25	14	10	4
QUAL	0	665	33	16	17	2
QUAL	0	666	26	15	10	7
QUAL	0	667	49	27	22	9
QUAL	0	668	42	18	22	4
QUAL	0	669	38	18	19	4
QUAL	0	670	56	30	25	1
QUAL	0	671	164	103	61	9
QUAL	0	672	158	94	61	3
QUAL	0	673	123	70	52	6
QUAL	0	674	24	14	10	3
QUAL	0	675	43	25	16	13
QUAL	0	676	59	33	26	8
QUAL	0	677	158	91	66	10
QUAL	0	678	130	83	47	11
QUAL	0	679	26	14	12	8
QUAL	0	680	57	31	25	6
QUAL	0	681	72	45	25	5
QUAL	0	682	49	22	25	6
QUAL	0	683	36	24	12	3
QUAL	0	684	26	12	13	8
QUAL	0	685	48	24	23	3
QUAL	0	686	87	48	39	7
QUAL	0	687	161	88	73	49
QUAL	0	688	150	76	74	6
QUAL	0	689	30	15	14	2
QUAL	0	690	35	25	9	2
QUAL	0	691	52	30	22	7
QUAL	0	692	44	25	17	3
QUAL	0	693	38	18	19	4
QUAL	0	694	57	41	16	7
QUAL	0	695	86	48	37	10
QUAL	0	696	166	92	72	12
QUAL	0	697	570	337	232	2
QUAL	0	698	449	273	174	3
QUAL	0	699	31	15	12	2
QUAL	0	700	27	18	8	1
QUAL	0	701	35	20	14	6
QUAL	0	702	52	28	24	2
QUAL	0	703	47	22	25	1
QUAL	0	704	30	17	13	4
QUAL	0	705	112	71	40	5
QUAL	0	706	174	109	65	5
QUAL	0	707	133	80	51	2
QUAL	0	708	79	43	34	0
QUAL	0	709	37	17	19	6
QUAL	0	710	29	23	6	5
QUAL	0	711	55	27	27	10
QUAL	0	712	120	77	43	6
QUAL	0	713	82	54	28	7
QUAL	0	714	36	23	10	4
QUAL	0	715	66	37	28	3
QUAL	0	716	55	32	23	7
QUAL	0	717	44	26	16	9
QUAL	0	718	21	13	7	6
QUAL	0	719	35	15	16	3
QUAL	0	720	60	33	25	11
QUAL	0	721	85	50	32	12
QUAL	0	722	121	76	44	7
QUAL	0	723	92	58	33	11
QUAL	0	724	19	11	7	7
QUAL	0	725	35	16	19	6
QUAL	0	726	45	26	18	2
QUAL	0	727	43	26	15	3
QUAL	0	728	32	16	15	2
QUAL	0	729	56	31	21	9
QUAL	0	730	80	40	40	2
QUAL	0	731	182	102	79	6
QUAL	0	732	404	240	161	65
QUAL	0	733	321	211	110	10
QUAL	0	734	23	12	10	1
QUAL	0	735	38	23	13	9
QUAL	0	736	32	17	13	7
QUAL	0	737	45	26	18	2
QUAL	0	738	50	31	19	0
QUAL	0	739	55	33	22	1
QUAL	0	740	172	99	72	1
QUAL	0	741	208	119	87	5
QUAL	0	742	82	53	25	3
QUAL	0	743	20	9	10	1
QUAL	0	744	28	16	11	3
QUAL	0	745	44	24	19	2
QUAL	0	746	52	33	18	5
QUAL	0	747	103	63	38	1
QUAL	0	748	72	47	23	3
QUAL	0	749	35	20	14	5
QUAL	0	750	67	42	25	5
QUAL	0	751	64	40	23	7
QUAL	0	752	26	18	7	4
QUAL	0	753	30	14	15	7
QUAL	0	754	38	17	18	12
QUAL	0	755	70	34	36	2
QUAL	0	756	76	50	24	3
QUAL	0	757	95	67	27	8
QUAL	0	758	49	28	20	2
QUAL	0	759	23	11	12	0
QUAL	0	760	44	26	16	6
QUAL	0	761	29	14	14	3
QUAL	0	762	23	9	12	1
QUAL	0	763	44	29	15	1
QUAL	0	764	55	32	23	4
QUAL	0	765	119	71	46	5
QUAL	0	766	140	89	51	11
QUAL	0	767	289	182	107	5
QUAL	0	768	192	117	74	8
QUAL	0	769	34	15	17	2
QUAL	0	770	45	19	26	2
QUAL	0	771	32	23	9	3
QUAL	0	772	51	22	26	5
QUAL	0	773	33	19	14	2
QUAL	0	774	79	42	36	4
QUAL	0	775	219	122	96	5
QUAL	0	776	174	102	71	13
QUAL	0	777	96	64	32	65
QUAL	0	778	55	24	30	4
QUAL	0	779	30	10	20	2
QUAL	0	780	47	31	14	3
QUAL	0	781	81	50	31	4
QUAL	0	782	66	41	25	3
QUAL	0	783	25	18	6	2
QUAL	0	784	54	33	21	3
QUAL	0	785	68	42	25	2
QUAL	0	786	35	17	18	6
QUAL	0	787	26	13	13	1
QUAL	0	788	15	7	7	4
QUAL	0	789	39	23	16	4
QUAL	0	790	71	47	23	5
QUAL	0	791	89	50	39	6
QUAL	0	792	59	31	27	4
QUAL	0	793	18	7	10	2
QUAL	0	794	34	21	11	5
QUAL	0	795	33	17	15	6
QUAL	0	796	32	20	12	7
QUAL	0	797	44	25	19	2
QUAL	0	798	33	19	12	4
QUAL	0	799	78	49	29	12
QUAL	0	800	121	66	51	4
QUAL	0	801	230	145	84	3
QUAL	0	802	184	119	65	5
QUAL	0	803	24	9	15	3
QUAL	0	804	36	21	13	2
QUAL	0	805	30	15	14	1
QUAL	0	806	33	19	14	2
QUAL	0	807	61	38	21	2
QUAL	0	808	46	22	24	5
QUAL	0	809	98	61	35	4
QUAL	0	810	257	148	106	7
QUAL	0	811	124	76	47	7
QUAL	0	812	57	32	25	5
QUAL	0	813	28	14	14	7
QUAL	0	814	31	16	12	6
QUAL	0	815	53	31	22	5
QUAL	0	816	75	43	31	10
QUAL	0	817	61	37	23	4
QUAL	0	818	21	14	7	4
QUAL	0	819	77	52	24	6
QUAL	0	820	72	48	24	3
QUAL	0	821	40	22	17	5
QUAL	0	822	38	11	26	34
QUAL	0	823	37	15	21	7
QUAL	0	824	44	26	17	4
QUAL	0	825	70	43	27	2
QUAL	0	826	60	35	24	4
QUAL	0	827	50	27	22	5
QUAL	0	828	19	8	10	2
QUAL	0	829	28	15	13	2
QUAL	0	830	25	9	15	3
QUAL	0	831	30	18	12	9
QUAL	0	832	38	23	14	4
QUAL	0	833	32	13	19	3
QUAL	0	834	74	40	33	1
QUAL	0	835	118	75	43	3
QUAL	0	836	185	110	75	2
QUAL	0	837	129	87	42	1
QUAL	0	838	26	17	7	1
QUAL	0	839	33	20	13	2
QUAL	0	840	33	22	9	3
QUAL	0	841	43	27	15	11
QUAL	0	842	48	33	15	6
QUAL	0	843	66	44	22	7
QUAL	0	844	154	77	74	3
QUAL	0	845	265	165	97	3
QUAL	0	846	101	63	38	5
QUAL	0	847	28	19	9	4
QUAL	0	848	24	13	11	2
QUAL	0	849	35	17	17	4
QUAL	0	850	40	20	20	7
QUAL	0	851	60	39	21	4
QUAL	0	852	57	29	25	3
QUAL	0	853	39	25	14	4
QUAL	0	854	83	49	33	3
QUAL	0	855	73	40	31	6
QUAL	0	856	31	18	11	10
QUAL	0	857	45	19	26	12
QUAL	0	858	25	18	6	2
QUAL	0	859	73	44	28	4
QUAL	0	860	82	49	32	2
QUAL	0	861	66	34	30	2
QUAL	0	862	44	29	14	5
QUAL	0	863	29	14	14	10
QUAL	0	864	44	27	16	3
QUAL	0	865	29	17	12	6
QUAL	0	866	33	19	13	3
QUAL	0	867	47	22	23	28
QUAL	0	868	59	32	27	5
QUAL	0	869	94	58	36	3
QUAL	0	870	101	62	39	4
QUAL	0	871	132	79	52	7
QUAL	0	872	69	41	28	6
QUAL	0	873	15	12	3	7
QUAL	0	874	51	25	24	6
QUAL	0	875	34	15	19	5
QUAL	0	876	28	15	12	7
QUAL	0	877	48	24	24	5
QUAL	0	878	82	47	32	3
QUAL	0	879	190	117	72	0
QUAL	0	880	240	137	103	4
QUAL	0	881	79	45	33	1
QUAL	0	882	13	8	5	3
QUAL	0	883	24	13	11	1
QUAL	0	884	48	25	23	5
QUAL	0	885	34	20	12	4
QUAL	0	886	41	19	21	9
QUAL	0	887	42	29	13	3
QUAL	0	888	38	22	15	1
QUAL	0	889	101	62	38	5
QUAL	0	890	50	31	19	6
QUAL	0	891	29	18	11	4
QUAL	0	892	25	19	5	3
QUAL	0	893	43	23	18	3
QUAL	0	894	77	46	30	1
QUAL	0	895	68	40	28	3
QUAL	0	896	36	18	17	1
QUAL	0	897	29	15	14	1
QUAL	0	898	41	26	12	8
QUAL	0	899	46	28	17	8
QUAL	0	900	26	13	12	2
QUAL	0	901	20	13	7	12
QUAL	0	902	42	22	20	7
QUAL	0	903	55	28	26	2
QUAL	0	904	117	70	44	7
QUAL	0	905	93	54	39	3
QUAL	0	906	65	42	23	6
QUAL	0	907	63	36	27	1
QUAL	0	908	37	18	19	6
QUAL	0	909	38	24	14	4
QUAL	0	910	33	19	14	5
QUAL	0	911	29	13	14	4
QUAL	0	912	63	37	25	24
QUAL	0	913	99	58	41	7
QUAL	0	914	281	167	113	3
QUAL	0	915	188	117	71	3
QUAL	0	916	51	27	23	2
QUAL	0	917	23	10	12	3
QUAL	0	918	20	11	6	2
QUAL	0	919	57	36	20	4
QUAL	0	920	46	27	18	6
QUAL	0	921	42	26	15	2
QUAL	0	922	39	19	17	3
QUAL	0	923	53	33	19	2
QUAL	0	924	120	74	45	2
QUAL	0	925	47	31	15	2
QUAL	0	926	27	14	13	5
QUAL	0	927	34	23	10	4
QUAL	0	928	40	27	13	5
QUAL	0	929	98	61	36	4
QUAL	0	930	55	27	26	0
QUAL	0	931	32	20	12	9
QUAL	0	932	22	13	9	1
QUAL	0	933	42	22	17	6
QUAL	0	934	47	32	15	1
QUAL	0	935	30	14	14	10
QUAL	0	936	38	22	16	5
QUAL	0	937	41	19	19	2
QUAL	0	938	63	32	30	5
QUAL	0	939	128	88	39	2
QUAL	0	940	91	59	31	2
QUAL	0	941	63	37	26	6
QUAL	0	942	18	12	6	2
QUAL	0	943	31	13	18	3
QUAL	0	944	34	17	17	2
QUAL	0	945	36	23	11	4
QUAL	0	946	42	20	21	4
QUAL	0	947	62	40	22	5
QUAL	0	948	108	57	49	0
QUAL	0	949	334	216	117	0
QUAL	0	950	155	102	51	5
QUAL	0	951	31	16	13	2
QUAL	0	952	22	10	10	2
QUAL	0	953	37	28	7	11
QUAL	0	954	41	28	12	4
QUAL	0	955	29	16	12	4
QUAL	0	956	43	30	13	3
QUAL	0	957	38	22	16	22
QUAL	0	958	98	59	37	5
QUAL	0	959	104	67	36	2
QUAL	0	960	52	35	14	7
QUAL	0	961	28	17	10	3
QUAL	0	962	21	12	9	2
QUAL	0	963	59	35	24	3
QUAL	0	964	101	55	44	2
QUAL	0	965	36	22	13	3
QUAL	0	966	22	11	10	8
QUAL	0	967	24	11	13	3
QUAL	0	968	52	33	17	4
QUAL	0	969	27	11	16	2
QUAL	0	970	21	10	11	0
QUAL	0	971	27	16	10	2
QUAL	0	972	44	26	17	2
QUAL	0	973	80	42	38	5
QUAL	0	974	109	73	36	1
QUAL	0	975	74	42	30	3
QUAL	0	976	54	32	22	9
QUAL	0	977	30	18	11	1
QUAL	0	978	40	26	14	1
QUAL	0	979	30	18	12	4
QUAL	0	980	30	16	13	1
QUAL	0	981	40	21	19	2
QUAL	0	982	67	43	24	1
QUAL	0	983	150	94	55	4
QUAL	0	984	333	204	126	6
QUAL	0	985	95	62	32	3
QUAL	0	986	37	16	20	3
QUAL	0	987	26	17	8	5
QUAL	0	988	35	23	12	3
QUAL	0	989	30	21	9	5
QUAL	0	990	28	19	9	6
QUAL	0	991	34	19	14	4
QUAL	0	992	47	27	19	5
QUAL	0	993	101	66	35	2
QUAL	0	994	87	52	35	0
QUAL	0	995	48	31	16	1
QUAL	0	996	31	15	15	1
QUAL	0	997	35	24	11	3
QUAL	0	998	65170	37389	25504	6357
# IDD, InDel distribution:
# IDD	[2]id	[3]length (deletions negative)	[4]count
IDD	0	-60	90
IDD	0	-59	3
IDD	0	-58	4
IDD	0	-57	3
IDD	0	-56	1
IDD	0	-55	3
IDD	0	-54	2
IDD	0	-52	2
IDD	0	-51	2
IDD	0	-50	4
IDD	0	-49	2
IDD	0	-48	3
IDD	0	-47	1
IDD	0	-46	5
IDD	0	-45	3
IDD	0	-44	2
IDD	0	-43	2
IDD	0	-42	4
IDD	0	-41	5
IDD	0	-40	10
IDD	0	-39	1
IDD	0	-38	1
IDD	0	-37	3
IDD	0	-36	6
IDD	0	-35	8
IDD	0	-34	3
IDD	0	-33	1
IDD	0	-32	5
IDD	0	-31	2
IDD	0	-30	16
IDD	0	-29	5
IDD	0	-28	27
IDD	0	-27	2
IDD	0	-26	11
IDD	0	-25	25
IDD	0	-24	17
IDD	0	-23	12
IDD	0	-22	26
IDD	0	-21	10
IDD	0	-20	82
IDD	0	-19	17
IDD	0	-18	36
IDD	0	-17	16
IDD	0	-16	69
IDD	0	-15	177
IDD	0	-14	46
IDD	0	-13	35
IDD	0	-12	170
IDD	0	-11	44
IDD	0	-10	335
IDD	0	-9	66
IDD	0	-8	262
IDD	0	-7	74
IDD	0	-6	275
IDD	0	-5	560
IDD	0	-4	1064
IDD	0	-3	600
IDD	0	-2	1265
IDD	0	-1	3098
IDD	0	1	2794
IDD	0	2	982
IDD	0	3	236
IDD	0	4	690
IDD	0	5	504
IDD	0	6	262
IDD	0	7	31
IDD	0	8	254
IDD	0	9	45
IDD	0	10	220
IDD	0	11	16
IDD	0	12	125
IDD	0	13	19
IDD	0	14	15
IDD	0	15	125
IDD	0	16	56
IDD	0	17	5
IDD	0	18	13
IDD	0	19	7
IDD	0	20	79
IDD	0	21	5
IDD	0	22	11
IDD	0	23	8
IDD	0	24	15
IDD	0	25	19
IDD	0	26	11
IDD	0	27	10
IDD	0	28	23
IDD	0	29	7
IDD	0	30	19
IDD	0	31	2
IDD	0	32	6
IDD	0	33	1
IDD	0	34	3
IDD	0	35	5
IDD	0	36	4
IDD	0	38	5
IDD	0	39	1
IDD	0	40	10
IDD	0	41	2
IDD	0	43	3
IDD	0	44	4
IDD	0	45	5
IDD	0	46	4
IDD	0	47	1
IDD	0	48	1
IDD	0	49	3
IDD	0	50	5
IDD	0	53	1
IDD	0	54	3
IDD	0	55	3
IDD	0	56	5
IDD	0	58	1
IDD	0	59	3
IDD	0	60	35
# ST, Substitution types:
# ST	[2]id	[3]type	[4]count
ST	0	A>C	7672
ST	0	A>G	21110
ST	0	A>T	8377
ST	0	C>A	11235
ST	0	C>G	9024
ST	0	C>T	29500
ST	0	G>A	29815
ST	0	G>C	9033
ST	0	G>T	12510
ST	0	T>A	8621
ST	0	T>C	20779
ST	0	T>G	7804
# DP, Depth distribution
# DP	[2]id	[3]bin	[4]number of genotypes	[5]fraction of genotypes (%)	[6]number of sites	[7]fraction of sites (%)
DP	0	0	1234690	2.669788	0	0.000000
DP	0	1	482689	1.043725	8	0.004342
DP	0	2	527292	1.140171	10	0.005427
DP	0	3	10890242	23.548129	4	0.002171
DP	0	4	11528001	24.927165	4	0.002171
DP	0	5	8003775	17.306679	3	0.001628
DP	0	6	5050457	10.920677	3	0.001628
DP	0	7	2878423	6.224056	2	0.001085
DP	0	8	1609842	3.480985	2	0.001085
DP	0	9	937499	2.027168	5	0.002714
DP	0	10	605085	1.308384	2	0.001085
DP	0	11	412474	0.891899	4	0.002171
DP	0	12	293049	0.633664	0	0.000000
DP	0	13	216736	0.468651	4	0.002171
DP	0	14	165927	0.358786	5	0.002714
DP	0	15	128548	0.277961	3	0.001628
DP	0	16	109314	0.236371	2	0.001085
DP	0	17	91856	0.198622	3	0.001628
DP	0	18	81932	0.177163	2	0.001085
DP	0	19	73307	0.158513	4	0.002171
DP	0	20	63287	0.136846	9	0.004885
DP	0	21	59176	0.127957	5	0.002714
DP	0	22	55575	0.120171	5	0.002714
DP	0	23	52041	0.112529	8	0.004342
DP	0	24	49059	0.106081	6	0.003256
DP	0	25	43814	0.094740	4	0.002171
DP	0	26	41215	0.089120	6	0.003256
DP	0	27	37985	0.082136	4	0.002171
DP	0	28	35727	0.077253	8	0.004342
DP	0	29	33533	0.072509	3	0.001628
DP	0	30	32105	0.069421	1	0.000543
DP	0	31	28003	0.060551	7	0.003799
DP	0	32	26929	0.058229	8	0.004342
DP	0	33	24909	0.053861	4	0.002171
DP	0	34	22813	0.049329	5	0.002714
DP	0	35	22806	0.049314	5	0.002714
DP	0	36	18349	0.039676	9	0.004885
DP	0	37	17621	0.038102	5	0.002714
DP	0	38	16332	0.035315	2	0.001085
DP	0	39	15303	0.033090	4	0.002171
DP	0	40	13665	0.029548	3	0.001628
DP	0	41	12250	0.026488	5	0.002714
DP	0	42	11477	0.024817	3	0.001628
DP	0	43	11054	0.023902	5	0.002714
DP	0	44	9677	0.020925	1	0.000543
DP	0	45	9104	0.019686	3	0.001628
DP	0	46	8503	0.018386	5	0.002714
DP	0	47	7455	0.016120	2	0.001085
DP	0	48	6905	0.014931	6	0.003256
DP	0	49	6719	0.014529	4	0.002171
DP	0	50	6496	0.014046	12	0.006513
DP	0	51	6070	0.013125	9	0.004885
DP	0	52	5441	0.011765	1	0.000543
DP	0	53	5229	0.011307	6	0.003256
DP	0	54	5089	0.011004	5	0.002714
DP	0	55	4606	0.009960	5	0.002714
DP	0	56	4266	0.009224	5	0.002714
DP	0	57	4024	0.008701	6	0.003256
DP	0	58	3819	0.008258	8	0.004342
DP	0	59	3863	0.008353	3	0.001628
DP	0	60	3667	0.007929	4	0.002171
DP	0	61	3347	0.007237	2	0.001085
DP	0	62	3219	0.006960	4	0.002171
DP	0	63	2858	0.006180	1	0.000543
DP	0	64	2679	0.005793	2	0.001085
DP	0	65	2748	0.005942	0	0.000000
DP	0	66	2551	0.005516	2	0.001085
DP	0	67	2560	0.005536	1	0.000543
DP	0	68	2226	0.004813	7	0.003799
DP	0	69	2234	0.004831	2	0.001085
DP	0	70	1941	0.004197	3	0.001628
DP	0	71	1882	0.004069	6	0.003256
DP	0	72	1797	0.003886	7	0.003799
DP	0	73	1967	0.004253	5	0.002714
DP	0	74	1559	0.003371	7	0.003799
DP	0	75	1610	0.003481	3	0.001628
DP	0	76	1580	0.003416	2	0.001085
DP	0	77	1509	0.003263	5	0.002714
DP	0	78	1447	0.003129	3	0.001628
DP	0	79	1384	0.002993	6	0.003256
DP	0	80	1385	0.002995	1	0.000543
DP	0	81	1241	0.002683	5	0.002714
DP	0	82	1213	0.002623	4	0.002171
DP	0	83	1194	0.002582	2	0.001085
DP	0	84	1182	0.002556	4	0.002171
DP	0	85	1231	0.002662	6	0.003256
DP	0	86	1104	0.002387	7	0.003799
DP	0	87	983	0.002126	2	0.001085
DP	0	88	1030	0.002227	1	0.000543
DP	0	89	987	0.002134	4	0.002171
DP	0	90	990	0.002141	0	0.000000
DP	0	91	951	0.002056	0	0.000000
DP	0	92	848	0.001834	9	0.004885
DP	0	93	786	0.001700	5	0.002714
DP	0	94	868	0.001877	3	0.001628
DP	0	95	753	0.001628	7	0.003799
DP	0	96	820	0.001773	4	0.002171
DP	0	97	689	0.001490	2	0.001085
DP	0	98	676	0.001462	5	0.002714
DP	0	99	731	0.001581	3	0.001628
DP	0	100	560	0.001211	4	0.002171
DP	0	101	698	0.001509	3	0.001628
DP	0	102	640	0.001384	1	0.000543
DP	0	103	635	0.001373	6	0.003256
DP	0	104	606	0.001310	2	0.001085
DP	0	105	459	0.000993	2	0.001085
DP	0	106	476	0.001029	0	0.000000
DP	0	107	445	0.000962	3	0.001628
DP	0	108	465	0.001005	4	0.002171
DP	0	109	496	0.001073	4	0.002171
DP	0	110	402	0.000869	4	0.002171
DP	0	111	460	0.000995	4	0.002171
DP	0	112	405	0.000876	2	0.001085
DP	0	113	373	0.000807	2	0.001085
DP	0	114	331	0.000716	3	0.001628
DP	0	115	284	0.000614	3	0.001628
DP	0	116	348	0.000752	3	0.001628
DP	0	117	320	0.000692	3	0.001628
DP	0	118	265	0.000573	4	0.002171
DP	0	119	303	0.000655	2	0.001085
DP	0	120	307	0.000664	2	0.001085
DP	0	121	262	0.000567	2	0.001085
DP	0	122	251	0.000543	5	0.002714
DP	0	123	265	0.000573	2	0.001085
DP	0	124	272	0.000588	2	0.001085
DP	0	125	206	0.000445	0	0.000000
DP	0	126	209	0.000452	4	0.002171
DP	0	127	248	0.000536	2	0.001085
DP	0	128	164	0.000355	2	0.001085
DP	0	129	203	0.000439	2	0.001085
DP	0	130	167	0.000361	2	0.001085
DP	0	131	176	0.000381	2	0.001085
DP	0	132	151	0.000327	5	0.002714
DP	0	133	179	0.000387	4	0.002171
DP	0	134	138	0.000298	3	0.001628
DP	0	135	152	0.000329	3	0.001628
DP	0	136	193	0.000417	4	0.002171
DP	0	137	134	0.000290	7	0.003799
DP	0	138	138	0.000298	5	0.002714
DP	0	139	109	0.000236	4	0.002171
DP	0	140	134	0.000290	1	0.000543
DP	0	141	108	0.000234	3	0.001628
DP	0	142	99	0.000214	1	0.000543
DP	0	143	106	0.000229	4	0.002171
DP	0	144	105	0.000227	6	0.003256
DP	0	145	103	0.000223	4	0.002171
DP	0	146	128	0.000277	3	0.001628
DP	0	147	89	0.000192	4	0.002171
DP	0	148	88	0.000190	3	0.001628
DP	0	149	101	0.000218	3	0.001628
DP	0	150	79	0.000171	1	0.000543
DP	0	151	80	0.000173	4	0.002171
DP	0	152	69	0.000149	2	0.001085
DP	0	153	72	0.000156	1	0.000543
DP	0	154	81	0.000175	5	0.002714
DP	0	155	59	0.000128	3	0.001628
DP	0	156	50	0.000108	4	0.002171
DP	0	157	67	0.000145	2	0.001085
DP	0	158	78	0.000169	3	0.001628
DP	0	159	68	0.000147	0	0.000000
DP	0	160	58	0.000125	3	0.001628
DP	0	161	81	0.000175	0	0.000000
DP	0	162	47	0.000102	3	0.001628
DP	0	163	57	0.000123	0	0.000000
DP	0	164	53	0.000115	4	0.002171
DP	0	165	69	0.000149	1	0.000543
DP	0	166	61	0.000132	3	0.001628
DP	0	167	55	0.000119	3	0.001628
DP	0	168	42	0.000091	3	0.001628
DP	0	169	43	0.000093	6	0.003256
DP	0	170	78	0.000169	1	0.000543
DP	0	171	42	0.000091	1	0.000543
DP	0	172	48	0.000104	2	0.001085
DP	0	173	33	0.000071	0	0.000000
DP	0	174	47	0.000102	3	0.001628
DP	0	175	30	0.000065	1	0.000543
DP	0	176	55	0.000119	2	0.001085
DP	0	177	40	0.000086	1	0.000543
DP	0	178	41	0.000089	1	0.000543
DP	0	179	33	0.000071	1	0.000543
DP	0	180	20	0.000043	2	0.001085
DP	0	181	32	0.000069	4	0.002171
DP	0	182	22	0.000048	2	0.001085
DP	0	183	26	0.000056	1	0.000543
DP	0	184	40	0.000086	3	0.001628
DP	0	185	29	0.000063	2	0.001085
DP	0	186	24	0.000052	2	0.001085
DP	0	187	24	0.000052	6	0.003256
DP	0	188	18	0.000039	2	0.001085
DP	0	189	28	0.000061	1	0.000543
DP	0	190	32	0.000069	3	0.001628
DP	0	191	27	0.000058	0	0.000000
DP	0	192	14	0.000030	2	0.001085
DP	0	193	19	0.000041	2	0.001085
DP	0	194	21	0.000045	2	0.001085
DP	0	195	25	0.000054	1	0.000543
DP	0	196	21	0.000045	1	0.000543
DP	0	197	23	0.000050	0	0.000000
DP	0	198	27	0.000058	2	0.001085
DP	0	199	23	0.000050	1	0.000543
DP	0	200	34	0.000074	2	0.001085
DP	0	201	23	0.000050	2	0.001085
DP	0	202	16	0.000035	2	0.001085
DP	0	203	25	0.000054	2	0.001085
DP	0	204	22	0.000048	2	0.001085
DP	0	205	33	0.000071	2	0.001085
DP	0	206	12	0.000026	3	0.001628
DP	0	207	13	0.000028	1	0.000543
DP	0	208	13	0.000028	3	0.001628
DP	0	209	21	0.000045	1	0.000543
DP	0	210	24	0.000052	1	0.000543
DP	0	211	29	0.000063	1	0.000543
DP	0	212	19	0.000041	4	0.002171
DP	0	213	19	0.000041	1	0.000543
DP	0	214	15	0.000032	0	0.000000
DP	0	215	15	0.000032	1	0.000543
DP	0	216	18	0.000039	1	0.000543
DP	0	217	21	0.000045	3	0.001628
DP	0	218	17	0.000037	0	0.000000
DP	0	219	16	0.000035	0	0.000000
DP	0	220	18	0.000039	2	0.001085
DP	0	221	23	0.000050	0	0.000000
DP	0	222	21	0.000045	2	0.001085
DP	0	223	24	0.000052	1	0.000543
DP	0	224	15	0.000032	4	0.002171
DP	0	225	15	0.000032	3	0.001628
DP	0	226	20	0.000043	3	0.001628
DP	0	227	14	0.000030	0	0.000000
DP	0	228	23	0.000050	4	0.002171
DP	0	229	14	0.000030	6	0.003256
DP	0	230	16	0.000035	1	0.000543
DP	0	231	10	0.000022	1	0.000543
DP	0	232	12	0.000026	1	0.000543
DP	0	233	8	0.000017	1	0.000543
DP	0	234	25	0.000054	5	0.002714
DP	0	235	19	0.000041	4	0.002171
DP	0	236	21	0.000045	3	0.001628
DP	0	237	8	0.000017	1	0.000543
DP	0	238	15	0.000032	3	0.001628
DP	0	239	19	0.000041	1	0.000543
DP	0	240	13	0.000028	3	0.001628
DP	0	241	17	0.000037	1	0.000543
DP	0	242	18	0.000039	1	0.000543
DP	0	243	12	0.000026	1	0.000543
DP	0	244	8	0.000017	2	0.001085
DP	0	245	17	0.000037	1	0.000543
DP	0	246	12	0.000026	3	0.001628
DP	0	247	15	0.000032	4	0.002171
DP	0	248	10	0.000022	3	0.001628
DP	0	249	10	0.000022	2	0.001085
DP	0	250	17	0.000037	2	0.001085
DP	0	251	18	0.000039	3	0.001628
DP	0	252	15	0.000032	4	0.002171
DP	0	253	14	0.000030	2	0.001085
DP	0	254	16	0.000035	2	0.001085
DP	0	255	11	0.000024	8	0.004342
DP	0	256	11	0.000024	2	0.001085
DP	0	257	9	0.000019	1	0.000543
DP	0	258	10	0.000022	3	0.001628
DP	0	259	7	0.000015	2	0.001085
DP	0	260	5	0.000011	1	0.000543
DP	0	261	12	0.000026	4	0.002171
DP	0	262	9	0.000019	2	0.001085
DP	0	263	16	0.000035	0	0.000000
DP	0	264	9	0.000019	1	0.000543
DP	0	265	7	0.000015	2	0.001085
DP	0	266	12	0.000026	1	0.000543
DP	0	267	3	0.000006	4	0.002171
DP	0	268	15	0.000032	3	0.001628
DP	0	269	10	0.000022	1	0.000543
DP	0	270	12	0.000026	4	0.002171
DP	0	271	7	0.000015	5	0.002714
DP	0	272	17	0.000037	2	0.001085
DP	0	273	14	0.000030	2	0.001085
DP	0	274	13	0.000028	6	0.003256
DP	0	275	15	0.000032	2	0.001085
DP	0	276	10	0.000022	4	0.002171
DP	0	277	9	0.000019	3	0.001628
DP	0	278	7	0.000015	1	0.000543
DP	0	279	7	0.000015	2	0.001085
DP	0	280	12	0.000026	2	0.001085
DP	0	281	7	0.000015	4	0.002171
DP	0	282	11	0.000024	2	0.001085
DP	0	283	14	0.000030	3	0.001628
DP	0	284	11	0.000024	0	0.000000
DP	0	285	11	0.000024	4	0.002171
DP	0	286	10	0.000022	0	0.000000
DP	0	287	9	0.000019	2	0.001085
DP	0	288	4	0.000009	1	0.000543
DP	0	289	11	0.000024	2	0.001085
DP	0	290	7	0.000015	0	0.000000
DP	0	291	6	0.000013	1	0.000543
DP	0	292	7	0.000015	2	0.001085
DP	0	293	10	0.000022	5	0.002714
DP	0	294	10	0.000022	0	0.000000
DP	0	295	9	0.000019	1	0.000543
DP	0	296	5	0.000011	1	0.000543
DP	0	297	10	0.000022	3	0.001628
DP	0	298	11	0.000024	2	0.001085
DP	0	299	11	0.000024	2	0.001085
DP	0	300	8	0.000017	1	0.000543
DP	0	301	2	0.000004	0	0.000000
DP	0	302	7	0.000015	1	0.000543
DP	0	303	7	0.000015	0	0.000000
DP	0	304	4	0.000009	1	0.000543
DP	0	305	6	0.000013	1	0.000543
DP	0	306	4	0.000009	3	0.001628
DP	0	307	5	0.000011	1	0.000543
DP	0	308	12	0.000026	3	0.001628
DP	0	309	4	0.000009	1	0.000543
DP	0	310	9	0.000019	2	0.001085
DP	0	311	4	0.000009	5	0.002714
DP	0	312	5	0.000011	2	0.001085
DP	0	313	6	0.000013	1	0.000543
DP	0	314	6	0.000013	1	0.000543
DP	0	315	2	0.000004	5	0.002714
DP	0	316	5	0.000011	1	0.000543
DP	0	317	7	0.000015	0	0.000000
DP	0	318	4	0.000009	2	0.001085
DP	0	319	11	0.000024	1	0.000543
DP	0	320	13	0.000028	1	0.000543
DP	0	321	11	0.000024	2	0.001085
DP	0	322	4	0.000009	4	0.002171
DP	0	323	6	0.000013	4	0.002171
DP	0	324	6	0.000013	2	0.001085
DP	0	325	8	0.000017	2	0.001085
DP	0	326	6	0.000013	0	0.000000
DP	0	327	8	0.000017	1	0.000543
DP	0	328	9	0.000019	3	0.001628
DP	0	329	6	0.000013	0	0.000000
DP	0	330	6	0.000013	3	0.001628
DP	0	331	6	0.000013	1	0.000543
DP	0	332	7	0.000015	2	0.001085
DP	0	333	2	0.000004	1	0.000543
DP	0	334	6	0.000013	1	0.000543
DP	0	335	4	0.000009	1	0.000543
DP	0	336	6	0.000013	2	0.001085
DP	0	337	9	0.000019	4	0.002171
DP	0	338	2	0.000004	0	0.000000
DP	0	339	8	0.000017	1	0.000543
DP	0	340	6	0.000013	5	0.002714
DP	0	341	11	0.000024	1	0.000543
DP	0	342	4	0.000009	0	0.000000
DP	0	343	11	0.000024	0	0.000000
DP	0	344	10	0.000022	0	0.000000
DP	0	345	2	0.000004	2	0.001085
DP	0	346	6	0.000013	3	0.001628
DP	0	347	7	0.000015	2	0.001085
DP	0	348	4	0.000009	1	0.000543
DP	0	349	7	0.000015	3	0.001628
DP	0	350	11	0.000024	1	0.000543
DP	0	351	7	0.000015	3	0.001628
DP	0	352	4	0.000009	3	0.001628
DP	0	353	4	0.000009	0	0.000000
DP	0	354	6	0.000013	1	0.000543
DP	0	355	11	0.000024	8	0.004342
DP	0	356	12	0.000026	4	0.002171
DP	0	357	4	0.000009	4	0.002171
DP	0	358	5	0.000011	3	0.001628
DP	0	359	5	0.000011	3	0.001628
DP	0	360	7	0.000015	3	0.001628
DP	0	361	8	0.000017	4	0.002171
DP	0	362	6	0.000013	3	0.001628
DP	0	363	10	0.000022	1	0.000543
DP	0	364	14	0.000030	1	0.000543
DP	0	365	5	0.000011	1	0.000543
DP	0	366	9	0.000019	3	0.001628
DP	0	367	9	0.000019	3	0.001628
DP	0	368	10	0.000022	3	0.001628
DP	0	369	7	0.000015	2	0.001085
DP	0	370	8	0.000017	0	0.000000
DP	0	371	12	0.000026	2	0.001085
DP	0	372	14	0.000030	3	0.001628
DP	0	373	7	0.000015	2	0.001085
DP	0	374	10	0.000022	3	0.001628
DP	0	375	8	0.000017	2	0.001085
DP	0	376	6	0.000013	1	0.000543
DP	0	377	7	0.000015	2	0.001085
DP	0	378	12	0.000026	3	0.001628
DP	0	379	10	0.000022	3	0.001628
DP	0	380	10	0.000022	1	0.000543
DP	0	381	8	0.000017	0	0.000000
DP	0	382	6	0.000013	7	0.003799
DP	0	383	7	0.000015	1	0.000543
DP	0	384	6	0.000013	3	0.001628
DP	0	385	8	0.000017	2	0.001085
DP	0	386	7	0.000015	2	0.001085
DP	0	387	5	0.000011	1	0.000543
DP	0	388	6	0.000013	1	0.000543
DP	0	389	6	0.000013	3	0.001628
DP	0	390	8	0.000017	1	0.000543
DP	0	391	3	0.000006	4	0.002171
DP	0	392	10	0.000022	1	0.000543
DP	0	393	4	0.000009	1	0.000543
DP	0	394	5	0.000011	2	0.001085
DP	0	395	6	0.000013	2	0.001085
DP	0	396	6	0.000013	4	0.002171
DP	0	397	7	0.000015	0	0.000000
DP	0	398	5	0.000011	2	0.001085
DP	0	399	5	0.000011	1	0.000543
DP	0	400	7	0.000015	2	0.001085
DP	0	401	8	0.000017	3	0.001628
DP	0	402	5	0.000011	1	0.000543
DP	0	403	5	0.000011	0	0.000000
DP	0	404	6	0.000013	2	0.001085
DP	0	405	5	0.000011	0	0.000000
DP	0	406	7	0.000015	1	0.000543
DP	0	407	8	0.000017	1	0.000543
DP	0	408	8	0.000017	0	0.000000
DP	0	409	4	0.000009	2	0.001085
DP	0	410	4	0.000009	4	0.002171
DP	0	411	7	0.000015	2	0.001085
DP	0	412	5	0.000011	1	0.000543
DP	0	413	5	0.000011	2	0.001085
DP	0	414	1	0.000002	3	0.001628
DP	0	415	2	0.000004	4	0.002171
DP	0	416	11	0.000024	1	0.000543
DP	0	417	4	0.000009	1	0.000543
DP	0	418	11	0.000024	1	0.000543
DP	0	419	7	0.000015	1	0.000543
DP	0	420	11	0.000024	2	0.001085
DP	0	421	7	0.000015	3	0.001628
DP	0	422	4	0.000009	1	0.000543
DP	0	423	1	0.000002	1	0.000543
DP	0	424	2	0.000004	4	0.002171
DP	0	425	5	0.000011	3	0.001628
DP	0	426	7	0.000015	0	0.000000
DP	0	427	6	0.000013	2	0.001085
DP	0	428	6	0.000013	1	0.000543
DP	0	429	6	0.000013	2	0.001085
DP	0	430	4	0.000009	0	0.000000
DP	0	431	6	0.000013	2	0.001085
DP	0	432	3	0.000006	4	0.002171
DP	0	433	4	0.000009	1	0.000543
DP	0	434	5	0.000011	4	0.002171
DP	0	435	2	0.000004	4	0.002171
DP	0	436	4	0.000009	2	0.001085
DP	0	437	2	0.000004	2	0.001085
DP	0	438	5	0.000011	2	0.001085
DP	0	439	6	0.000013	1	0.000543
DP	0	440	4	0.000009	3	0.001628
DP	0	441	0	0.000000	6	0.003256
DP	0	442	8	0.000017	1	0.000543
DP	0	443	6	0.000013	6	0.003256
DP	0	444	4	0.000009	3	0.001628
DP	0	445	3	0.000006	4	0.002171
DP	0	446	6	0.000013	6	0.003256
DP	0	447	6	0.000013	0	0.000000
DP	0	448	4	0.000009	3	0.001628
DP	0	449	8	0.000017	0	0.000000
DP	0	450	6	0.000013	0	0.000000
DP	0	451	3	0.000006	2	0.001085
DP	0	452	3	0.000006	2	0.001085
DP	0	453	4	0.000009	1	0.000543
DP	0	454	2	0.000004	0	0.000000
DP	0	455	3	0.000006	2	0.001085
DP	0	456	2	0.000004	1	0.000543
DP	0	457	2	0.000004	4	0.002171
DP	0	458	4	0.000009	2	0.001085
DP	0	459	3	0.000006	2	0.001085
DP	0	460	10	0.000022	0	0.000000
DP	0	461	3	0.000006	0	0.000000
DP	0	462	3	0.000006	2	0.001085
DP	0	463	8	0.000017	5	0.002714
DP	0	464	2	0.000004	3	0.001628
DP	0	465	2	0.000004	4	0.002171
DP	0	466	2	0.000004	1	0.000543
DP	0	467	3	0.000006	0	0.000000
DP	0	468	2	0.000004	2	0.001085
DP	0	469	3	0.000006	0	0.000000
DP	0	470	3	0.000006	2	0.001085
DP	0	471	2	0.000004	2	0.001085
DP	0	472	5	0.000011	2	0.001085
DP	0	473	3	0.000006	2	0.001085
DP	0	474	4	0.000009	2	0.001085
DP	0	475	0	0.000000	3	0.001628
DP	0	476	2	0.000004	4	0.002171
DP	0	477	2	0.000004	3	0.001628
DP	0	478	3	0.000006	0	0.000000
DP	0	479	2	0.000004	2	0.001085
DP	0	480	2	0.000004	2	0.001085
DP	0	481	3	0.000006	0	0.000000
DP	0	482	1	0.000002	4	0.002171
DP	0	483	2	0.000004	4	0.002171
DP	0	484	2	0.000004	0	0.000000
DP	0	485	5	0.000011	2	0.001085
DP	0	486	5	0.000011	1	0.000543
DP	0	487	0	0.000000	2	0.001085
DP	0	488	1	0.000002	2	0.001085
DP	0	489	2	0.000004	1	0.000543
DP	0	490	2	0.000004	2	0.001085
DP	0	491	1	0.000002	2	0.001085
DP	0	492	5	0.000011	2	0.001085
DP	0	493	2	0.000004	1	0.000543
DP	0	494	2	0.000004	1	0.000543
DP	0	495	1	0.000002	1	0.000543
DP	0	496	3	0.000006	3	0.001628
DP	0	497	3	0.000006	1	0.000543
DP	0	498	4	0.000009	2	0.001085
DP	0	499	0	0.000000	1	0.000543
DP	0	500	1	0.000002	1	0.000543
DP	0	>500	211	0.000456	182970	99.302597
# PSC, Per-sample counts. Note that the ref/het/hom counts include only SNPs, for indels see PSI. The rest include both SNPs and indels.
# PSC	[2]id	[3]sample	[4]nRefHom	[5]nNonRefHom	[6]nHets	[7]nTransitions	[8]nTransversions	[9]nIndels	[10]average depth	[11]nSingletons	[12]nHapRef	[13]nHapAlt	[14]nMissing
PSC	0	HG00185	0	0	0	0	0	0	6.0	0	172594	3373	8288
PSC	0	HG00243	0	0	0	0	0	0	4.8	0	177836	1540	4879
PSC	0	HG00116	0	0	0	0	0	0	5.1	0	179317	1553	3385
PSC	0	HG00142	0	0	0	0	0	0	5.9	0	175469	1469	7317
PSC	0	HG00159	0	0	0	0	0	0	6.1	0	173743	3463	7049
PSC	0	HG00267	0	0	0	0	0	0	5.2	0	178879	1542	3834
PSC	0	HG00096	0	0	0	0	0	0	5.4	0	178711	1550	3994
PSC	0	HG00109	0	0	0	0	0	0	5.6	0	177363	2368	4524
PSC	0	HG00351	0	0	0	0	0	0	5.5	0	172803	3376	8076
PSC	0	HG00375	0	0	0	0	0	0	6.4	0	173436	3455	7364
PSC	0	HG00382	0	0	0	0	0	0	5.8	0	177337	2289	4629
PSC	0	HG00325	0	0	0	0	0	0	5.6	0	173768	3471	7016
PSC	0	HG01506	0	0	0	0	0	0	4.7	0	178934	1491	3830
PSC	0	HG01669	0	0	0	0	0	0	4.4	0	178886	1489	3880
PSC	0	HG01619	0	0	0	0	0	0	5.9	0	175041	3505	5709
PSC	0	HG01518	0	0	0	0	0	0	5.9	0	178501	1526	4228
PSC	0	HG01708	0	0	0	0	0	0	4.4	0	178660	1487	4108
PSC	0	HG01765	0	0	0	0	0	0	6.0	0	178861	1450	3944
PSC	0	HG01789	0	0	0	0	0	0	5.0	0	178699	1659	3897
PSC	0	HG01791	0	0	0	0	0	0	5.8	0	178516	1463	4276
PSC	0	HG01777	0	0	0	0	0	0	4.6	0	178962	1481	3812
PSC	0	HG00103	0	0	0	0	0	0	6.0	0	178130	1481	4644
PSC	0	HG00108	0	0	0	0	0	0	11.1	0	178963	1473	3819
PSC	0	HG00273	0	0	0	0	0	0	8.7	0	173401	3522	7332
PSC	0	HG00278	0	0	0	0	0	0	6.3	0	173583	3553	7119
PSC	0	HG00280	0	0	0	0	0	0	5.8	0	173383	3530	7342
PSC	0	HG00329	0	0	0	0	0	0	9.2	0	173526	3419	7310
PSC	0	HG00336	0	0	0	0	0	0	6.4	0	173332	3368	7555
PSC	0	HG00139	0	0	0	0	0	0	4.5	0	178451	1580	4224
PSC	0	HG00141	0	0	0	0	0	0	5.1	0	178670	1534	4051
PSC	0	HG00160	0	0	0	0	0	0	6.9	0	174551	3496	6208
PSC	0	HG00189	0	0	0	0	0	0	4.5	0	173721	3453	7081
PSC	0	HG00242	0	0	0	0	0	0	5.2	0	179215	1511	3529
PSC	0	HG00115	0	0	0	0	0	0	5.7	0	178505	1581	4169
PSC	0	NA11917	0	0	0	0	0	0	4.8	0	174895	4364	4996
PSC	0	NA06994	0	0	0	0	0	0	4.7	0	173375	3470	7410
PSC	0	NA12155	0	0	0	0	0	0	4.8	0	177053	2445	4757
PSC	0	NA12282	0	0	0	0	0	0	6.1	0	175335	3460	5460
PSC	0	NA12340	0	0	0	0	0	0	4.9	0	179044	1561	3650
PSC	0	NA07435	0	0	0	0	0	0	5.0	0	174346	3600	6309
PSC	0	HG01334	0	0	0	0	0	0	6.2	0	178700	1480	4075
PSC	0	NA12775	0	0	0	0	0	0	4.7	0	179087	1346	3822
PSC	0	HG01536	0	0	0	0	0	0	5.5	0	178852	1626	3777
PSC	0	NA12814	0	0	0	0	0	0	4.7	0	178672	1459	4124
PSC	0	HG01500	0	0	0	0	0	0	4.6	0	178501	1609	4145
PSC	0	HG01606	0	0	0	0	0	0	4.9	0	178756	1429	4070
PSC	0	HG01512	0	0	0	0	0	0	4.6	0	174186	3698	6371
PSC	0	HG01524	0	0	0	0	0	0	5.4	0	178214	1537	4504
PSC	0	HG01694	0	0	0	0	0	0	4.7	0	178956	1405	3894
PSC	0	HG01699	0	0	0	0	0	0	4.9	0	174062	4165	6028
PSC	0	HG01783	0	0	0	0	0	0	5.1	0	178855	1424	3976
PSC	0	HG01625	0	0	0	0	0	0	4.8	0	178850	1469	3936
PSC	0	HG01771	0	0	0	0	0	0	5.6	0	179172	1484	3599
PSC	0	HG01675	0	0	0	0	0	0	5.2	0	178825	1555	3875
PSC	0	HG01682	0	0	0	0	0	0	5.7	0	178824	1490	3941
PSC	0	HG02236	0	0	0	0	0	0	5.4	0	163411	3264	17580
PSC	0	HG02224	0	0	0	0	0	0	4.6	0	174157	3616	6482
PSC	0	HG02231	0	0	0	0	0	0	4.9	0	178422	1444	4389
PSC	0	NA20519	0	0	0	0	0	0	5.0	0	178885	1536	3834
PSC	0	NA20521	0	0	0	0	0	0	5.6	0	164249	3278	16728
PSC	0	NA20759	0	0	0	0	0	0	4.8	0	179167	1527	3561
PSC	0	NA20778	0	0	0	0	0	0	5.1	0	162891	3317	18047
PSC	0	NA20785	0	0	0	0	0	0	6.1	0	179355	1480	3420
PSC	0	NA20792	0	0	0	0	0	0	5.1	0	179234	1466	3555
PSC	0	NA20538	0	0	0	0	0	0	5.2	0	178909	1508	3838
PSC	0	NA20588	0	0	0	0	0	0	5.8	0	174853	3506	5896
PSC	0	NA20754	0	0	0	0	0	0	5.1	0	175038	1729	7488
PSC	0	NA20805	0	0	0	0	0	0	4.8	0	162961	3299	17995
PSC	0	NA20812	0	0	0	0	0	0	6.8	0	179003	1427	3825
PSC	0	HG00182	0	0	0	0	0	0	5.5	0	173259	3433	7563
PSC	0	HG00187	0	0	0	0	0	0	4.8	0	173170	3417	7668
PSC	0	HG00252	0	0	0	0	0	0	5.9	0	173869	3539	6847
PSC	0	HG00264	0	0	0	0	0	0	5.6	0	178630	1542	4083
PSC	0	HG00271	0	0	0	0	0	0	5.8	0	173376	3478	7401
PSC	0	HG00149	0	0	0	0	0	0	5.1	0	178987	1413	3855
PSC	0	HG00151	0	0	0	0	0	0	4.5	0	177363	2379	4513
PSC	0	HG00101	0	0	0	0	0	0	5.8	0	173949	3413	6893
PSC	0	HG00113	0	0	0	0	0	0	4.9	0	176232	2602	5421
PSC	0	HG00341	0	0	0	0	0	0	5.2	0	173304	3335	7616
PSC	0	HG00358	0	0	0	0	0	0	6.4	0	173577	3450	7228
PSC	0	HG00360	0	0	0	0	0	0	6.2	0	174878	3407	5970
PSC	0	HG00372	0	0	0	0	0	0	6.4	0	173732	3590	6933
PSC	0	HG00143	0	0	0	0	0	0	7.8	0	178241	1552	4462
PSC	0	HG00148	0	0	0	0	0	0	5.4	0	178443	1501	4311
PSC	0	HG00155	0	0	0	0	0	0	5.1	0	178610	1430	4215
PSC	0	HG00117	0	0	0	0	0	0	5.3	0	174134	3402	6719
PSC	0	HG00129	0	0	0	0	0	0	5.5	0	178072	1542	4641
PSC	0	HG00131	0	0	0	0	0	0	6.1	0	178956	1509	3790
PSC	0	HG00136	0	0	0	0	0	0	5.7	0	172928	3465	7862
PSC	0	HG00290	0	0	0	0	0	0	7.5	0	173785	3538	6932
PSC	0	HG00105	0	0	0	0	0	0	5.0	0	178663	1540	4052
PSC	0	HG00308	0	0	0	0	0	0	5.4	0	173563	3419	7273
PSC	0	HG00112	0	0	0	0	0	0	5.1	0	178805	1518	3932
PSC	0	HG00310	0	0	0	0	0	0	5.3	0	173161	3614	7480
PSC	0	HG00251	0	0	0	0	0	0	4.7	0	179007	1457	3791
PSC	0	HG00256	0	0	0	0	0	0	5.6	0	178075	1610	4570
PSC	0	HG00369	0	0	0	0	0	0	5.1	0	173872	3541	6842
PSC	0	HG00371	0	0	0	0	0	0	5.2	0	173604	3437	7214
PSC	0	HG00181	0	0	0	0	0	0	5.1	0	174743	3622	5890
PSC	0	HG00186	0	0	0	0	0	0	10.7	0	174012	3456	6787
PSC	0	HG00244	0	0	0	0	0	0	5.7	0	178579	1496	4180
PSC	0	NA07357	0	0	0	0	0	0	4.7	0	178985	1536	3734
PSC	0	NA06986	0	0	0	0	0	0	5.3	0	178248	1452	4555
PSC	0	HG00321	0	0	0	0	0	0	5.2	0	174858	3719	5678
PSC	0	HG00338	0	0	0	0	0	0	4.7	0	173274	3424	7557
PSC	0	HG00345	0	0	0	0	0	0	4.6	0	173768	3507	6980
PSC	0	NA06993	0	0	0	0	0	0	5.5	0	178847	1628	3780
PSC	0	NA12748	0	0	0	0	0	0	5.6	0	174699	3558	5998
PSC	0	NA12750	0	0	0	0	0	0	5.7	0	173882	3438	6935
PSC	0	NA12762	0	0	0	0	0	0	6.8	0	179032	1523	3700
PSC	0	NA12286	0	0	0	0	0	0	3.0	0	174273	3802	6180
PSC	0	NA12399	0	0	0	0	0	0	4.8	0	179253	1458	3544
PSC	0	NA12546	0	0	0	0	0	0	5.4	0	174265	3706	6284
PSC	0	NA11839	0	0	0	0	0	0	5.6	0	179017	1536	3702
PSC	0	HG01503	0	0	0	0	0	0	5.7	0	178824	1431	4000
PSC	0	NA11891	0	0	0	0	0	0	5.7	0	179034	1468	3753
PSC	0	NA11930	0	0	0	0	0	0	5.1	0	174895	3373	5987
PSC	0	NA11992	0	0	0	0	0	0	5.5	0	174275	3553	6427
PSC	0	NA12003	0	0	0	0	0	0	5.8	0	173364	3569	7322
PSC	0	NA12154	0	0	0	0	0	0	4.8	0	178813	1498	3944
PSC	0	NA12248	0	0	0	0	0	0	5.0	0	179244	1389	3622
PSC	0	NA12274	0	0	0	0	0	0	6.1	0	179122	1454	3679
PSC	0	HG01515	0	0	0	0	0	0	5.1	0	178716	1546	3993
PSC	0	HG01527	0	0	0	0	0	0	5.1	0	174989	3551	5715
PSC	0	HG01700	0	0	0	0	0	0	5.7	0	178835	1407	4013
PSC	0	HG01705	0	0	0	0	0	0	5.2	0	178760	1438	4057
PSC	0	HG01630	0	0	0	0	0	0	6.5	0	178898	1583	3774
PSC	0	HG01678	0	0	0	0	0	0	5.2	0	178621	1552	4082
PSC	0	HG01680	0	0	0	0	0	0	5.8	0	173222	4273	6760
PSC	0	HG01767	0	0	0	0	0	0	5.1	0	178558	1379	4318
PSC	0	HG01781	0	0	0	0	0	0	4.9	0	164050	3274	16931
PSC	0	HG01603	0	0	0	0	0	0	6.3	0	179089	1563	3603
PSC	0	HG01521	0	0	0	0	0	0	5.3	0	178827	1482	3946
PSC	0	HG01672	0	0	0	0	0	0	5.1	0	163059	3202	17994
PSC	0	HG01608	0	0	0	0	0	0	6.0	0	178836	1396	4023
PSC	0	HG01610	0	0	0	0	0	0	7.1	0	172770	3455	8030
PSC	0	HG01615	0	0	0	0	0	0	4.7	0	179053	1667	3535
PSC	0	HG01709	0	0	0	0	0	0	5.2	0	178673	1493	4089
PSC	0	HG01747	0	0	0	0	0	0	5.8	0	178713	1528	4014
PSC	0	HG01761	0	0	0	0	0	0	5.2	0	178442	1418	4395
PSC	0	HG01785	0	0	0	0	0	0	5.0	0	178988	1510	3757
PSC	0	NA20513	0	0	0	0	0	0	4.8	0	163457	3153	17645
PSC	0	NA20518	0	0	0	0	0	0	4.6	0	178570	1538	4147
PSC	0	HG02238	0	0	0	0	0	0	4.8	0	178333	1594	4328
PSC	0	HG02219	0	0	0	0	0	0	5.3	0	178882	1517	3856
PSC	0	HG02221	0	0	0	0	0	0	5.6	0	178179	1658	4418
PSC	0	HG02233	0	0	0	0	0	0	4.8	0	178596	1496	4163
PSC	0	NA20520	0	0	0	0	0	0	4.9	0	174774	3640	5841
PSC	0	NA20525	0	0	0	0	0	0	4.5	0	174742	3362	6151
PSC	0	NA20532	0	0	0	0	0	0	5.4	0	178149	1598	4508
PSC	0	NA20544	0	0	0	0	0	0	4.7	0	174307	4265	5683
PSC	0	NA20796	0	0	0	0	0	0	5.3	0	177472	2373	4410
PSC	0	NA20809	0	0	0	0	0	0	4.7	0	162876	3405	17974
PSC	0	NA20811	0	0	0	0	0	0	5.1	0	174565	3518	6172
PSC	0	NA20758	0	0	0	0	0	0	5.0	0	174315	3290	6650
PSC	0	NA20765	0	0	0	0	0	0	5.9	0	164201	3150	16904
PSC	0	NA11919	0	0	0	0	0	0	5.0	0	172877	3433	7945
PSC	0	NA06984	0	0	0	0	0	0	6.1	0	178934	1445	3876
PSC	0	NA12342	0	0	0	0	0	0	6.3	0	178838	1517	3900
PSC	0	NA12347	0	0	0	0	0	0	6.7	0	178918	1518	3819
PSC	0	NA12056	0	0	0	0	0	0	6.6	0	179163	1446	3646
PSC	0	NA12272	0	0	0	0	0	0	6.1	0	178922	1477	3856
PSC	0	NA12842	0	0	0	0	0	0	5.7	0	178727	1558	3970
PSC	0	NA11829	0	0	0	0	0	0	4.9	0	173988	3494	6773
PSC	0	NA11831	0	0	0	0	0	0	4.9	0	179098	1509	3648
PSC	0	NA11843	0	0	0	0	0	0	4.6	0	176888	2306	5061
PSC	0	NA11881	0	0	0	0	0	0	4.4	0	173404	3532	7319
PSC	0	NA11893	0	0	0	0	0	0	4.9	0	173712	3488	7055
PSC	0	NA11932	0	0	0	0	0	0	5.0	0	174663	3594	5998
PSC	0	NA11994	0	0	0	0	0	0	5.4	0	178640	1482	4133
PSC	0	NA12005	0	0	0	0	0	0	4.7	0	178842	1426	3987
PSC	0	NA07051	0	0	0	0	0	0	4.6	0	173780	3425	7050
PSC	0	NA07347	0	0	0	0	0	0	4.8	0	179032	1452	3771
PSC	0	NA12760	0	0	0	0	0	0	4.7	0	178896	1579	3780
PSC	0	NA12777	0	0	0	0	0	0	4.7	0	174276	3720	6259
PSC	0	NA12827	0	0	0	0	0	0	4.8	0	179661	1541	3053
PSC	0	NA12872	0	0	0	0	0	0	4.7	0	179091	1610	3554
PSC	0	NA12889	0	0	0	0	0	0	6.2	0	179575	1356	3324
PSC	0	NA12891	0	0	0	0	0	0	5.3	0	174024	3584	6647
PSC	0	NA12043	0	0	0	0	0	0	4.9	0	178874	1510	3871
PSC	0	NA12144	0	0	0	0	0	0	4.4	0	178621	1566	4068
PSC	0	NA12264	0	0	0	0	0	0	5.2	0	179218	1553	3484
PSC	0	NA20509	0	0	0	0	0	0	5.3	0	178968	1479	3808
PSC	0	NA20511	0	0	0	0	0	0	5.7	0	172818	3425	8012
PSC	0	NA20516	0	0	0	0	0	0	4.6	0	173088	4351	6816
PSC	0	NA20814	0	0	0	0	0	0	5.5	0	179028	1439	3788
PSC	0	NA20763	0	0	0	0	0	0	5.3	0	175561	3413	5281
PSC	0	NA20770	0	0	0	0	0	0	8.5	0	178823	1524	3908
PSC	0	NA20787	0	0	0	0	0	0	6.4	0	163939	3309	17007
PSC	0	NA20528	0	0	0	0	0	0	5.4	0	173659	4247	6349
PSC	0	NA20510	0	0	0	0	0	0	5.1	0	173430	4148	6677
PSC	0	NA20515	0	0	0	0	0	0	6.2	0	178539	1607	4109
PSC	0	NA20527	0	0	0	0	0	0	5.8	0	174492	3321	6442
PSC	0	NA20534	0	0	0	0	0	0	4.8	0	163598	3169	17488
PSC	0	NA20539	0	0	0	0	0	0	10.0	0	177223	2361	4671
PSC	0	NA20755	0	0	0	0	0	0	5.7	0	178955	1439	3861
PSC	0	NA20762	0	0	0	0	0	0	6.1	0	174870	3552	5833
PSC	0	NA20767	0	0	0	0	0	0	5.2	0	174270	3683	6302
PSC	0	NA20798	0	0	0	0	0	0	4.8	0	178827	1509	3919
PSC	0	NA20801	0	0	0	0	0	0	4.8	0	163711	3168	17376
PSC	0	NA20806	0	0	0	0	0	0	5.0	0	178911	1357	3987
PSC	0	HG00119	0	0	0	0	0	0	5.2	0	179211	1454	3590
PSC	0	HG00126	0	0	0	0	0	0	5.6	0	179189	1489	3577
PSC	0	HG00138	0	0	0	0	0	0	5.8	0	179186	1452	3617
PSC	0	HG00140	0	0	0	0	0	0	5.0	0	173074	3586	7595
PSC	0	HG00145	0	0	0	0	0	0	5.0	0	178590	1556	4109
PSC	0	HG00157	0	0	0	0	0	0	4.7	0	178507	1566	4182
PSC	0	HG00107	0	0	0	0	0	0	5.4	0	178748	1528	3979
PSC	0	HG00114	0	0	0	0	0	0	5.0	0	176655	2477	5123
PSC	0	HG00183	0	0	0	0	0	0	5.2	0	172916	3516	7823
PSC	0	HG00188	0	0	0	0	0	0	5.1	0	173170	3445	7640
PSC	0	HG00190	0	0	0	0	0	0	7.2	0	173854	3504	6897
PSC	0	HG00234	0	0	0	0	0	0	5.0	0	174288	3471	6496
PSC	0	HG00246	0	0	0	0	0	0	5.5	0	172189	1632	10434
PSC	0	HG00366	0	0	0	0	0	0	5.0	0	177225	2303	4727
PSC	0	HG00260	0	0	0	0	0	0	5.7	0	178507	1567	4181
PSC	0	HG00265	0	0	0	0	0	0	3.3	0	178979	1487	3789
PSC	0	HG00277	0	0	0	0	0	0	5.7	0	177370	2392	4493
PSC	0	HG00335	0	0	0	0	0	0	5.7	0	173223	3410	7622
PSC	0	HG00342	0	0	0	0	0	0	6.2	0	173168	3527	7560
PSC	0	HG00284	0	0	0	0	0	0	5.7	0	173171	3403	7681
PSC	0	HG00311	0	0	0	0	0	0	5.6	0	173094	3488	7673
PSC	0	HG01509	0	0	0	0	0	0	5.0	0	174621	3423	6211
PSC	0	HG01530	0	0	0	0	0	0	6.1	0	174178	3485	6592
PSC	0	HG01624	0	0	0	0	0	0	5.5	0	178976	1642	3637
PSC	0	HG01631	0	0	0	0	0	0	6.0	0	178738	1473	4044
PSC	0	HG01686	0	0	0	0	0	0	6.1	0	174942	3517	5796
PSC	0	HG01617	0	0	0	0	0	0	5.2	0	175642	2476	6137
PSC	0	HG01775	0	0	0	0	0	0	5.2	0	179172	1442	3641
PSC	0	HG01756	0	0	0	0	0	0	5.2	0	162545	3187	18523
PSC	0	NA07022	0	0	0	0	0	0	5.4	0	174002	3550	6703
PSC	0	NA07034	0	0	0	0	0	0	7.0	0	178881	1648	3726
PSC	0	NA12413	0	0	0	0	0	0	6.3	0	174068	3504	6683
PSC	0	NA12812	0	0	0	0	0	0	5.0	0	178901	1423	3931
PSC	0	NA12829	0	0	0	0	0	0	5.0	0	179697	1500	3058
PSC	0	NA12874	0	0	0	0	0	0	4.9	0	178784	1534	3937
PSC	0	NA12716	0	0	0	0	0	0	5.9	0	178766	1466	4023
PSC	0	NA12045	0	0	0	0	0	0	5.2	0	178282	1678	4295
PSC	0	NA12146	0	0	0	0	0	0	4.7	0	174673	3530	6052
PSC	0	NA20524	0	0	0	0	0	0	4.8	0	178906	1492	3857
PSC	0	NA20536	0	0	0	0	0	0	4.7	0	174381	3602	6272
PSC	0	NA20543	0	0	0	0	0	0	4.8	0	175116	3486	5653
PSC	0	NA20581	0	0	0	0	0	0	7.3	0	178923	1472	3860
PSC	0	NA20586	0	0	0	0	0	0	5.7	0	178961	1486	3808
PSC	0	NA20752	0	0	0	0	0	0	4.7	0	178060	1439	4756
PSC	0	NA20783	0	0	0	0	0	0	6.3	0	178719	1686	3850
PSC	0	NA20512	0	0	0	0	0	0	5.3	0	179054	1414	3787
PSC	0	NA20803	0	0	0	0	0	0	4.9	0	178808	1552	3895
PSC	0	NA20810	0	0	0	0	0	0	5.5	0	178858	1497	3900
PSC	0	NA20815	0	0	0	0	0	0	5.7	0	163929	3219	17107
PSC	0	NA20827	0	0	0	0	0	0	6.0	0	163487	3156	17612
# PSI, Per-Sample Indels
# PSI	[2]id	[3]sample	[4]in-frame	[5]out-frame	[6]not applicable	[7]out/(in+out) ratio	[8]nHets	[9]nAA
PSI	0	HG00185	0	0	0	0.00	0	0
PSI	0	HG00243	0	0	0	0.00	0	0
PSI	0	HG00116	0	0	0	0.00	0	0
PSI	0	HG00142	0	0	0	0.00	0	0
PSI	0	HG00159	0	0	0	0.00	0	0
PSI	0	HG00267	0	0	0	0.00	0	0
PSI	0	HG00096	0	0	0	0.00	0	0
PSI	0	HG00109	0	0	0	0.00	0	0
PSI	0	HG00351	0	0	0	0.00	0	0
PSI	0	HG00375	0	0	0	0.00	0	0
PSI	0	HG00382	0	0	0	0.00	0	0
PSI	0	HG00325	0	0	0	0.00	0	0
PSI	0	HG01506	0	0	0	0.00	0	0
PSI	0	HG01669	0	0	0	0.00	0	0
PSI	0	HG01619	0	0	0	0.00	0	0
PSI	0	HG01518	0	0	0	0.00	0	0
PSI	0	HG01708	0	0	0	0.00	0	0
PSI	0	HG01765	0	0	0	0.00	0	0
PSI	0	HG01789	0	0	0	0.00	0	0
PSI	0	HG01791	0	0	0	0.00	0	0
PSI	0	HG01777	0	0	0	0.00	0	0
PSI	0	HG00103	0	0	0	0.00	0	0
PSI	0	HG00108	0	0	0	0.00	0	0
PSI	0	HG00273	0	0	0	0.00	0	0
PSI	0	HG00278	0	0	0	0.00	0	0
PSI	0	HG00280	0	0	0	0.00	0	0
PSI	0	HG00329	0	0	0	0.00	0	0
PSI	0	HG00336	0	0	0	0.00	0	0
PSI	0	HG00139	0	0	0	0.00	0	0
PSI	0	HG00141	0	0	0	0.00	0	0
PSI	0	HG00160	0	0	0	0.00	0	0
PSI	0	HG00189	0	0	0	0.00	0	0
PSI	0	HG00242	0	0	0	0.00	0	0
PSI	0	HG00115	0	0	0	0.00	0	0
PSI	0	NA11917	0	0	0	0.00	0	0
PSI	0	NA06994	0	0	0	0.00	0	0
PSI	0	NA12155	0	0	0	0.00	0	0
PSI	0	NA12282	0	0	0	0.00	0	0
PSI	0	NA12340	0	0	0	0.00	0	0
PSI	0	NA07435	0	0	0	0.00	0	0
PSI	0	HG01334	0	0	0	0.00	0	0
PSI	0	NA12775	0	0	0	0.00	0	0
PSI	0	HG01536	0	0	0	0.00	0	0
PSI	0	NA12814	0	0	0	0.00	0	0
PSI	0	HG01500	0	0	0	0.00	0	0
PSI	0	HG01606	0	0	0	0.00	0	0
PSI	0	HG01512	0	0	0	0.00	0	0
PSI	0	HG01524	0	0	0	0.00	0	0
PSI	0	HG01694	0	0	0	0.00	0	0
PSI	0	HG01699	0	0	0	0.00	0	0
PSI	0	HG01783	0	0	0	0.00	0	0
PSI	0	HG01625	0	0	0	0.00	0	0
PSI	0	HG01771	0	0	0	0.00	0	0
PSI	0	HG01675	0	0	0	0.00	0	0
PSI	0	HG01682	0	0	0	0.00	0	0
PSI	0	HG02236	0	0	0	0.00	0	0
PSI	0	HG02224	0	0	0	0.00	0	0
PSI	0	HG02231	0	0	0	0.00	0	0
PSI	0	NA20519	0	0	0	0.00	0	0
PSI	0	NA20521	0	0	0	0.00	0	0
PSI	0	NA20759	0	0	0	0.00	0	0
PSI	0	NA20778	0	0	0	0.00	0	0
PSI	0	NA20785	0	0	0	0.00	0	0
PSI	0	NA20792	0	0	0	0.00	0	0
PSI	0	NA20538	0	0	0	0.00	0	0
PSI	0	NA20588	0	0	0	0.00	0	0
PSI	0	NA20754	0	0	0	0.00	0	0
PSI	0	NA20805	0	0	0	0.00	0	0
PSI	0	NA20812	0	0	0	0.00	0	0
PSI	0	HG00182	0	0	0	0.00	0	0
PSI	0	HG00187	0	0	0	0.00	0	0
PSI	0	HG00252	0	0	0	0.00	0	0
PSI	0	HG00264	0	0	0	0.00	0	0
PSI	0	HG00271	0	0	0	0.00	0	0
PSI	0	HG00149	0	0	0	0.00	0	0
PSI	0	HG00151	0	0	0	0.00	0	0
PSI	0	HG00101	0	0	0	0.00	0	0
PSI	0	HG00113	0	0	0	0.00	0	0
PSI	0	HG00341	0	0	0	0.00	0	0
PSI	0	HG00358	0	0	0	0.00	0	0
PSI	0	HG00360	0	0	0	0.00	0	0
PSI	0	HG00372	0	0	0	0.00	0	0
PSI	0	HG00143	0	0	0	0.00	0	0
PSI	0	HG00148	0	0	0	0.00	0	0
PSI	0	HG00155	0	0	0	0.00	0	0
PSI	0	HG00117	0	0	0	0.00	0	0
PSI	0	HG00129	0	0	0	0.00	0	0
PSI	0	HG00131	0	0	0	0.00	0	0
PSI	0	HG00136	0	0	0	0.00	0	0
PSI	0	HG00290	0	0	0	0.00	0	0
PSI	0	HG00105	0	0	0	0.00	0	0
PSI	0	HG00308	0	0	0	0.00	0	0
PSI	0	HG00112	0	0	0	0.00	0	0
PSI	0	HG00310	0	0	0	0.00	0	0
PSI	0	HG00251	0	0	0	0.00	0	0
PSI	0	HG00256	0	0	0	0.00	0	0
PSI	0	HG00369	0	0	0	0.00	0	0
PSI	0	HG00371	0	0	0	0.00	0	0
PSI	0	HG00181	0	0	0	0.00	0	0
PSI	0	HG00186	0	0	0	0.00	0	0
PSI	0	HG00244	0	0	0	0.00	0	0
PSI	0	NA07357	0	0	0	0.00	0	0
PSI	0	NA06986	0	0	0	0.00	0	0
PSI	0	HG00321	0	0	0	0.00	0	0
PSI	0	HG00338	0	0	0	0.00	0	0
PSI	0	HG00345	0	0	0	0.00	0	0
PSI	0	NA06993	0	0	0	0.00	0	0
PSI	0	NA12748	0	0	0	0.00	0	0
PSI	0	NA12750	0	0	0	0.00	0	0
PSI	0	NA12762	0	0	0	0.00	0	0
PSI	0	NA12286	0	0	0	0.00	0	0
PSI	0	NA12399	0	0	0	0.00	0	0
PSI	0	NA12546	0	0	0	0.00	0	0
PSI	0	NA11839	0	0	0	0.00	0	0
PSI	0	HG01503	0	0	0	0.00	0	0
PSI	0	NA11891	0	0	0	0.00	0	0
PSI	0	NA11930	0	0	0	0.00	0	0
PSI	0	NA11992	0	0	0	0.00	0	0
PSI	0	NA12003	0	0	0	0.00	0	0
PSI	0	NA12154	0	0	0	0.00	0	0
PSI	0	NA12248	0	0	0	0.00	0	0
PSI	0	NA12274	0	0	0	0.00	0	0
PSI	0	HG01515	0	0	0	0.00	0	0
PSI	0	HG01527	0	0	0	0.00	0	0
PSI	0	HG01700	0	0	0	0.00	0	0
PSI	0	HG01705	0	0	0	0.00	0	0
PSI	0	HG01630	0	0	0	0.00	0	0
PSI	0	HG01678	0	0	0	0.00	0	0
PSI	0	HG01680	0	0	0	0.00	0	0
PSI	0	HG01767	0	0	0	0.00	0	0
PSI	0	HG01781	0	0	0	0.00	0	0
PSI	0	HG01603	0	0	0	0.00	0	0
PSI	0	HG01521	0	0	0	0.00	0	0
PSI	0	HG01672	0	0	0	0.00	0	0
PSI	0	HG01608	0	0	0	0.00	0	0
PSI	0	HG01610	0	0	0	0.00	0	0
PSI	0	HG01615	0	0	0	0.00	0	0
PSI	0	HG01709	0	0	0	0.00	0	0
PSI	0	HG01747	0	0	0	0.00	0	0
PSI	0	HG01761	0	0	0	0.00	0	0
PSI	0	HG01785	0	0	0	0.00	0	0
PSI	0	NA20513	0	0	0	0.00	0	0
PSI	0	NA20518	0	0	0	0.00	0	0
PSI	0	HG02238	0	0	0	0.00	0	0
PSI	0	HG02219	0	0	0	0.00	0	0
PSI	0	HG02221	0	0	0	0.00	0	0
PSI	0	HG02233	0	0	0	0.00	0	0
PSI	0	NA20520	0	0	0	0.00	0	0
PSI	0	NA20525	0	0	0	0.00	0	0
PSI	0	NA20532	0	0	0	0.00	0	0
PSI	0	NA20544	0	0	0	0.00	0	0
PSI	0	NA20796	0	0	0	0.00	0	0
PSI	0	NA20809	0	0	0	0.00	0	0
PSI	0	NA20811	0	0	0	0.00	0	0
PSI	0	NA20758	0	0	0	0.00	0	0
PSI	0	NA20765	0	0	0	0.00	0	0
PSI	0	NA11919	0	0	0	0.00	0	0
PSI	0	NA06984	0	0	0	0.00	0	0
PSI	0	NA12342	0	0	0	0.00	0	0
PSI	0	NA12347	0	0	0	0.00	0	0
PSI	0	NA12056	0	0	0	0.00	0	0
PSI	0	NA12272	0	0	0	0.00	0	0
PSI	0	NA12842	0	0	0	0.00	0	0
PSI	0	NA11829	0	0	0	0.00	0	0
PSI	0	NA11831	0	0	0	0.00	0	0
PSI	0	NA11843	0	0	0	0.00	0	0
PSI	0	NA11881	0	0	0	0.00	0	0
PSI	0	NA11893	0	0	0	0.00	0	0
PSI	0	NA11932	0	0	0	0.00	0	0
PSI	0	NA11994	0	0	0	0.00	0	0
PSI	0	NA12005	0	0	0	0.00	0	0
PSI	0	NA07051	0	0	0	0.00	0	0
PSI	0	NA07347	0	0	0	0.00	0	0
PSI	0	NA12760	0	0	0	0.00	0	0
PSI	0	NA12777	0	0	0	0.00	0	0
PSI	0	NA12827	0	0	0	0.00	0	0
PSI	0	NA12872	0	0	0	0.00	0	0
PSI	0	NA12889	0	0	0	0.00	0	0
PSI	0	NA12891	0	0	0	0.00	0	0
PSI	0	NA12043	0	0	0	0.00	0	0
PSI	0	NA12144	0	0	0	0.00	0	0
PSI	0	NA12264	0	0	0	0.00	0	0
PSI	0	NA20509	0	0	0	0.00	0	0
PSI	0	NA20511	0	0	0	0.00	0	0
PSI	0	NA20516	0	0	0	0.00	0	0
PSI	0	NA20814	0	0	0	0.00	0	0
PSI	0	NA20763	0	0	0	0.00	0	0
PSI	0	NA20770	0	0	0	0.00	0	0
PSI	0	NA20787	0	0	0	0.00	0	0
PSI	0	NA20528	0	0	0	0.00	0	0
PSI	0	NA20510	0	0	0	0.00	0	0
PSI	0	NA20515	0	0	0	0.00	0	0
PSI	0	NA20527	0	0	0	0.00	0	0
PSI	0	NA20534	0	0	0	0.00	0	0
PSI	0	NA20539	0	0	0	0.00	0	0
PSI	0	NA20755	0	0	0	0.00	0	0
PSI	0	NA20762	0	0	0	0.00	0	0
PSI	0	NA20767	0	0	0	0.00	0	0
PSI	0	NA20798	0	0	0	0.00	0	0
PSI	0	NA20801	0	0	0	0.00	0	0
PSI	0	NA20806	0	0	0	0.00	0	0
PSI	0	HG00119	0	0	0	0.00	0	0
PSI	0	HG00126	0	0	0	0.00	0	0
PSI	0	HG00138	0	0	0	0.00	0	0
PSI	0	HG00140	0	0	0	0.00	0	0
PSI	0	HG00145	0	0	0	0.00	0	0
PSI	0	HG00157	0	0	0	0.00	0	0
PSI	0	HG00107	0	0	0	0.00	0	0
PSI	0	HG00114	0	0	0	0.00	0	0
PSI	0	HG00183	0	0	0	0.00	0	0
PSI	0	HG00188	0	0	0	0.00	0	0
PSI	0	HG00190	0	0	0	0.00	0	0
PSI	0	HG00234	0	0	0	0.00	0	0
PSI	0	HG00246	0	0	0	0.00	0	0
PSI	0	HG00366	0	0	0	0.00	0	0
PSI	0	HG00260	0	0	0	0.00	0	0
PSI	0	HG00265	0	0	0	0.00	0	0
PSI	0	HG00277	0	0	0	0.00	0	0
PSI	0	HG00335	0	0	0	0.00	0	0
PSI	0	HG00342	0	0	0	0.00	0	0
PSI	0	HG00284	0	0	0	0.00	0	0
PSI	0	HG00311	0	0	0	0.00	0	0
PSI	0	HG01509	0	0	0	0.00	0	0
PSI	0	HG01530	0	0	0	0.00	0	0
PSI	0	HG01624	0	0	0	0.00	0	0
PSI	0	HG01631	0	0	0	0.00	0	0
PSI	0	HG01686	0	0	0	0.00	0	0
PSI	0	HG01617	0	0	0	0.00	0	0
PSI	0	HG01775	0	0	0	0.00	0	0
PSI	0	HG01756	0	0	0	0.00	0	0
PSI	0	NA07022	0	0	0	0.00	0	0
PSI	0	NA07034	0	0	0	0.00	0	0
PSI	0	NA12413	0	0	0	0.00	0	0
PSI	0	NA12812	0	0	0	0.00	0	0
PSI	0	NA12829	0	0	0	0.00	0	0
PSI	0	NA12874	0	0	0	0.00	0	0
PSI	0	NA12716	0	0	0	0.00	0	0
PSI	0	NA12045	0	0	0	0.00	0	0
PSI	0	NA12146	0	0	0	0.00	0	0
PSI	0	NA20524	0	0	0	0.00	0	0
PSI	0	NA20536	0	0	0	0.00	0	0
PSI	0	NA20543	0	0	0	0.00	0	0
PSI	0	NA20581	0	0	0	0.00	0	0
PSI	0	NA20586	0	0	0	0.00	0	0
PSI	0	NA20752	0	0	0	0.00	0	0
PSI	0	NA20783	0	0	0	0.00	0	0
PSI	0	NA20512	0	0	0	0.00	0	0
PSI	0	NA20803	0	0	0	0.00	0	0
PSI	0	NA20810	0	0	0	0.00	0	0
PSI	0	NA20815	0	0	0	0.00	0	0
PSI	0	NA20827	0	0	0	0.00	0	0
# HWE
# HWE	[2]id	[3]1st ALT allele frequency	[4]Number of observations	[5]25th percentile	[6]median	[7]75th percentile
