# This file was produced by bcftools stats (1.9+htslib-1.9) and can be plotted using plot-vcfstats.
# The command line was:	bcftools stats  /cromwell_root/fc-51aefb1c-4e8e-4dcb-a59c-62e318ea351a/6ce961e3-49fd-471b-a381-9da66a7a9e7e/subset_vcf_sample_list/0de8ba9e-14ea-4cdd-a75b-c10333cae45c/call-bgzip_bcftools_index/1kgp.chrY.recalibrated.snp_indel.pass.singleton.vcf.gz
#
# Definition of sets:
# ID	[2]id	[3]tab-separated file names
ID	0	/cromwell_root/fc-51aefb1c-4e8e-4dcb-a59c-62e318ea351a/6ce961e3-49fd-471b-a381-9da66a7a9e7e/subset_vcf_sample_list/0de8ba9e-14ea-4cdd-a75b-c10333cae45c/call-bgzip_bcftools_index/1kgp.chrY.recalibrated.snp_indel.pass.singleton.vcf.gz
# SN, Summary numbers:
#   number of records   .. number of data rows in the VCF
#   number of no-ALTs   .. reference-only sites, ALT is either "." or identical to REF
#   number of SNPs      .. number of rows with a SNP
#   number of MNPs      .. number of rows with a MNP, such as CC>TT
#   number of indels    .. number of rows with an indel
#   number of others    .. number of rows with other type, for example a symbolic allele or
#                          a complex substitution, such as ACT>TCGA
#   number of multiallelic sites     .. number of rows with multiple alternate alleles
#   number of multiallelic SNP sites .. number of rows with multiple alternate alleles, all SNPs
# 
#   Note that rows containing multiple types will be counted multiple times, in each
#   counter. For example, a row with a SNP and an indel increments both the SNP and
#   the indel counter.
# 
# SN	[2]id	[3]key	[4]value
SN	0	number of samples:	1286
SN	0	number of records:	184255
SN	0	number of no-ALTs:	0
SN	0	number of SNPs:	173522
SN	0	number of MNPs:	0
SN	0	number of indels:	11276
SN	0	number of others:	728
SN	0	number of multiallelic sites:	9796
SN	0	number of multiallelic SNP sites:	7004
# TSTV, transitions/transversions:
# TSTV	[2]id	[3]ts	[4]tv	[5]ts/tv	[6]ts (1st ALT)	[7]tv (1st ALT)	[8]ts/tv (1st ALT)
TSTV	0	101204	74276	1.36	99021	71140	1.39
# SiS, Singleton stats:
# SiS	[2]id	[3]allele count	[4]number of SNPs	[5]number of transitions	[6]number of transversions	[7]number of indels	[8]repeat-consistent	[9]repeat-inconsistent	[10]not applicable
SiS	0	1	104678	61030	43648	6605	0	0	6605
# AF, Stats by non-reference allele frequency:
# AF	[2]id	[3]allele frequency	[4]number of SNPs	[5]number of transitions	[6]number of transversions	[7]number of indels	[8]repeat-consistent	[9]repeat-inconsistent	[10]not applicable
AF	0	0.000000	108042	62663	45379	6763	0	0	6763
AF	0	0.000778	451	288	163	19	0	0	19
AF	0	0.001555	17933	10505	7428	1739	0	0	1739
AF	0	0.002333	11034	6524	4510	1079	0	0	1079
AF	0	0.003110	4392	2498	1894	628	0	0	628
AF	0	0.003888	3617	2126	1491	410	0	0	410
AF	0	0.004666	1575	853	722	226	0	0	226
AF	0	0.005443	1470	799	671	162	0	0	162
AF	0	0.006221	1825	1051	774	217	0	0	217
AF	0	0.006998	1469	828	641	174	0	0	174
AF	0	0.007776	725	395	330	119	0	0	119
AF	0	0.008554	858	485	373	116	0	0	116
AF	0	0.009331	1015	579	436	108	0	0	108
AF	0	0.010109	579	318	261	90	0	0	90
AF	0	0.010886	447	246	201	58	0	0	58
AF	0	0.011664	590	312	278	76	0	0	76
AF	0	0.012442	306	143	163	56	0	0	56
AF	0	0.013219	1050	598	452	93	0	0	93
AF	0	0.013997	798	474	324	88	0	0	88
AF	0	0.014774	389	205	184	64	0	0	64
AF	0	0.015552	1155	677	478	106	0	0	106
AF	0	0.016330	553	323	230	59	0	0	59
AF	0	0.017107	1059	645	414	89	0	0	89
AF	0	0.017885	354	189	165	56	0	0	56
AF	0	0.018663	160	73	87	28	0	0	28
AF	0	0.019440	159	76	83	42	0	0	42
AF	0	0.020218	202	112	90	39	0	0	39
AF	0	0.020995	508	290	218	49	0	0	49
AF	0	0.021773	127	65	62	44	0	0	44
AF	0	0.022551	91	48	43	25	0	0	25
AF	0	0.023328	349	223	126	35	0	0	35
AF	0	0.024106	112	59	53	25	0	0	25
AF	0	0.024883	519	298	221	57	0	0	57
AF	0	0.025661	289	151	138	35	0	0	35
AF	0	0.026439	696	456	240	65	0	0	65
AF	0	0.027216	178	95	83	33	0	0	33
AF	0	0.027994	131	68	63	28	0	0	28
AF	0	0.028771	501	307	194	50	0	0	50
AF	0	0.029549	69	27	42	32	0	0	32
AF	0	0.030327	62	28	34	14	0	0	14
AF	0	0.031104	156	87	69	33	0	0	33
AF	0	0.031882	93	57	36	24	0	0	24
AF	0	0.032659	180	97	83	34	0	0	34
AF	0	0.033437	51	23	28	14	0	0	14
AF	0	0.034215	127	66	61	35	0	0	35
AF	0	0.034992	61	26	35	15	0	0	15
AF	0	0.035770	41	11	30	18	0	0	18
AF	0	0.036547	220	120	100	28	0	0	28
AF	0	0.037325	381	229	152	21	0	0	21
AF	0	0.038103	61	33	28	16	0	0	16
AF	0	0.038880	75	29	46	17	0	0	17
AF	0	0.039658	51	30	21	17	0	0	17
AF	0	0.040435	249	163	86	42	0	0	42
AF	0	0.041213	46	22	24	17	0	0	17
AF	0	0.041991	210	117	93	20	0	0	20
AF	0	0.042768	76	34	42	17	0	0	17
AF	0	0.043546	27	13	14	13	0	0	13
AF	0	0.044323	31	18	13	21	0	0	21
AF	0	0.045101	76	46	30	12	0	0	12
AF	0	0.045879	27	19	8	8	0	0	8
AF	0	0.046656	32	11	21	23	0	0	23
AF	0	0.047434	29	10	19	7	0	0	7
AF	0	0.048212	52	34	18	15	0	0	15
AF	0	0.048989	31	17	14	10	0	0	10
AF	0	0.049767	27	10	17	6	0	0	6
AF	0	0.050544	23	10	13	13	0	0	13
AF	0	0.051322	63	29	34	18	0	0	18
AF	0	0.052100	25	8	17	8	0	0	8
AF	0	0.052877	24	12	12	16	0	0	16
AF	0	0.053655	18	7	11	10	0	0	10
AF	0	0.054432	31	9	22	14	0	0	14
AF	0	0.055210	19	9	10	7	0	0	7
AF	0	0.055988	24	13	11	11	0	0	11
AF	0	0.056765	20	8	12	17	0	0	17
AF	0	0.057543	42	19	23	14	0	0	14
AF	0	0.058320	30	16	14	10	0	0	10
AF	0	0.059098	58	34	24	17	0	0	17
AF	0	0.059876	160	90	70	17	0	0	17
AF	0	0.060653	31	16	15	13	0	0	13
AF	0	0.061431	15	9	6	6	0	0	6
AF	0	0.062208	16	8	8	13	0	0	13
AF	0	0.062986	17	7	10	7	0	0	7
AF	0	0.063764	19	9	10	11	0	0	11
AF	0	0.064541	17	6	11	14	0	0	14
AF	0	0.065319	19	12	7	10	0	0	10
AF	0	0.066096	30	15	15	6	0	0	6
AF	0	0.066874	59	32	27	11	0	0	11
AF	0	0.067652	210	126	84	20	0	0	20
AF	0	0.068429	68	35	33	17	0	0	17
AF	0	0.069207	26	14	12	15	0	0	15
AF	0	0.069984	12	4	8	8	0	0	8
AF	0	0.070762	22	11	11	6	0	0	6
AF	0	0.071540	20	14	6	6	0	0	6
AF	0	0.072317	19	8	11	11	0	0	11
AF	0	0.073095	33	16	17	11	0	0	11
AF	0	0.073872	20	8	12	9	0	0	9
AF	0	0.074650	24	16	8	9	0	0	9
AF	0	0.075428	19	10	9	9	0	0	9
AF	0	0.076205	15	7	8	9	0	0	9
AF	0	0.076983	12	6	6	11	0	0	11
AF	0	0.077760	13	4	9	6	0	0	6
AF	0	0.078538	18	5	13	3	0	0	3
AF	0	0.079316	24	12	12	6	0	0	6
AF	0	0.080093	15	4	11	5	0	0	5
AF	0	0.080871	35	21	14	7	0	0	7
AF	0	0.081649	12	5	7	6	0	0	6
AF	0	0.082426	13	7	6	2	0	0	2
AF	0	0.083204	14	10	4	7	0	0	7
AF	0	0.083981	11	6	5	6	0	0	6
AF	0	0.084759	25	11	14	3	0	0	3
AF	0	0.085537	36	21	15	5	0	0	5
AF	0	0.086314	84	49	35	11	0	0	11
AF	0	0.087092	18	11	7	7	0	0	7
AF	0	0.087869	51	34	17	7	0	0	7
AF	0	0.088647	6	2	4	7	0	0	7
AF	0	0.089425	7	2	5	6	0	0	6
AF	0	0.090202	15	10	5	7	0	0	7
AF	0	0.090980	14	7	7	8	0	0	8
AF	0	0.091757	13	6	7	8	0	0	8
AF	0	0.092535	10	5	5	6	0	0	6
AF	0	0.093313	14	7	7	4	0	0	4
AF	0	0.094090	14	7	7	5	0	0	5
AF	0	0.094868	18	7	11	6	0	0	6
AF	0	0.095645	15	8	7	4	0	0	4
AF	0	0.096423	8	3	5	11	0	0	11
AF	0	0.097201	11	7	4	3	0	0	3
AF	0	0.097978	35	21	14	7	0	0	7
AF	0	0.098756	9	5	4	3	0	0	3
AF	0	0.099533	20	8	12	6	0	0	6
AF	0	0.100311	79	48	31	7	0	0	7
AF	0	0.101089	13	6	7	5	0	0	5
AF	0	0.101866	11	4	7	5	0	0	5
AF	0	0.102644	9	6	3	5	0	0	5
AF	0	0.103421	12	6	6	7	0	0	7
AF	0	0.104199	5	2	3	1	0	0	1
AF	0	0.104977	7	1	6	4	0	0	4
AF	0	0.105754	7	3	4	5	0	0	5
AF	0	0.106532	8	4	4	5	0	0	5
AF	0	0.107309	5	2	3	3	0	0	3
AF	0	0.108087	7	3	4	2	0	0	2
AF	0	0.108865	10	3	7	5	0	0	5
AF	0	0.109642	10	5	5	4	0	0	4
AF	0	0.110420	14	8	6	3	0	0	3
AF	0	0.111198	10	5	5	2	0	0	2
AF	0	0.111975	10	4	6	4	0	0	4
AF	0	0.112753	9	6	3	6	0	0	6
AF	0	0.113530	10	6	4	10	0	0	10
AF	0	0.114308	3	3	0	4	0	0	4
AF	0	0.115086	15	7	8	3	0	0	3
AF	0	0.115863	9	5	4	2	0	0	2
AF	0	0.116641	9	4	5	5	0	0	5
AF	0	0.117418	6	2	4	4	0	0	4
AF	0	0.118196	12	4	8	3	0	0	3
AF	0	0.118974	5	0	5	3	0	0	3
AF	0	0.119751	13	5	8	1	0	0	1
AF	0	0.120529	7	3	4	7	0	0	7
AF	0	0.121306	6	4	2	3	0	0	3
AF	0	0.122084	5	3	2	3	0	0	3
AF	0	0.122862	5	4	1	3	0	0	3
AF	0	0.123639	7	5	2	3	0	0	3
AF	0	0.124417	8	3	5	4	0	0	4
AF	0	0.125194	9	4	5	3	0	0	3
AF	0	0.125972	6	1	5	2	0	0	2
AF	0	0.126750	7	3	4	7	0	0	7
AF	0	0.127527	16	8	8	3	0	0	3
AF	0	0.128305	7	3	4	1	0	0	1
AF	0	0.129082	11	5	6	3	0	0	3
AF	0	0.129860	6	4	2	4	0	0	4
AF	0	0.130638	10	5	5	2	0	0	2
AF	0	0.131415	7	4	3	4	0	0	4
AF	0	0.132193	10	6	4	3	0	0	3
AF	0	0.132970	13	5	8	4	0	0	4
AF	0	0.133748	5	3	2	7	0	0	7
AF	0	0.134526	7	3	4	0	0	0	0
AF	0	0.135303	10	5	5	3	0	0	3
AF	0	0.136081	7	5	2	5	0	0	5
AF	0	0.136858	5	2	3	4	0	0	4
AF	0	0.137636	10	6	4	0	0	0	0
AF	0	0.138414	10	3	7	6	0	0	6
AF	0	0.139191	4	1	3	5	0	0	5
AF	0	0.139969	7	5	2	2	0	0	2
AF	0	0.140747	7	1	6	3	0	0	3
AF	0	0.141524	5	4	1	3	0	0	3
AF	0	0.142302	8	4	4	2	0	0	2
AF	0	0.143079	3	1	2	3	0	0	3
AF	0	0.143857	7	0	7	1	0	0	1
AF	0	0.144635	4	1	3	1	0	0	1
AF	0	0.145412	6	1	5	2	0	0	2
AF	0	0.146190	8	2	6	4	0	0	4
AF	0	0.146967	5	3	2	5	0	0	5
AF	0	0.147745	8	4	4	2	0	0	2
AF	0	0.148523	6	4	2	4	0	0	4
AF	0	0.149300	7	3	4	4	0	0	4
AF	0	0.150078	9	3	6	2	0	0	2
AF	0	0.150855	1	0	1	6	0	0	6
AF	0	0.151633	5	5	0	1	0	0	1
AF	0	0.152411	5	3	2	1	0	0	1
AF	0	0.153188	2	1	1	0	0	0	0
AF	0	0.153966	4	2	2	1	0	0	1
AF	0	0.154743	8	2	6	4	0	0	4
AF	0	0.155521	8	2	6	1	0	0	1
AF	0	0.156299	10	7	3	2	0	0	2
AF	0	0.157076	8	5	3	2	0	0	2
AF	0	0.157854	7	5	2	3	0	0	3
AF	0	0.158631	7	4	3	5	0	0	5
AF	0	0.159409	9	4	5	5	0	0	5
AF	0	0.160187	8	5	3	4	0	0	4
AF	0	0.160964	94	61	33	9	0	0	9
AF	0	0.161742	7	4	3	0	0	0	0
AF	0	0.162519	9	7	2	3	0	0	3
AF	0	0.163297	5	3	2	3	0	0	3
AF	0	0.164075	4	4	0	2	0	0	2
AF	0	0.164852	4	1	3	6	0	0	6
AF	0	0.165630	0	0	0	1	0	0	1
AF	0	0.166407	7	1	6	3	0	0	3
AF	0	0.167185	6	3	3	2	0	0	2
AF	0	0.167963	6	4	2	2	0	0	2
AF	0	0.168740	5	2	3	6	0	0	6
AF	0	0.169518	3	1	2	3	0	0	3
AF	0	0.170295	5	2	3	6	0	0	6
AF	0	0.171073	5	2	3	3	0	0	3
AF	0	0.171851	4	4	0	3	0	0	3
AF	0	0.172628	4	1	3	2	0	0	2
AF	0	0.173406	0	0	0	2	0	0	2
AF	0	0.174184	3	2	1	4	0	0	4
AF	0	0.174961	10	5	5	3	0	0	3
AF	0	0.175739	4	2	2	1	0	0	1
AF	0	0.176516	7	1	6	4	0	0	4
AF	0	0.177294	4	0	4	3	0	0	3
AF	0	0.178072	3	1	2	1	0	0	1
AF	0	0.178849	2	1	1	1	0	0	1
AF	0	0.179627	2	0	2	1	0	0	1
AF	0	0.180404	4	4	0	4	0	0	4
AF	0	0.181182	5	5	0	3	0	0	3
AF	0	0.181960	6	1	5	2	0	0	2
AF	0	0.182737	6	3	3	4	0	0	4
AF	0	0.183515	3	1	2	2	0	0	2
AF	0	0.184292	6	1	5	0	0	0	0
AF	0	0.185070	68	43	25	5	0	0	5
AF	0	0.185848	19	14	5	2	0	0	2
AF	0	0.186625	15	8	7	1	0	0	1
AF	0	0.187403	8	5	3	1	0	0	1
AF	0	0.188180	2	1	1	2	0	0	2
AF	0	0.188958	2	0	2	2	0	0	2
AF	0	0.189736	5	1	4	1	0	0	1
AF	0	0.190513	4	1	3	2	0	0	2
AF	0	0.191291	2	0	2	5	0	0	5
AF	0	0.192068	2	0	2	2	0	0	2
AF	0	0.192846	6	4	2	4	0	0	4
AF	0	0.193624	3	2	1	3	0	0	3
AF	0	0.194401	5	4	1	2	0	0	2
AF	0	0.195179	2	0	2	1	0	0	1
AF	0	0.195956	7	3	4	3	0	0	3
AF	0	0.196734	3	1	2	2	0	0	2
AF	0	0.197512	1	0	1	0	0	0	0
AF	0	0.198289	1	1	0	2	0	0	2
AF	0	0.199067	6	3	3	2	0	0	2
AF	0	0.199844	9	4	5	1	0	0	1
AF	0	0.200622	3	1	2	3	0	0	3
AF	0	0.201400	5	3	2	5	0	0	5
AF	0	0.202177	2	1	1	0	0	0	0
AF	0	0.202955	8	6	2	3	0	0	3
AF	0	0.203733	20	12	8	2	0	0	2
AF	0	0.204510	81	56	25	2	0	0	2
AF	0	0.205288	6	1	5	1	0	0	1
AF	0	0.206065	7	5	2	6	0	0	6
AF	0	0.206843	4	1	3	4	0	0	4
AF	0	0.207621	5	1	4	1	0	0	1
AF	0	0.208398	6	2	4	1	0	0	1
AF	0	0.209176	6	1	5	0	0	0	0
AF	0	0.209953	10	3	7	1	0	0	1
AF	0	0.210731	6	4	2	2	0	0	2
AF	0	0.211509	5	3	2	2	0	0	2
AF	0	0.212286	2	2	0	7	0	0	7
AF	0	0.213064	15	10	5	5	0	0	5
AF	0	0.213841	20	14	6	9	0	0	9
AF	0	0.214619	327	205	122	20	0	0	20
AF	0	0.215397	20	12	8	5	0	0	5
AF	0	0.216174	5	4	1	4	0	0	4
AF	0	0.216952	7	4	3	1	0	0	1
AF	0	0.217729	3	1	2	4	0	0	4
AF	0	0.218507	6	2	4	5	0	0	5
AF	0	0.219285	11	6	5	3	0	0	3
AF	0	0.220062	4	3	1	0	0	0	0
AF	0	0.220840	10	3	7	1	0	0	1
AF	0	0.221617	11	3	8	2	0	0	2
AF	0	0.222395	2	1	1	3	0	0	3
AF	0	0.223173	5	2	3	2	0	0	2
AF	0	0.223950	8	5	3	1	0	0	1
AF	0	0.224728	6	5	1	6	0	0	6
AF	0	0.225505	10	2	8	2	0	0	2
AF	0	0.226283	4	3	1	2	0	0	2
AF	0	0.227061	5	4	1	3	0	0	3
AF	0	0.227838	4	1	3	4	0	0	4
AF	0	0.228616	8	2	6	0	0	0	0
AF	0	0.229393	5	3	2	2	0	0	2
AF	0	0.230171	6	2	4	2	0	0	2
AF	0	0.230949	3	1	2	4	0	0	4
AF	0	0.231726	6	4	2	1	0	0	1
AF	0	0.232504	10	3	7	0	0	0	0
AF	0	0.233281	5	3	2	0	0	0	0
AF	0	0.234059	4	2	2	0	0	0	0
AF	0	0.234837	3	2	1	2	0	0	2
AF	0	0.235614	1	0	1	0	0	0	0
AF	0	0.236392	6	2	4	2	0	0	2
AF	0	0.237170	0	0	0	2	0	0	2
AF	0	0.237947	5	1	4	1	0	0	1
AF	0	0.238725	7	5	2	2	0	0	2
AF	0	0.239502	5	0	5	0	0	0	0
AF	0	0.240280	7	3	4	6	0	0	6
AF	0	0.241058	4	2	2	3	0	0	3
AF	0	0.241835	3	1	2	5	0	0	5
AF	0	0.242613	7	5	2	6	0	0	6
AF	0	0.243390	125	75	50	4	0	0	4
AF	0	0.244168	9	4	5	1	0	0	1
AF	0	0.244946	5	2	3	1	0	0	1
AF	0	0.245723	5	4	1	3	0	0	3
AF	0	0.246501	3	2	1	3	0	0	3
AF	0	0.247278	4	3	1	1	0	0	1
AF	0	0.248056	5	0	5	1	0	0	1
AF	0	0.248834	5	1	4	1	0	0	1
AF	0	0.249611	8	7	1	1	0	0	1
AF	0	0.250389	1	1	0	2	0	0	2
AF	0	0.251166	4	1	3	1	0	0	1
AF	0	0.251944	1	1	0	3	0	0	3
AF	0	0.252722	5	3	2	4	0	0	4
AF	0	0.253499	2	2	0	3	0	0	3
AF	0	0.254277	5	3	2	3	0	0	3
AF	0	0.255054	1	0	1	1	0	0	1
AF	0	0.255832	6	3	3	3	0	0	3
AF	0	0.256610	2	0	2	0	0	0	0
AF	0	0.257387	7	2	5	3	0	0	3
AF	0	0.258165	2	1	1	2	0	0	2
AF	0	0.258942	8	3	5	2	0	0	2
AF	0	0.259720	20	14	6	2	0	0	2
AF	0	0.260498	7	5	2	0	0	0	0
AF	0	0.261275	6	5	1	2	0	0	2
AF	0	0.262053	8	5	3	1	0	0	1
AF	0	0.262830	9	4	5	2	0	0	2
AF	0	0.263608	141	83	58	14	0	0	14
AF	0	0.264386	19	12	7	7	0	0	7
AF	0	0.265163	36	23	13	6	0	0	6
AF	0	0.265941	3	2	1	1	0	0	1
AF	0	0.266719	5	2	3	2	0	0	2
AF	0	0.267496	4	1	3	4	0	0	4
AF	0	0.268274	6	2	4	1	0	0	1
AF	0	0.269051	9	8	1	2	0	0	2
AF	0	0.269829	2	1	1	4	0	0	4
AF	0	0.270607	3	2	1	1	0	0	1
AF	0	0.271384	4	2	2	2	0	0	2
AF	0	0.272162	5	4	1	3	0	0	3
AF	0	0.272939	1	1	0	1	0	0	1
AF	0	0.273717	2	1	1	1	0	0	1
AF	0	0.274495	1	0	1	1	0	0	1
AF	0	0.275272	4	1	3	1	0	0	1
AF	0	0.276050	3	2	1	2	0	0	2
AF	0	0.276827	5	1	4	3	0	0	3
AF	0	0.277605	4	1	3	1	0	0	1
AF	0	0.278383	2	2	0	2	0	0	2
AF	0	0.279160	37	24	13	3	0	0	3
AF	0	0.279938	8	3	5	1	0	0	1
AF	0	0.280715	13	8	5	3	0	0	3
AF	0	0.281493	1	0	1	4	0	0	4
AF	0	0.282271	1	1	0	2	0	0	2
AF	0	0.283048	4	1	3	3	0	0	3
AF	0	0.283826	3	2	1	1	0	0	1
AF	0	0.284603	1	0	1	1	0	0	1
AF	0	0.285381	3	2	1	4	0	0	4
AF	0	0.286159	3	2	1	1	0	0	1
AF	0	0.286936	2	0	2	3	0	0	3
AF	0	0.287714	4	1	3	2	0	0	2
AF	0	0.288491	3	1	2	0	0	0	0
AF	0	0.289269	6	2	4	1	0	0	1
AF	0	0.290047	3	2	1	4	0	0	4
AF	0	0.290824	3	1	2	3	0	0	3
AF	0	0.291602	3	2	1	1	0	0	1
AF	0	0.292379	2	0	2	2	0	0	2
AF	0	0.293157	6	3	3	2	0	0	2
AF	0	0.293935	2	0	2	0	0	0	0
AF	0	0.294712	1	0	1	1	0	0	1
AF	0	0.295490	5	2	3	1	0	0	1
AF	0	0.296267	3	1	2	1	0	0	1
AF	0	0.297045	2	1	1	1	0	0	1
AF	0	0.297823	1	1	0	1	0	0	1
AF	0	0.298600	0	0	0	1	0	0	1
AF	0	0.299378	3	2	1	0	0	0	0
AF	0	0.300156	4	2	2	1	0	0	1
AF	0	0.300933	1	1	0	3	0	0	3
AF	0	0.301711	5	3	2	5	0	0	5
AF	0	0.302488	5	2	3	1	0	0	1
AF	0	0.303266	5	2	3	2	0	0	2
AF	0	0.304044	5	3	2	2	0	0	2
AF	0	0.304821	3	1	2	2	0	0	2
AF	0	0.305599	4	3	1	1	0	0	1
AF	0	0.306376	4	3	1	2	0	0	2
AF	0	0.307154	4	3	1	4	0	0	4
AF	0	0.307932	2	2	0	2	0	0	2
AF	0	0.308709	0	0	0	1	0	0	1
AF	0	0.309487	2	0	2	4	0	0	4
AF	0	0.310264	5	2	3	2	0	0	2
AF	0	0.311042	6	0	6	2	0	0	2
AF	0	0.311820	14	8	6	4	0	0	4
AF	0	0.312597	189	121	68	7	0	0	7
AF	0	0.313375	47	35	12	2	0	0	2
AF	0	0.314152	4	2	2	0	0	0	0
AF	0	0.314930	7	3	4	3	0	0	3
AF	0	0.315708	2	2	0	0	0	0	0
AF	0	0.316485	4	1	3	2	0	0	2
AF	0	0.317263	1	0	1	2	0	0	2
AF	0	0.318040	6	2	4	0	0	0	0
AF	0	0.318818	3	1	2	0	0	0	0
AF	0	0.319596	4	1	3	1	0	0	1
AF	0	0.320373	6	5	1	0	0	0	0
AF	0	0.321151	1	0	1	0	0	0	0
AF	0	0.321928	3	1	2	0	0	0	0
AF	0	0.322706	3	1	2	0	0	0	0
AF	0	0.323484	1	1	0	0	0	0	0
AF	0	0.324261	1	0	1	2	0	0	2
AF	0	0.325039	4	3	1	3	0	0	3
AF	0	0.325816	1	1	0	0	0	0	0
AF	0	0.326594	0	0	0	1	0	0	1
AF	0	0.327372	3	1	2	1	0	0	1
AF	0	0.328149	2	1	1	2	0	0	2
AF	0	0.328927	2	0	2	2	0	0	2
AF	0	0.329705	3	1	2	0	0	0	0
AF	0	0.330482	2	2	0	1	0	0	1
AF	0	0.331260	3	0	3	2	0	0	2
AF	0	0.332037	4	2	2	2	0	0	2
AF	0	0.332815	4	2	2	5	0	0	5
AF	0	0.333593	3	2	1	3	0	0	3
AF	0	0.334370	4	1	3	5	0	0	5
AF	0	0.335148	5	3	2	1	0	0	1
AF	0	0.335925	1	0	1	0	0	0	0
AF	0	0.336703	1	0	1	0	0	0	0
AF	0	0.337481	1	0	1	1	0	0	1
AF	0	0.338258	5	0	5	1	0	0	1
AF	0	0.339036	2	1	1	2	0	0	2
AF	0	0.339813	3	3	0	1	0	0	1
AF	0	0.340591	3	0	3	2	0	0	2
AF	0	0.341369	4	1	3	0	0	0	0
AF	0	0.342146	4	1	3	1	0	0	1
AF	0	0.342924	2	1	1	2	0	0	2
AF	0	0.343701	1	0	1	3	0	0	3
AF	0	0.344479	3	1	2	0	0	0	0
AF	0	0.345257	3	0	3	0	0	0	0
AF	0	0.346034	2	1	1	0	0	0	0
AF	0	0.346812	2	0	2	0	0	0	0
AF	0	0.347589	3	2	1	0	0	0	0
AF	0	0.348367	1	1	0	0	0	0	0
AF	0	0.349145	5	1	4	1	0	0	1
AF	0	0.349922	1	1	0	0	0	0	0
AF	0	0.350700	1	1	0	0	0	0	0
AF	0	0.351477	4	2	2	0	0	0	0
AF	0	0.353033	4	3	1	0	0	0	0
AF	0	0.353810	2	1	1	1	0	0	1
AF	0	0.354588	2	0	2	1	0	0	1
AF	0	0.355365	3	2	1	2	0	0	2
AF	0	0.356143	6	1	5	0	0	0	0
AF	0	0.356921	4	3	1	0	0	0	0
AF	0	0.357698	2	0	2	1	0	0	1
AF	0	0.358476	2	1	1	0	0	0	0
AF	0	0.360031	2	1	1	0	0	0	0
AF	0	0.360809	1	0	1	1	0	0	1
AF	0	0.361586	1	1	0	0	0	0	0
AF	0	0.362364	3	0	3	1	0	0	1
AF	0	0.363142	3	0	3	1	0	0	1
AF	0	0.363919	2	2	0	0	0	0	0
AF	0	0.366252	2	2	0	0	0	0	0
AF	0	0.367030	4	2	2	0	0	0	0
AF	0	0.367807	3	2	1	0	0	0	0
AF	0	0.368585	2	1	1	0	0	0	0
AF	0	0.369362	2	2	0	0	0	0	0
AF	0	0.370140	1	1	0	0	0	0	0
AF	0	0.370918	2	1	1	1	0	0	1
AF	0	0.371695	1	1	0	1	0	0	1
AF	0	0.372473	4	1	3	0	0	0	0
AF	0	0.373250	3	2	1	1	0	0	1
AF	0	0.374028	8	4	4	1	0	0	1
AF	0	0.374806	1	1	0	0	0	0	0
AF	0	0.375583	1	1	0	0	0	0	0
AF	0	0.376361	4	2	2	0	0	0	0
AF	0	0.377138	3	1	2	2	0	0	2
AF	0	0.377916	5	2	3	0	0	0	0
AF	0	0.378694	3	1	2	0	0	0	0
AF	0	0.379471	1	1	0	0	0	0	0
AF	0	0.380249	1	1	0	1	0	0	1
AF	0	0.381026	6	6	0	0	0	0	0
AF	0	0.381804	6	5	1	0	0	0	0
AF	0	0.382582	4	3	1	1	0	0	1
AF	0	0.383359	2	0	2	0	0	0	0
AF	0	0.384137	4	2	2	1	0	0	1
AF	0	0.384914	3	3	0	1	0	0	1
AF	0	0.385692	5	4	1	1	0	0	1
AF	0	0.386470	3	1	2	1	0	0	1
AF	0	0.387247	1	0	1	0	0	0	0
AF	0	0.388025	5	2	3	2	0	0	2
AF	0	0.388802	2	2	0	2	0	0	2
AF	0	0.389580	1	1	0	2	0	0	2
AF	0	0.390358	2	1	1	0	0	0	0
AF	0	0.391135	3	0	3	0	0	0	0
AF	0	0.391913	1	0	1	0	0	0	0
AF	0	0.392691	2	1	1	0	0	0	0
AF	0	0.393468	4	2	2	0	0	0	0
AF	0	0.394246	6	3	3	0	0	0	0
AF	0	0.395023	5	3	2	0	0	0	0
AF	0	0.395801	1	0	1	0	0	0	0
AF	0	0.396579	3	2	1	0	0	0	0
AF	0	0.397356	2	1	1	0	0	0	0
AF	0	0.398134	1	0	1	0	0	0	0
AF	0	0.398911	2	1	1	0	0	0	0
AF	0	0.399689	9	5	4	1	0	0	1
AF	0	0.400467	2	0	2	0	0	0	0
AF	0	0.401244	2	2	0	0	0	0	0
AF	0	0.402022	4	0	4	2	0	0	2
AF	0	0.402799	0	0	0	1	0	0	1
AF	0	0.403577	2	0	2	0	0	0	0
AF	0	0.404355	2	2	0	0	0	0	0
AF	0	0.405910	3	2	1	0	0	0	0
AF	0	0.406687	3	2	1	0	0	0	0
AF	0	0.407465	1	0	1	1	0	0	1
AF	0	0.408243	6	3	3	3	0	0	3
AF	0	0.409020	2	1	1	1	0	0	1
AF	0	0.409798	7	4	3	0	0	0	0
AF	0	0.410575	2	1	1	1	0	0	1
AF	0	0.411353	2	0	2	0	0	0	0
AF	0	0.412131	2	2	0	0	0	0	0
AF	0	0.412908	4	1	3	2	0	0	2
AF	0	0.413686	2	0	2	1	0	0	1
AF	0	0.414463	3	2	1	0	0	0	0
AF	0	0.415241	3	2	1	0	0	0	0
AF	0	0.416019	4	0	4	1	0	0	1
AF	0	0.416796	0	0	0	2	0	0	2
AF	0	0.417574	3	1	2	0	0	0	0
AF	0	0.418351	1	0	1	0	0	0	0
AF	0	0.419129	1	0	1	0	0	0	0
AF	0	0.419907	4	1	3	0	0	0	0
AF	0	0.420684	3	2	1	0	0	0	0
AF	0	0.421462	1	0	1	1	0	0	1
AF	0	0.422240	1	0	1	0	0	0	0
AF	0	0.423017	4	2	2	0	0	0	0
AF	0	0.423795	1	0	1	0	0	0	0
AF	0	0.424572	2	0	2	1	0	0	1
AF	0	0.425350	1	1	0	0	0	0	0
AF	0	0.426128	4	1	3	0	0	0	0
AF	0	0.426905	1	1	0	0	0	0	0
AF	0	0.427683	3	2	1	1	0	0	1
AF	0	0.428460	2	0	2	1	0	0	1
AF	0	0.429238	4	1	3	1	0	0	1
AF	0	0.430016	1	1	0	0	0	0	0
AF	0	0.430793	3	3	0	1	0	0	1
AF	0	0.431571	4	2	2	1	0	0	1
AF	0	0.432348	1	0	1	2	0	0	2
AF	0	0.433126	3	1	2	0	0	0	0
AF	0	0.433904	1	0	1	1	0	0	1
AF	0	0.434681	2	1	1	0	0	0	0
AF	0	0.435459	3	1	2	0	0	0	0
AF	0	0.436236	2	2	0	0	0	0	0
AF	0	0.437014	3	2	1	0	0	0	0
AF	0	0.437792	2	1	1	0	0	0	0
AF	0	0.438569	2	0	2	2	0	0	2
AF	0	0.439347	3	2	1	0	0	0	0
AF	0	0.440124	2	0	2	0	0	0	0
AF	0	0.440902	1	1	0	0	0	0	0
AF	0	0.441680	1	1	0	1	0	0	1
AF	0	0.442457	0	0	0	1	0	0	1
AF	0	0.443235	3	3	0	0	0	0	0
AF	0	0.444012	3	1	2	0	0	0	0
AF	0	0.444790	1	1	0	0	0	0	0
AF	0	0.446345	3	1	2	0	0	0	0
AF	0	0.447123	3	1	2	0	0	0	0
AF	0	0.448678	3	2	1	1	0	0	1
AF	0	0.449456	2	0	2	0	0	0	0
AF	0	0.450233	3	3	0	3	0	0	3
AF	0	0.451788	2	1	1	0	0	0	0
AF	0	0.452566	3	1	2	0	0	0	0
AF	0	0.453344	0	0	0	1	0	0	1
AF	0	0.454121	4	1	3	0	0	0	0
AF	0	0.454899	2	0	2	0	0	0	0
AF	0	0.455677	1	1	0	0	0	0	0
AF	0	0.456454	5	3	2	1	0	0	1
AF	0	0.457232	4	2	2	1	0	0	1
AF	0	0.458009	1	0	1	0	0	0	0
AF	0	0.458787	3	1	2	0	0	0	0
AF	0	0.459565	3	1	2	0	0	0	0
AF	0	0.460342	3	2	1	0	0	0	0
AF	0	0.461120	7	3	4	0	0	0	0
AF	0	0.461897	2	1	1	0	0	0	0
AF	0	0.462675	1	0	1	1	0	0	1
AF	0	0.463453	2	1	1	0	0	0	0
AF	0	0.464230	2	2	0	1	0	0	1
AF	0	0.465008	6	2	4	0	0	0	0
AF	0	0.465785	1	1	0	2	0	0	2
AF	0	0.466563	1	0	1	0	0	0	0
AF	0	0.467341	3	1	2	0	0	0	0
AF	0	0.468118	2	1	1	1	0	0	1
AF	0	0.468896	3	1	2	1	0	0	1
AF	0	0.469673	2	1	1	0	0	0	0
AF	0	0.470451	1	1	0	0	0	0	0
AF	0	0.471229	2	0	2	0	0	0	0
AF	0	0.472006	3	2	1	1	0	0	1
AF	0	0.472784	3	3	0	0	0	0	0
AF	0	0.473561	1	0	1	0	0	0	0
AF	0	0.474339	1	1	0	0	0	0	0
AF	0	0.475117	3	1	2	1	0	0	1
AF	0	0.475894	3	2	1	0	0	0	0
AF	0	0.476672	1	1	0	0	0	0	0
AF	0	0.477449	2	2	0	0	0	0	0
AF	0	0.479005	4	2	2	0	0	0	0
AF	0	0.479782	8	3	5	1	0	0	1
AF	0	0.480560	1	1	0	0	0	0	0
AF	0	0.481337	20	8	12	0	0	0	0
AF	0	0.482115	3	2	1	0	0	0	0
AF	0	0.482893	3	2	1	0	0	0	0
AF	0	0.483670	2	0	2	2	0	0	2
AF	0	0.484448	4	2	2	0	0	0	0
AF	0	0.485226	2	1	1	0	0	0	0
AF	0	0.486003	1	1	0	1	0	0	1
AF	0	0.486781	4	0	4	0	0	0	0
AF	0	0.487558	3	2	1	0	0	0	0
AF	0	0.488336	3	0	3	0	0	0	0
AF	0	0.489114	4	3	1	0	0	0	0
AF	0	0.489891	1	1	0	1	0	0	1
AF	0	0.490669	5	5	0	0	0	0	0
AF	0	0.491446	3	1	2	0	0	0	0
AF	0	0.493002	4	1	3	0	0	0	0
AF	0	0.493779	4	1	3	0	0	0	0
AF	0	0.494557	4	1	3	0	0	0	0
AF	0	0.495334	2	0	2	0	0	0	0
AF	0	0.496112	3	2	1	1	0	0	1
AF	0	0.496890	7	4	3	0	0	0	0
AF	0	0.497667	4	2	2	0	0	0	0
AF	0	0.498445	2	0	2	0	0	0	0
AF	0	0.499222	6	1	5	0	0	0	0
AF	0	0.500000	1	1	0	1	0	0	1
AF	0	0.500778	4	2	2	1	0	0	1
AF	0	0.501555	5	4	1	0	0	0	0
AF	0	0.502333	4	3	1	0	0	0	0
AF	0	0.503110	3	0	3	0	0	0	0
AF	0	0.503888	7	5	2	1	0	0	1
AF	0	0.504666	5	0	5	0	0	0	0
AF	0	0.505443	3	1	2	0	0	0	0
AF	0	0.506221	4	3	1	0	0	0	0
AF	0	0.506998	6	3	3	0	0	0	0
AF	0	0.507776	2	1	1	0	0	0	0
AF	0	0.508554	2	0	2	0	0	0	0
AF	0	0.509331	3	1	2	0	0	0	0
AF	0	0.510109	2	2	0	0	0	0	0
AF	0	0.510886	4	1	3	0	0	0	0
AF	0	0.511664	1	1	0	0	0	0	0
AF	0	0.512442	5	2	3	0	0	0	0
AF	0	0.513219	2	0	2	2	0	0	2
AF	0	0.513997	5	2	3	0	0	0	0
AF	0	0.514774	3	3	0	0	0	0	0
AF	0	0.515552	3	1	2	2	0	0	2
AF	0	0.516330	2	2	0	1	0	0	1
AF	0	0.517107	1	0	1	0	0	0	0
AF	0	0.517885	0	0	0	1	0	0	1
AF	0	0.518663	7	6	1	0	0	0	0
AF	0	0.519440	3	2	1	1	0	0	1
AF	0	0.520218	4	3	1	1	0	0	1
AF	0	0.520995	6	2	4	0	0	0	0
AF	0	0.521773	2	1	1	1	0	0	1
AF	0	0.522551	3	1	2	0	0	0	0
AF	0	0.523328	0	0	0	1	0	0	1
AF	0	0.524106	9	2	7	0	0	0	0
AF	0	0.524883	4	2	2	0	0	0	0
AF	0	0.525661	4	1	3	1	0	0	1
AF	0	0.526439	4	0	4	0	0	0	0
AF	0	0.527216	5	5	0	0	0	0	0
AF	0	0.527994	4	2	2	0	0	0	0
AF	0	0.528771	1	1	0	0	0	0	0
AF	0	0.530327	2	1	1	1	0	0	1
AF	0	0.531104	1	1	0	0	0	0	0
AF	0	0.532659	2	2	0	0	0	0	0
AF	0	0.533437	3	2	1	0	0	0	0
AF	0	0.534215	2	1	1	1	0	0	1
AF	0	0.536547	5	2	3	0	0	0	0
AF	0	0.537325	3	1	2	0	0	0	0
AF	0	0.538103	5	4	1	0	0	0	0
AF	0	0.538880	2	1	1	0	0	0	0
AF	0	0.539658	1	1	0	1	0	0	1
AF	0	0.540435	5	3	2	0	0	0	0
AF	0	0.541213	2	1	1	0	0	0	0
AF	0	0.541991	1	1	0	1	0	0	1
AF	0	0.542768	1	0	1	0	0	0	0
AF	0	0.543546	2	0	2	0	0	0	0
AF	0	0.544323	1	1	0	0	0	0	0
AF	0	0.545101	2	2	0	0	0	0	0
AF	0	0.545879	1	1	0	0	0	0	0
AF	0	0.546656	1	0	1	0	0	0	0
AF	0	0.547434	2	0	2	0	0	0	0
AF	0	0.548212	3	2	1	1	0	0	1
AF	0	0.548989	4	3	1	0	0	0	0
AF	0	0.549767	1	1	0	0	0	0	0
AF	0	0.550544	1	1	0	0	0	0	0
AF	0	0.551322	2	1	1	2	0	0	2
AF	0	0.552100	2	2	0	0	0	0	0
AF	0	0.552877	2	1	1	0	0	0	0
AF	0	0.553655	3	1	2	1	0	0	1
AF	0	0.554432	1	1	0	0	0	0	0
AF	0	0.555210	2	2	0	0	0	0	0
AF	0	0.555988	1	1	0	0	0	0	0
AF	0	0.556765	1	0	1	0	0	0	0
AF	0	0.557543	2	1	1	0	0	0	0
AF	0	0.558320	2	2	0	0	0	0	0
AF	0	0.559098	1	1	0	2	0	0	2
AF	0	0.559876	3	1	2	0	0	0	0
AF	0	0.560653	1	1	0	1	0	0	1
AF	0	0.561431	2	0	2	0	0	0	0
AF	0	0.562208	1	0	1	0	0	0	0
AF	0	0.562986	2	1	1	0	0	0	0
AF	0	0.563764	4	1	3	0	0	0	0
AF	0	0.564541	1	1	0	0	0	0	0
AF	0	0.565319	6	4	2	1	0	0	1
AF	0	0.566096	2	1	1	0	0	0	0
AF	0	0.566874	4	4	0	0	0	0	0
AF	0	0.567652	2	1	1	0	0	0	0
AF	0	0.569207	3	2	1	0	0	0	0
AF	0	0.569984	3	0	3	0	0	0	0
AF	0	0.570762	4	3	1	0	0	0	0
AF	0	0.572317	1	0	1	0	0	0	0
AF	0	0.573095	1	1	0	1	0	0	1
AF	0	0.573872	3	1	2	0	0	0	0
AF	0	0.574650	1	0	1	0	0	0	0
AF	0	0.575428	2	0	2	0	0	0	0
AF	0	0.576205	1	1	0	0	0	0	0
AF	0	0.576983	1	0	1	1	0	0	1
AF	0	0.577760	1	0	1	1	0	0	1
AF	0	0.578538	1	1	0	0	0	0	0
AF	0	0.579316	1	1	0	1	0	0	1
AF	0	0.580093	2	0	2	0	0	0	0
AF	0	0.582426	2	1	1	0	0	0	0
AF	0	0.583204	1	1	0	0	0	0	0
AF	0	0.583981	3	2	1	0	0	0	0
AF	0	0.584759	1	1	0	0	0	0	0
AF	0	0.585537	1	0	1	0	0	0	0
AF	0	0.586314	0	0	0	1	0	0	1
AF	0	0.587092	1	0	1	0	0	0	0
AF	0	0.587869	2	0	2	0	0	0	0
AF	0	0.590202	1	0	1	1	0	0	1
AF	0	0.590980	1	0	1	0	0	0	0
AF	0	0.591757	1	0	1	0	0	0	0
AF	0	0.593313	3	0	3	0	0	0	0
AF	0	0.594090	1	0	1	0	0	0	0
AF	0	0.594868	1	0	1	0	0	0	0
AF	0	0.595645	2	0	2	0	0	0	0
AF	0	0.596423	2	0	2	0	0	0	0
AF	0	0.597201	1	0	1	0	0	0	0
AF	0	0.598756	1	1	0	0	0	0	0
AF	0	0.599533	3	1	2	0	0	0	0
AF	0	0.600311	1	0	1	2	0	0	2
AF	0	0.601089	1	0	1	0	0	0	0
AF	0	0.601866	3	1	2	2	0	0	2
AF	0	0.604199	1	0	1	0	0	0	0
AF	0	0.604977	2	2	0	0	0	0	0
AF	0	0.607309	1	1	0	1	0	0	1
AF	0	0.608087	2	1	1	0	0	0	0
AF	0	0.608865	2	0	2	0	0	0	0
AF	0	0.609642	1	0	1	0	0	0	0
AF	0	0.610420	2	0	2	0	0	0	0
AF	0	0.611198	1	1	0	0	0	0	0
AF	0	0.611975	3	2	1	0	0	0	0
AF	0	0.612753	2	1	1	1	0	0	1
AF	0	0.613530	2	1	1	0	0	0	0
AF	0	0.614308	3	2	1	0	0	0	0
AF	0	0.615086	1	1	0	0	0	0	0
AF	0	0.615863	1	1	0	0	0	0	0
AF	0	0.617418	1	0	1	0	0	0	0
AF	0	0.618974	2	0	2	0	0	0	0
AF	0	0.620529	4	0	4	0	0	0	0
AF	0	0.621306	1	1	0	1	0	0	1
AF	0	0.622084	1	0	1	1	0	0	1
AF	0	0.622862	2	1	1	0	0	0	0
AF	0	0.624417	3	2	1	1	0	0	1
AF	0	0.625194	1	1	0	2	0	0	2
AF	0	0.626750	1	1	0	0	0	0	0
AF	0	0.627527	1	1	0	1	0	0	1
AF	0	0.628305	2	0	2	0	0	0	0
AF	0	0.630638	1	0	1	0	0	0	0
AF	0	0.631415	1	0	1	0	0	0	0
AF	0	0.632193	1	0	1	0	0	0	0
AF	0	0.632970	1	0	1	0	0	0	0
AF	0	0.634526	1	1	0	0	0	0	0
AF	0	0.635303	1	1	0	0	0	0	0
AF	0	0.636081	1	0	1	1	0	0	1
AF	0	0.636858	2	1	1	1	0	0	1
AF	0	0.637636	1	1	0	1	0	0	1
AF	0	0.638414	1	0	1	0	0	0	0
AF	0	0.639191	1	0	1	0	0	0	0
AF	0	0.640747	2	1	1	0	0	0	0
AF	0	0.641524	2	2	0	0	0	0	0
AF	0	0.642302	1	1	0	0	0	0	0
AF	0	0.643079	1	1	0	0	0	0	0
AF	0	0.644635	0	0	0	1	0	0	1
AF	0	0.646190	1	0	1	0	0	0	0
AF	0	0.647745	0	0	0	1	0	0	1
AF	0	0.648523	0	0	0	1	0	0	1
AF	0	0.649300	1	0	1	0	0	0	0
AF	0	0.650078	2	0	2	0	0	0	0
AF	0	0.650855	1	1	0	1	0	0	1
AF	0	0.651633	0	0	0	1	0	0	1
AF	0	0.652411	0	0	0	1	0	0	1
AF	0	0.653188	1	0	1	1	0	0	1
AF	0	0.653966	2	1	1	0	0	0	0
AF	0	0.654743	1	0	1	0	0	0	0
AF	0	0.655521	1	0	1	0	0	0	0
AF	0	0.656299	1	0	1	0	0	0	0
AF	0	0.657854	2	1	1	0	0	0	0
AF	0	0.660187	2	0	2	2	0	0	2
AF	0	0.660964	1	0	1	0	0	0	0
AF	0	0.661742	0	0	0	1	0	0	1
AF	0	0.662519	1	0	1	0	0	0	0
AF	0	0.664075	1	0	1	0	0	0	0
AF	0	0.664852	1	1	0	0	0	0	0
AF	0	0.665630	4	2	2	1	0	0	1
AF	0	0.666407	2	1	1	0	0	0	0
AF	0	0.667185	1	0	1	0	0	0	0
AF	0	0.667963	1	1	0	0	0	0	0
AF	0	0.668740	1	0	1	0	0	0	0
AF	0	0.669518	4	0	4	1	0	0	1
AF	0	0.671073	3	3	0	0	0	0	0
AF	0	0.671851	0	0	0	1	0	0	1
AF	0	0.674184	0	0	0	1	0	0	1
AF	0	0.674961	1	0	1	0	0	0	0
AF	0	0.675739	1	0	1	0	0	0	0
AF	0	0.676516	1	1	0	0	0	0	0
AF	0	0.677294	3	2	1	0	0	0	0
AF	0	0.678072	1	1	0	1	0	0	1
AF	0	0.678849	1	1	0	0	0	0	0
AF	0	0.681182	2	0	2	0	0	0	0
AF	0	0.681960	0	0	0	1	0	0	1
AF	0	0.682737	1	0	1	0	0	0	0
AF	0	0.683515	3	1	2	0	0	0	0
AF	0	0.684292	0	0	0	1	0	0	1
AF	0	0.685070	1	0	1	0	0	0	0
AF	0	0.685848	0	0	0	2	0	0	2
AF	0	0.686625	2	0	2	1	0	0	1
AF	0	0.687403	2	0	2	0	0	0	0
AF	0	0.688180	2	0	2	0	0	0	0
AF	0	0.688958	0	0	0	1	0	0	1
AF	0	0.689736	4	2	2	1	0	0	1
AF	0	0.690513	1	0	1	1	0	0	1
AF	0	0.691291	6	2	4	0	0	0	0
AF	0	0.692068	7	4	3	0	0	0	0
AF	0	0.692846	4	2	2	1	0	0	1
AF	0	0.693624	9	4	5	2	0	0	2
AF	0	0.694401	49	34	15	1	0	0	1
AF	0	0.695179	153	96	57	4	0	0	4
AF	0	0.695956	1	1	0	0	0	0	0
AF	0	0.696734	2	2	0	0	0	0	0
AF	0	0.698289	1	0	1	0	0	0	0
AF	0	0.699067	3	2	1	0	0	0	0
AF	0	0.699844	3	1	2	0	0	0	0
AF	0	0.700622	1	0	1	0	0	0	0
AF	0	0.701400	2	0	2	0	0	0	0
AF	0	0.702177	2	1	1	0	0	0	0
AF	0	0.702955	1	1	0	0	0	0	0
AF	0	0.703733	1	0	1	0	0	0	0
AF	0	0.704510	1	0	1	0	0	0	0
AF	0	0.705288	5	2	3	1	0	0	1
AF	0	0.706065	2	0	2	0	0	0	0
AF	0	0.706843	3	1	2	0	0	0	0
AF	0	0.707621	1	1	0	1	0	0	1
AF	0	0.709176	1	0	1	0	0	0	0
AF	0	0.709953	2	0	2	0	0	0	0
AF	0	0.711509	0	0	0	1	0	0	1
AF	0	0.712286	1	0	1	0	0	0	0
AF	0	0.715397	1	0	1	0	0	0	0
AF	0	0.718507	1	0	1	0	0	0	0
AF	0	0.719285	2	0	2	2	0	0	2
AF	0	0.720062	2	1	1	0	0	0	0
AF	0	0.721617	1	1	0	0	0	0	0
AF	0	0.722395	1	0	1	0	0	0	0
AF	0	0.723173	1	0	1	2	0	0	2
AF	0	0.723950	2	0	2	0	0	0	0
AF	0	0.726283	3	1	2	1	0	0	1
AF	0	0.727838	1	1	0	0	0	0	0
AF	0	0.728616	2	2	0	1	0	0	1
AF	0	0.729393	1	0	1	1	0	0	1
AF	0	0.730171	1	1	0	0	0	0	0
AF	0	0.730949	2	1	1	2	0	0	2
AF	0	0.731726	16	8	8	0	0	0	0
AF	0	0.732504	60	35	25	2	0	0	2
AF	0	0.733281	1	1	0	0	0	0	0
AF	0	0.734059	1	0	1	0	0	0	0
AF	0	0.734837	1	0	1	0	0	0	0
AF	0	0.735614	2	2	0	1	0	0	1
AF	0	0.738725	3	2	1	0	0	0	0
AF	0	0.740280	1	1	0	0	0	0	0
AF	0	0.741835	1	0	1	0	0	0	0
AF	0	0.743390	2	1	1	1	0	0	1
AF	0	0.744168	4	2	2	0	0	0	0
AF	0	0.744946	2	1	1	0	0	0	0
AF	0	0.745723	2	1	1	0	0	0	0
AF	0	0.746501	2	1	1	0	0	0	0
AF	0	0.748834	9	4	5	0	0	0	0
AF	0	0.750389	3	0	3	0	0	0	0
AF	0	0.751944	1	0	1	1	0	0	1
AF	0	0.752722	1	0	1	0	0	0	0
AF	0	0.754277	2	1	1	2	0	0	2
AF	0	0.755054	3	2	1	0	0	0	0
AF	0	0.755832	2	2	0	2	0	0	2
AF	0	0.756610	5	4	1	0	0	0	0
AF	0	0.757387	3	1	2	1	0	0	1
AF	0	0.758165	60	36	24	1	0	0	1
AF	0	0.758942	11	8	3	0	0	0	0
AF	0	0.760498	1	0	1	1	0	0	1
AF	0	0.761275	4	2	2	0	0	0	0
AF	0	0.762053	0	0	0	1	0	0	1
AF	0	0.762830	1	1	0	0	0	0	0
AF	0	0.763608	2	0	2	0	0	0	0
AF	0	0.764386	2	1	1	0	0	0	0
AF	0	0.765941	2	1	1	0	0	0	0
AF	0	0.767496	3	2	1	0	0	0	0
AF	0	0.768274	3	1	2	0	0	0	0
AF	0	0.769051	1	0	1	0	0	0	0
AF	0	0.769829	3	1	2	1	0	0	1
AF	0	0.770607	2	1	1	0	0	0	0
AF	0	0.772162	1	1	0	0	0	0	0
AF	0	0.772939	1	0	1	0	0	0	0
AF	0	0.775272	1	0	1	0	0	0	0
AF	0	0.776827	1	1	0	0	0	0	0
AF	0	0.777605	2	1	1	0	0	0	0
AF	0	0.778383	1	1	0	0	0	0	0
AF	0	0.779160	1	1	0	0	0	0	0
AF	0	0.779938	1	1	0	0	0	0	0
AF	0	0.780715	0	0	0	1	0	0	1
AF	0	0.781493	1	0	1	0	0	0	0
AF	0	0.783048	1	0	1	0	0	0	0
AF	0	0.784603	1	0	1	1	0	0	1
AF	0	0.785381	2	0	2	0	0	0	0
AF	0	0.786936	3	3	0	0	0	0	0
AF	0	0.788491	1	1	0	1	0	0	1
AF	0	0.790047	1	0	1	1	0	0	1
AF	0	0.790824	2	0	2	0	0	0	0
AF	0	0.791602	1	0	1	1	0	0	1
AF	0	0.792379	1	0	1	1	0	0	1
AF	0	0.793157	2	1	1	0	0	0	0
AF	0	0.793935	1	1	0	0	0	0	0
AF	0	0.796267	2	1	1	0	0	0	0
AF	0	0.797045	1	1	0	1	0	0	1
AF	0	0.799378	2	1	1	0	0	0	0
AF	0	0.800933	3	2	1	0	0	0	0
AF	0	0.802488	0	0	0	1	0	0	1
AF	0	0.803266	1	1	0	0	0	0	0
AF	0	0.804044	1	1	0	0	0	0	0
AF	0	0.804821	2	1	1	0	0	0	0
AF	0	0.806376	3	1	2	0	0	0	0
AF	0	0.807154	0	0	0	1	0	0	1
AF	0	0.807932	0	0	0	1	0	0	1
AF	0	0.808709	1	1	0	0	0	0	0
AF	0	0.809487	2	2	0	0	0	0	0
AF	0	0.810264	2	1	1	0	0	0	0
AF	0	0.811042	0	0	0	1	0	0	1
AF	0	0.811820	2	2	0	0	0	0	0
AF	0	0.812597	1	0	1	0	0	0	0
AF	0	0.814152	1	1	0	0	0	0	0
AF	0	0.814930	1	1	0	0	0	0	0
AF	0	0.815708	2	1	1	0	0	0	0
AF	0	0.816485	1	0	1	0	0	0	0
AF	0	0.817263	2	1	1	0	0	0	0
AF	0	0.818040	1	0	1	2	0	0	2
AF	0	0.821151	2	1	1	0	0	0	0
AF	0	0.821928	3	1	2	2	0	0	2
AF	0	0.822706	6	3	3	1	0	0	1
AF	0	0.823484	5	4	1	0	0	0	0
AF	0	0.824261	4	2	2	0	0	0	0
AF	0	0.825039	6	4	2	0	0	0	0
AF	0	0.825816	28	19	9	1	0	0	1
AF	0	0.826594	42	24	18	3	0	0	3
AF	0	0.827372	44	32	12	1	0	0	1
AF	0	0.828149	114	69	45	3	0	0	3
AF	0	0.828927	2	1	1	0	0	0	0
AF	0	0.830482	1	0	1	0	0	0	0
AF	0	0.831260	1	1	0	0	0	0	0
AF	0	0.832037	8	3	5	1	0	0	1
AF	0	0.832815	4	2	2	0	0	0	0
AF	0	0.833593	13	10	3	0	0	0	0
AF	0	0.835148	2	2	0	0	0	0	0
AF	0	0.835925	1	0	1	0	0	0	0
AF	0	0.836703	2	0	2	0	0	0	0
AF	0	0.837481	1	0	1	0	0	0	0
AF	0	0.838258	1	0	1	0	0	0	0
AF	0	0.839036	2	1	1	0	0	0	0
AF	0	0.840591	1	0	1	0	0	0	0
AF	0	0.841369	3	1	2	0	0	0	0
AF	0	0.842924	1	1	0	0	0	0	0
AF	0	0.844479	2	1	1	0	0	0	0
AF	0	0.845257	1	0	1	1	0	0	1
AF	0	0.846034	1	1	0	1	0	0	1
AF	0	0.846812	1	0	1	0	0	0	0
AF	0	0.849145	1	1	0	0	0	0	0
AF	0	0.851477	1	1	0	0	0	0	0
AF	0	0.852255	1	0	1	0	0	0	0
AF	0	0.853033	2	1	1	1	0	0	1
AF	0	0.855365	1	0	1	1	0	0	1
AF	0	0.856143	4	2	2	0	0	0	0
AF	0	0.856921	2	1	1	0	0	0	0
AF	0	0.857698	1	1	0	0	0	0	0
AF	0	0.858476	2	1	1	0	0	0	0
AF	0	0.859253	3	2	1	0	0	0	0
AF	0	0.862364	1	0	1	0	0	0	0
AF	0	0.863142	1	0	1	0	0	0	0
AF	0	0.863919	1	1	0	0	0	0	0
AF	0	0.864697	1	0	1	0	0	0	0
AF	0	0.866252	1	0	1	0	0	0	0
AF	0	0.867030	2	1	1	0	0	0	0
AF	0	0.867807	1	1	0	0	0	0	0
AF	0	0.868585	1	1	0	0	0	0	0
AF	0	0.870140	1	0	1	0	0	0	0
AF	0	0.870918	1	1	0	0	0	0	0
AF	0	0.871695	2	1	1	0	0	0	0
AF	0	0.873250	1	1	0	0	0	0	0
AF	0	0.874806	2	1	1	0	0	0	0
AF	0	0.876361	2	0	2	0	0	0	0
AF	0	0.877916	3	1	2	0	0	0	0
AF	0	0.878694	3	2	1	0	0	0	0
AF	0	0.879471	2	1	1	0	0	0	0
AF	0	0.881026	3	3	0	0	0	0	0
AF	0	0.881804	1	1	0	0	0	0	0
AF	0	0.882582	2	0	2	0	0	0	0
AF	0	0.884137	1	1	0	0	0	0	0
AF	0	0.884914	1	0	1	0	0	0	0
AF	0	0.885692	1	0	1	0	0	0	0
AF	0	0.886470	2	0	2	0	0	0	0
AF	0	0.888025	4	1	3	1	0	0	1
AF	0	0.888802	1	0	1	0	0	0	0
AF	0	0.889580	2	1	1	0	0	0	0
AF	0	0.890358	2	1	1	0	0	0	0
AF	0	0.891135	1	0	1	0	0	0	0
AF	0	0.891913	4	2	2	0	0	0	0
AF	0	0.893468	3	2	1	0	0	0	0
AF	0	0.894246	2	1	1	0	0	0	0
AF	0	0.895023	1	0	1	1	0	0	1
AF	0	0.895801	1	1	0	0	0	0	0
AF	0	0.896579	1	0	1	0	0	0	0
AF	0	0.897356	2	1	1	0	0	0	0
AF	0	0.898134	1	1	0	0	0	0	0
AF	0	0.898911	3	0	3	0	0	0	0
AF	0	0.899689	2	0	2	0	0	0	0
AF	0	0.900467	1	1	0	0	0	0	0
AF	0	0.901244	2	2	0	0	0	0	0
AF	0	0.902022	1	0	1	0	0	0	0
AF	0	0.902799	1	0	1	0	0	0	0
AF	0	0.903577	3	1	2	0	0	0	0
AF	0	0.904355	1	1	0	0	0	0	0
AF	0	0.905132	1	0	1	1	0	0	1
AF	0	0.905910	1	0	1	0	0	0	0
AF	0	0.906687	1	0	1	0	0	0	0
AF	0	0.907465	2	1	1	0	0	0	0
AF	0	0.908243	2	0	2	0	0	0	0
AF	0	0.909798	2	1	1	0	0	0	0
AF	0	0.910575	3	1	2	0	0	0	0
AF	0	0.911353	1	0	1	0	0	0	0
AF	0	0.912131	2	0	2	0	0	0	0
AF	0	0.912908	1	0	1	0	0	0	0
AF	0	0.914463	2	1	1	0	0	0	0
AF	0	0.915241	1	0	1	0	0	0	0
AF	0	0.916019	1	0	1	1	0	0	1
AF	0	0.916796	2	2	0	0	0	0	0
AF	0	0.917574	1	0	1	1	0	0	1
AF	0	0.918351	1	1	0	0	0	0	0
AF	0	0.919129	1	0	1	0	0	0	0
AF	0	0.920684	3	0	3	0	0	0	0
AF	0	0.921462	1	1	0	0	0	0	0
AF	0	0.922240	1	1	0	0	0	0	0
AF	0	0.923017	4	1	3	0	0	0	0
AF	0	0.923795	2	0	2	0	0	0	0
AF	0	0.924572	2	0	2	0	0	0	0
AF	0	0.925350	0	0	0	1	0	0	1
AF	0	0.926128	2	0	2	0	0	0	0
AF	0	0.927683	4	1	3	0	0	0	0
AF	0	0.928460	1	0	1	0	0	0	0
AF	0	0.929238	5	2	3	0	0	0	0
AF	0	0.931571	1	0	1	0	0	0	0
AF	0	0.932348	2	1	1	0	0	0	0
AF	0	0.933904	3	0	3	1	0	0	1
AF	0	0.934681	1	1	0	0	0	0	0
AF	0	0.936236	1	1	0	0	0	0	0
AF	0	0.937014	2	2	0	0	0	0	0
AF	0	0.938569	2	1	1	0	0	0	0
AF	0	0.940124	3	0	3	0	0	0	0
AF	0	0.942457	1	1	0	0	0	0	0
AF	0	0.943235	1	0	1	0	0	0	0
AF	0	0.944012	3	1	2	0	0	0	0
AF	0	0.944790	4	3	1	0	0	0	0
AF	0	0.945568	2	1	1	0	0	0	0
AF	0	0.946345	1	0	1	1	0	0	1
AF	0	0.947123	1	1	0	0	0	0	0
AF	0	0.947900	2	0	2	0	0	0	0
AF	0	0.948678	1	0	1	0	0	0	0
AF	0	0.949456	4	3	1	1	0	0	1
AF	0	0.950233	1	0	1	0	0	0	0
AF	0	0.951011	1	1	0	0	0	0	0
AF	0	0.951788	2	2	0	0	0	0	0
AF	0	0.953344	4	1	3	0	0	0	0
AF	0	0.954121	4	1	3	0	0	0	0
AF	0	0.954899	1	0	1	0	0	0	0
AF	0	0.955677	2	1	1	0	0	0	0
AF	0	0.956454	3	2	1	0	0	0	0
AF	0	0.957232	4	1	3	1	0	0	1
AF	0	0.958009	5	3	2	1	0	0	1
AF	0	0.958787	1	0	1	0	0	0	0
AF	0	0.960342	1	0	1	0	0	0	0
AF	0	0.961120	3	2	1	0	0	0	0
AF	0	0.961897	3	0	3	0	0	0	0
AF	0	0.963453	8	1	7	0	0	0	0
AF	0	0.964230	3	0	3	0	0	0	0
AF	0	0.965008	4	3	1	0	0	0	0
AF	0	0.965785	3	1	2	0	0	0	0
AF	0	0.966563	2	0	2	0	0	0	0
AF	0	0.967341	1	1	0	0	0	0	0
AF	0	0.968118	4	1	3	0	0	0	0
AF	0	0.968896	2	1	1	0	0	0	0
AF	0	0.969673	3	0	3	0	0	0	0
AF	0	0.970451	2	1	1	0	0	0	0
AF	0	0.971229	4	0	4	0	0	0	0
AF	0	0.972006	2	0	2	0	0	0	0
AF	0	0.972784	4	2	2	0	0	0	0
AF	0	0.973561	1	0	1	0	0	0	0
AF	0	0.974339	2	1	1	0	0	0	0
AF	0	0.975117	4	1	3	0	0	0	0
AF	0	0.975894	4	2	2	1	0	0	1
AF	0	0.977449	1	1	0	0	0	0	0
AF	0	0.978227	2	2	0	0	0	0	0
AF	0	0.979005	3	2	1	0	0	0	0
AF	0	0.979782	7	3	4	0	0	0	0
AF	0	0.980560	3	1	2	0	0	0	0
AF	0	0.981337	4	2	2	0	0	0	0
AF	0	0.982115	8	3	5	0	0	0	0
AF	0	0.982893	6	4	2	0	0	0	0
AF	0	0.983670	5	3	2	1	0	0	1
AF	0	0.984448	5	0	5	0	0	0	0
AF	0	0.985226	7	2	5	1	0	0	1
AF	0	0.986003	7	2	5	0	0	0	0
AF	0	0.986781	8	4	4	0	0	0	0
AF	0	0.987558	5	3	2	0	0	0	0
AF	0	0.988336	13	5	8	1	0	0	1
AF	0	0.989114	8	4	4	0	0	0	0
AF	0	0.989891	5	3	2	1	0	0	1
AF	0	0.990669	3	1	2	1	0	0	1
AF	0	0.991446	9	1	8	0	0	0	0
AF	0	0.992224	7	4	3	0	0	0	0
AF	0	0.993002	4	1	3	0	0	0	0
AF	0	0.993779	10	5	5	1	0	0	1
AF	0	0.994557	12	5	7	3	0	0	3
AF	0	0.995334	10	7	3	0	0	0	0
AF	0	0.996112	7	2	5	1	0	0	1
AF	0	0.996890	13	3	10	5	0	0	5
AF	0	0.997667	41	20	21	1	0	0	1
AF	0	0.998445	6	3	3	4	0	0	4
AF	0	0.999222	200	95	105	31	0	0	31
# QUAL, Stats by quality:
# QUAL	[2]id	[3]Quality	[4]number of SNPs	[5]number of transitions (1st ALT)	[6]number of transversions (1st ALT)	[7]number of indels
QUAL	0	30	134	72	62	0
QUAL	0	31	225	122	103	0
QUAL	0	32	312	162	150	0
QUAL	0	33	185	97	88	0
QUAL	0	34	186	103	83	0
QUAL	0	35	203	95	108	1
QUAL	0	36	143	64	79	0
QUAL	0	37	310	159	151	0
QUAL	0	38	411	210	201	0
QUAL	0	39	160	88	72	0
QUAL	0	40	158	79	79	0
QUAL	0	41	163	80	83	2
QUAL	0	42	133	63	70	0
QUAL	0	43	103	45	58	0
QUAL	0	44	127	55	72	3
QUAL	0	45	90	38	52	1
QUAL	0	46	103	53	50	0
QUAL	0	47	124	63	61	1
QUAL	0	48	98	49	49	0
QUAL	0	49	94	49	45	1
QUAL	0	50	89	42	47	1
QUAL	0	51	89	48	41	2
QUAL	0	52	96	49	47	1
QUAL	0	53	83	40	43	1
QUAL	0	54	106	52	54	3
QUAL	0	55	83	42	41	2
QUAL	0	56	97	52	45	0
QUAL	0	57	273	147	126	12
QUAL	0	58	674	310	364	18
QUAL	0	59	223	97	126	5
QUAL	0	60	257	105	152	6
QUAL	0	61	146	67	79	4
QUAL	0	62	183	82	101	1
QUAL	0	63	210	110	100	1
QUAL	0	64	164	85	79	2
QUAL	0	65	128	67	61	1
QUAL	0	66	113	59	53	1
QUAL	0	67	115	49	66	1
QUAL	0	68	104	49	55	1
QUAL	0	69	118	57	61	0
QUAL	0	70	128	56	72	2
QUAL	0	71	270	128	142	1
QUAL	0	72	332	153	179	1
QUAL	0	73	142	91	51	1
QUAL	0	74	104	51	53	1
QUAL	0	75	108	48	60	3
QUAL	0	76	105	56	49	1
QUAL	0	77	136	59	77	0
QUAL	0	78	80	38	42	2
QUAL	0	79	81	37	44	0
QUAL	0	80	83	33	48	2
QUAL	0	81	112	54	57	1
QUAL	0	82	112	52	59	0
QUAL	0	83	74	38	34	1
QUAL	0	84	75	38	37	0
QUAL	0	85	59	29	30	0
QUAL	0	86	87	42	44	0
QUAL	0	87	89	42	46	1
QUAL	0	88	83	44	39	2
QUAL	0	89	82	44	38	3
QUAL	0	90	70	37	33	0
QUAL	0	91	78	38	37	0
QUAL	0	92	81	43	37	0
QUAL	0	93	106	48	58	0
QUAL	0	94	87	47	39	1
QUAL	0	95	167	91	74	1
QUAL	0	96	95	54	40	1
QUAL	0	97	108	54	50	0
QUAL	0	98	95	34	60	0
QUAL	0	99	78	40	36	1
QUAL	0	100	62	25	37	1
QUAL	0	101	75	34	39	0
QUAL	0	102	160	83	77	6
QUAL	0	103	309	134	175	3
QUAL	0	104	100	45	53	1
QUAL	0	105	107	42	60	1
QUAL	0	106	222	122	98	2
QUAL	0	107	286	149	136	2
QUAL	0	108	103	51	50	1
QUAL	0	109	84	40	43	0
QUAL	0	110	57	28	28	0
QUAL	0	111	62	26	32	1
QUAL	0	112	61	31	28	0
QUAL	0	113	67	30	37	2
QUAL	0	114	53	22	30	1
QUAL	0	115	60	31	28	0
QUAL	0	116	87	45	37	2
QUAL	0	117	88	47	41	1
QUAL	0	118	64	33	30	0
QUAL	0	119	54	24	29	4
QUAL	0	120	73	36	27	1
QUAL	0	121	98	52	41	1
QUAL	0	122	146	59	85	4
QUAL	0	123	82	36	42	4
QUAL	0	124	55	27	27	2
QUAL	0	125	66	38	26	1
QUAL	0	126	78	40	37	3
QUAL	0	127	139	70	67	3
QUAL	0	128	76	35	39	0
QUAL	0	129	58	31	27	1
QUAL	0	130	68	44	22	3
QUAL	0	131	89	42	47	1
QUAL	0	132	93	55	37	0
QUAL	0	133	67	33	33	1
QUAL	0	134	68	31	34	0
QUAL	0	135	54	28	26	2
QUAL	0	136	61	33	26	1
QUAL	0	137	59	31	26	2
QUAL	0	138	59	26	32	1
QUAL	0	139	65	30	33	2
QUAL	0	140	68	26	42	0
QUAL	0	141	236	114	119	1
QUAL	0	142	251	134	116	2
QUAL	0	143	76	35	38	0
QUAL	0	144	88	40	47	2
QUAL	0	145	67	37	29	2
QUAL	0	146	52	19	32	4
QUAL	0	147	133	59	72	5
QUAL	0	148	148	61	87	4
QUAL	0	149	69	25	43	1
QUAL	0	150	92	39	48	5
QUAL	0	151	75	39	36	1
QUAL	0	152	55	29	26	3
QUAL	0	153	57	22	32	0
QUAL	0	154	44	24	18	2
QUAL	0	155	38	15	22	3
QUAL	0	156	62	37	24	0
QUAL	0	157	61	27	31	2
QUAL	0	158	56	27	28	2
QUAL	0	159	67	37	30	0
QUAL	0	160	40	21	19	1
QUAL	0	161	62	29	32	6
QUAL	0	162	59	29	29	1
QUAL	0	163	44	18	22	3
QUAL	0	164	60	36	23	1
QUAL	0	165	56	33	22	2
QUAL	0	166	110	57	51	1
QUAL	0	167	122	66	56	2
QUAL	0	168	56	29	27	1
QUAL	0	169	66	31	33	1
QUAL	0	170	70	35	33	4
QUAL	0	171	41	16	23	1
QUAL	0	172	50	21	29	0
QUAL	0	173	58	27	30	2
QUAL	0	174	70	33	37	1
QUAL	0	175	95	46	47	2
QUAL	0	176	289	164	123	1
QUAL	0	177	286	180	102	0
QUAL	0	178	54	28	22	2
QUAL	0	179	54	30	24	1
QUAL	0	180	43	21	22	2
QUAL	0	181	63	33	26	2
QUAL	0	182	51	29	21	1
QUAL	0	183	60	30	26	0
QUAL	0	184	57	30	26	1
QUAL	0	185	83	46	35	3
QUAL	0	186	95	50	41	2
QUAL	0	187	53	29	22	1
QUAL	0	188	61	28	32	1
QUAL	0	189	57	29	24	2
QUAL	0	190	80	43	36	2
QUAL	0	191	60	29	28	2
QUAL	0	192	70	40	30	11
QUAL	0	193	125	60	63	6
QUAL	0	194	47	18	27	2
QUAL	0	195	64	32	31	3
QUAL	0	196	65	34	30	3
QUAL	0	197	51	26	23	2
QUAL	0	198	56	32	23	1
QUAL	0	199	39	25	13	5
QUAL	0	200	72	43	27	2
QUAL	0	201	100	53	47	1
QUAL	0	202	57	27	28	2
QUAL	0	203	39	19	19	0
QUAL	0	204	62	34	27	0
QUAL	0	205	40	19	21	0
QUAL	0	206	48	27	17	1
QUAL	0	207	63	35	25	0
QUAL	0	208	67	36	30	0
QUAL	0	209	46	20	23	0
QUAL	0	210	352	195	155	2
QUAL	0	211	406	229	176	6
QUAL	0	212	59	28	27	4
QUAL	0	213	52	21	30	0
QUAL	0	214	43	25	16	2
QUAL	0	215	40	17	22	3
QUAL	0	216	61	20	37	4
QUAL	0	217	51	27	22	2
QUAL	0	218	37	15	21	1
QUAL	0	219	44	16	25	1
QUAL	0	220	107	65	41	2
QUAL	0	221	111	71	39	3
QUAL	0	222	60	34	25	2
QUAL	0	223	45	21	23	4
QUAL	0	224	36	16	16	10
QUAL	0	225	71	34	35	3
QUAL	0	226	59	26	30	3
QUAL	0	227	53	33	18	4
QUAL	0	228	58	33	23	6
QUAL	0	229	45	26	19	9
QUAL	0	230	61	34	22	4
QUAL	0	231	46	20	25	0
QUAL	0	232	38	22	14	2
QUAL	0	233	60	31	26	1
QUAL	0	234	51	26	25	0
QUAL	0	235	91	47	43	4
QUAL	0	236	111	59	52	3
QUAL	0	237	83	45	36	7
QUAL	0	238	97	40	56	10
QUAL	0	239	65	27	36	1
QUAL	0	240	61	30	31	1
QUAL	0	241	49	24	24	4
QUAL	0	242	85	50	35	2
QUAL	0	243	55	29	26	3
QUAL	0	244	79	40	37	0
QUAL	0	245	492	283	205	2
QUAL	0	246	497	305	191	2
QUAL	0	247	37	16	19	7
QUAL	0	248	56	25	31	2
QUAL	0	249	31	14	14	2
QUAL	0	250	31	15	12	5
QUAL	0	251	50	27	21	2
QUAL	0	252	38	21	16	4
QUAL	0	253	35	17	18	8
QUAL	0	254	69	35	34	6
QUAL	0	255	127	82	45	1
QUAL	0	256	122	62	55	2
QUAL	0	257	45	18	27	5
QUAL	0	258	35	17	18	2
QUAL	0	259	41	22	19	1
QUAL	0	260	81	49	30	2
QUAL	0	261	73	37	34	0
QUAL	0	262	42	20	22	4
QUAL	0	263	43	26	15	3
QUAL	0	264	47	32	15	0
QUAL	0	265	68	34	33	0
QUAL	0	266	47	25	22	1
QUAL	0	267	38	15	22	2
QUAL	0	268	49	27	20	3
QUAL	0	269	55	33	19	3
QUAL	0	270	106	57	46	3
QUAL	0	271	135	81	52	2
QUAL	0	272	44	15	28	7
QUAL	0	273	30	13	15	2
QUAL	0	274	75	43	31	0
QUAL	0	275	62	32	28	3
QUAL	0	276	50	24	25	2
QUAL	0	277	97	57	40	14
QUAL	0	278	111	66	44	10
QUAL	0	279	144	91	53	4
QUAL	0	280	733	431	301	3
QUAL	0	281	669	398	269	6
QUAL	0	282	49	29	20	20
QUAL	0	283	73	34	37	9
QUAL	0	284	36	19	15	2
QUAL	0	285	34	18	15	3
QUAL	0	286	68	31	37	4
QUAL	0	287	42	19	23	5
QUAL	0	288	42	25	17	6
QUAL	0	289	159	100	59	3
QUAL	0	290	170	85	84	2
QUAL	0	291	32	11	20	1
QUAL	0	292	54	24	29	3
QUAL	0	293	37	18	18	3
QUAL	0	294	49	30	18	4
QUAL	0	295	80	38	41	1
QUAL	0	296	78	45	33	2
QUAL	0	297	36	15	19	5
QUAL	0	298	35	16	18	0
QUAL	0	299	53	32	21	1
QUAL	0	300	67	23	42	2
QUAL	0	301	50	25	21	5
QUAL	0	302	47	31	15	6
QUAL	0	303	51	30	21	8
QUAL	0	304	68	44	23	3
QUAL	0	305	159	100	59	2
QUAL	0	306	139	75	64	6
QUAL	0	307	37	19	18	2
QUAL	0	308	41	24	15	2
QUAL	0	309	85	46	37	12
QUAL	0	310	35	18	16	11
QUAL	0	311	53	18	33	4
QUAL	0	312	124	76	45	7
QUAL	0	313	100	50	50	4
QUAL	0	314	200	112	85	7
QUAL	0	315	888	529	358	4
QUAL	0	316	787	466	320	12
QUAL	0	317	42	15	23	13
QUAL	0	318	51	25	26	2
QUAL	0	319	49	26	21	1
QUAL	0	320	44	24	19	3
QUAL	0	321	39	23	16	6
QUAL	0	322	30	14	14	3
QUAL	0	323	54	28	24	2
QUAL	0	324	214	118	95	4
QUAL	0	325	201	104	96	1
QUAL	0	326	60	26	32	5
QUAL	0	327	47	21	25	27
QUAL	0	328	70	31	37	8
QUAL	0	329	125	62	61	3
QUAL	0	330	123	81	42	1
QUAL	0	331	59	28	29	6
QUAL	0	332	37	16	21	12
QUAL	0	333	48	21	27	11
QUAL	0	334	78	47	29	2
QUAL	0	335	63	40	23	2
QUAL	0	336	40	18	18	1
QUAL	0	337	65	36	24	4
QUAL	0	338	59	31	27	8
QUAL	0	339	172	101	70	9
QUAL	0	340	214	121	91	6
QUAL	0	341	37	20	16	10
QUAL	0	342	39	16	22	9
QUAL	0	343	75	38	33	6
QUAL	0	344	57	30	23	5
QUAL	0	345	57	35	20	3
QUAL	0	346	117	71	43	4
QUAL	0	347	81	38	39	1
QUAL	0	348	166	94	70	1
QUAL	0	349	1144	687	457	3
QUAL	0	350	1076	643	431	1
QUAL	0	351	42	20	19	5
QUAL	0	352	48	26	21	1
QUAL	0	353	44	25	18	2
QUAL	0	354	40	23	17	3
QUAL	0	355	70	34	34	1
QUAL	0	356	49	25	21	4
QUAL	0	357	48	25	23	4
QUAL	0	358	69	38	29	7
QUAL	0	359	245	136	107	10
QUAL	0	360	198	122	71	9
QUAL	0	361	44	25	17	17
QUAL	0	362	43	26	15	14
QUAL	0	363	61	35	25	13
QUAL	0	364	144	76	66	6
QUAL	0	365	130	67	61	3
QUAL	0	366	49	31	17	3
QUAL	0	367	35	18	15	10
QUAL	0	368	71	41	28	3
QUAL	0	369	76	32	43	3
QUAL	0	370	49	28	18	8
QUAL	0	371	43	12	27	15
QUAL	0	372	108	52	53	71
QUAL	0	373	84	40	43	14
QUAL	0	374	227	151	76	7
QUAL	0	375	249	138	108	3
QUAL	0	376	40	18	21	2
QUAL	0	377	37	18	17	0
QUAL	0	378	96	47	47	3
QUAL	0	379	67	26	40	4
QUAL	0	380	45	24	18	4
QUAL	0	381	112	64	45	8
QUAL	0	382	111	59	51	3
QUAL	0	383	214	120	93	2
QUAL	0	384	1307	767	540	4
QUAL	0	385	1228	764	463	4
QUAL	0	386	27	14	12	3
QUAL	0	387	44	22	21	6
QUAL	0	388	37	22	13	1
QUAL	0	389	47	25	22	9
QUAL	0	390	58	29	28	3
QUAL	0	391	50	30	20	7
QUAL	0	392	43	25	18	9
QUAL	0	393	88	53	34	4
QUAL	0	394	283	170	113	7
QUAL	0	395	238	154	83	12
QUAL	0	396	34	20	14	10
QUAL	0	397	47	20	25	2
QUAL	0	398	62	31	28	0
QUAL	0	399	197	118	76	3
QUAL	0	400	170	101	68	5
QUAL	0	401	42	22	16	6
QUAL	0	402	42	20	22	16
QUAL	0	403	71	40	30	13
QUAL	0	404	80	55	23	5
QUAL	0	405	39	24	15	8
QUAL	0	406	48	21	27	7
QUAL	0	407	78	42	34	5
QUAL	0	408	110	64	42	2
QUAL	0	409	272	176	96	2
QUAL	0	410	256	141	114	1
QUAL	0	411	34	16	18	5
QUAL	0	412	34	16	16	15
QUAL	0	413	96	57	36	6
QUAL	0	414	70	43	26	1
QUAL	0	415	84	42	40	9
QUAL	0	416	128	69	59	8
QUAL	0	417	180	105	74	58
QUAL	0	418	331	196	134	9
QUAL	0	419	1478	892	586	3
QUAL	0	420	1243	789	453	7
QUAL	0	421	30	18	12	4
QUAL	0	422	55	34	20	6
QUAL	0	423	58	27	28	7
QUAL	0	424	55	35	19	16
QUAL	0	425	72	40	32	10
QUAL	0	426	53	27	24	5
QUAL	0	427	66	37	29	3
QUAL	0	428	310	194	114	1
QUAL	0	429	244	143	101	1
QUAL	0	430	31	19	8	3
QUAL	0	431	34	15	18	11
QUAL	0	432	50	27	22	13
QUAL	0	433	84	49	33	6
QUAL	0	434	192	121	70	3
QUAL	0	435	173	94	78	4
QUAL	0	436	43	22	17	1
QUAL	0	437	55	31	22	5
QUAL	0	438	72	37	34	3
QUAL	0	439	78	44	33	4
QUAL	0	440	33	18	15	7
QUAL	0	441	36	25	11	4
QUAL	0	442	66	39	26	8
QUAL	0	443	135	69	62	5
QUAL	0	444	264	156	108	9
QUAL	0	445	236	136	99	6
QUAL	0	446	35	15	19	3
QUAL	0	447	48	24	22	3
QUAL	0	448	94	58	34	12
QUAL	0	449	54	33	20	10
QUAL	0	450	54	26	28	9
QUAL	0	451	160	93	67	10
QUAL	0	452	185	97	86	25
QUAL	0	453	401	236	164	12
QUAL	0	454	1469	925	544	9
QUAL	0	455	1279	778	500	8
QUAL	0	456	27	11	15	4
QUAL	0	457	55	29	26	4
QUAL	0	458	61	32	27	4
QUAL	0	459	53	37	16	8
QUAL	0	460	58	29	27	3
QUAL	0	461	61	29	32	6
QUAL	0	462	118	67	48	53
QUAL	0	463	375	216	159	9
QUAL	0	464	280	170	110	7
QUAL	0	465	34	19	15	3
QUAL	0	466	32	14	16	9
QUAL	0	467	55	24	30	8
QUAL	0	468	216	138	76	3
QUAL	0	469	220	122	97	2
QUAL	0	470	49	28	19	3
QUAL	0	471	41	27	13	4
QUAL	0	472	41	23	16	4
QUAL	0	473	89	51	36	1
QUAL	0	474	68	37	31	9
QUAL	0	475	34	21	12	2
QUAL	0	476	59	36	22	6
QUAL	0	477	70	40	29	11
QUAL	0	478	331	202	128	6
QUAL	0	479	328	210	116	2
QUAL	0	480	40	16	23	5
QUAL	0	481	33	24	8	5
QUAL	0	482	110	52	56	2
QUAL	0	483	77	46	29	4
QUAL	0	484	41	22	19	11
QUAL	0	485	131	72	58	7
QUAL	0	486	109	55	50	8
QUAL	0	487	245	144	100	10
QUAL	0	488	1054	631	423	2
QUAL	0	489	1338	816	521	6
QUAL	0	490	540	342	197	13
QUAL	0	491	26	13	9	13
QUAL	0	492	40	18	20	15
QUAL	0	493	56	43	13	21
QUAL	0	494	77	49	27	5
QUAL	0	495	49	31	18	9
QUAL	0	496	71	36	33	14
QUAL	0	497	105	58	47	11
QUAL	0	498	288	177	111	3
QUAL	0	499	246	144	102	8
QUAL	0	500	46	27	19	2
QUAL	0	501	45	24	20	7
QUAL	0	502	61	32	27	12
QUAL	0	503	224	133	90	7
QUAL	0	504	202	115	87	5
QUAL	0	505	49	26	22	1
QUAL	0	506	38	20	17	7
QUAL	0	507	109	54	53	73
QUAL	0	508	119	66	51	12
QUAL	0	509	67	39	26	3
QUAL	0	510	37	17	19	3
QUAL	0	511	53	33	18	6
QUAL	0	512	66	38	27	1
QUAL	0	513	303	178	125	3
QUAL	0	514	290	179	109	6
QUAL	0	515	37	19	17	5
QUAL	0	516	36	16	20	5
QUAL	0	517	79	46	29	5
QUAL	0	518	78	36	41	5
QUAL	0	519	55	26	28	6
QUAL	0	520	105	62	43	10
QUAL	0	521	118	71	47	4
QUAL	0	522	227	121	104	3
QUAL	0	523	1373	843	530	1
QUAL	0	524	1253	760	492	5
QUAL	0	525	21	13	8	3
QUAL	0	526	48	30	17	9
QUAL	0	527	66	32	34	14
QUAL	0	528	72	44	26	4
QUAL	0	529	58	32	25	11
QUAL	0	530	39	18	20	4
QUAL	0	531	71	37	34	4
QUAL	0	532	140	79	60	8
QUAL	0	533	279	163	114	4
QUAL	0	534	198	135	63	12
QUAL	0	535	30	19	11	11
QUAL	0	536	39	21	18	7
QUAL	0	537	71	41	28	7
QUAL	0	538	216	136	79	13
QUAL	0	539	204	120	84	10
QUAL	0	540	32	19	13	11
QUAL	0	541	40	23	14	7
QUAL	0	542	78	44	34	5
QUAL	0	543	83	46	35	3
QUAL	0	544	25	10	14	2
QUAL	0	545	39	17	19	3
QUAL	0	546	63	37	25	8
QUAL	0	547	124	69	55	4
QUAL	0	548	266	161	105	4
QUAL	0	549	202	121	81	1
QUAL	0	550	41	18	22	4
QUAL	0	551	44	22	22	5
QUAL	0	552	112	61	49	66
QUAL	0	553	106	54	51	13
QUAL	0	554	74	40	32	4
QUAL	0	555	102	66	34	6
QUAL	0	556	121	70	49	0
QUAL	0	557	264	160	104	8
QUAL	0	558	1212	756	455	9
QUAL	0	559	1065	661	403	7
QUAL	0	560	23	17	6	6
QUAL	0	561	39	16	19	1
QUAL	0	562	53	28	24	7
QUAL	0	563	65	39	25	2
QUAL	0	564	52	24	26	3
QUAL	0	565	42	18	23	4
QUAL	0	566	83	50	32	13
QUAL	0	567	177	104	72	13
QUAL	0	568	241	164	77	3
QUAL	0	569	176	120	56	5
QUAL	0	570	43	28	15	8
QUAL	0	571	53	28	23	6
QUAL	0	572	103	61	42	5
QUAL	0	573	253	147	106	8
QUAL	0	574	177	112	63	18
QUAL	0	575	34	16	18	5
QUAL	0	576	53	33	20	10
QUAL	0	577	75	48	26	12
QUAL	0	578	66	37	27	3
QUAL	0	579	29	12	16	4
QUAL	0	580	45	22	20	3
QUAL	0	581	62	38	22	1
QUAL	0	582	101	64	37	4
QUAL	0	583	224	133	91	1
QUAL	0	584	179	100	79	0
QUAL	0	585	27	11	16	5
QUAL	0	586	39	22	17	11
QUAL	0	587	91	54	37	10
QUAL	0	588	65	44	20	4
QUAL	0	589	51	22	28	7
QUAL	0	590	99	59	40	10
QUAL	0	591	153	97	55	2
QUAL	0	592	299	186	111	9
QUAL	0	593	1101	655	446	4
QUAL	0	594	861	539	321	6
QUAL	0	595	25	13	11	2
QUAL	0	596	50	25	25	8
QUAL	0	597	112	62	48	56
QUAL	0	598	95	46	46	6
QUAL	0	599	31	13	18	9
QUAL	0	600	50	30	19	7
QUAL	0	601	111	61	47	3
QUAL	0	602	264	162	101	6
QUAL	0	603	224	142	82	5
QUAL	0	604	32	16	15	19
QUAL	0	605	30	10	19	6
QUAL	0	606	54	36	18	4
QUAL	0	607	203	122	81	5
QUAL	0	608	164	112	52	6
QUAL	0	609	26	9	15	4
QUAL	0	610	28	14	11	6
QUAL	0	611	53	29	24	2
QUAL	0	612	81	52	28	0
QUAL	0	613	56	31	23	3
QUAL	0	614	33	16	15	8
QUAL	0	615	41	20	20	16
QUAL	0	616	96	51	45	6
QUAL	0	617	138	77	61	4
QUAL	0	618	209	121	88	0
QUAL	0	619	121	82	39	3
QUAL	0	620	32	17	14	6
QUAL	0	621	45	22	21	6
QUAL	0	622	67	36	31	2
QUAL	0	623	38	20	17	4
QUAL	0	624	40	22	18	4
QUAL	0	625	84	56	28	3
QUAL	0	626	192	117	73	3
QUAL	0	627	376	233	143	3
QUAL	0	628	777	465	311	1
QUAL	0	629	541	338	201	4
QUAL	0	630	44	20	24	3
QUAL	0	631	45	27	16	14
QUAL	0	632	65	34	31	21
QUAL	0	633	55	25	30	1
QUAL	0	634	31	16	14	2
QUAL	0	635	60	31	29	10
QUAL	0	636	137	81	56	3
QUAL	0	637	198	129	69	7
QUAL	0	638	155	95	60	2
QUAL	0	639	34	19	13	7
QUAL	0	640	36	15	19	12
QUAL	0	641	55	32	23	11
QUAL	0	642	222	130	90	87
QUAL	0	643	189	105	82	5
QUAL	0	644	30	17	11	5
QUAL	0	645	37	18	17	7
QUAL	0	646	52	28	21	2
QUAL	0	647	69	41	26	4
QUAL	0	648	36	18	16	5
QUAL	0	649	29	18	9	4
QUAL	0	650	44	21	23	2
QUAL	0	651	68	48	20	10
QUAL	0	652	193	127	66	6
QUAL	0	653	177	114	60	4
QUAL	0	654	29	20	9	8
QUAL	0	655	31	19	12	12
QUAL	0	656	56	26	26	8
QUAL	0	657	43	18	25	0
QUAL	0	658	44	26	15	1
QUAL	0	659	76	39	36	5
QUAL	0	660	91	47	42	2
QUAL	0	661	191	112	79	4
QUAL	0	662	720	431	287	1
QUAL	0	663	565	344	220	3
QUAL	0	664	25	14	10	4
QUAL	0	665	33	16	17	2
QUAL	0	666	26	15	10	7
QUAL	0	667	49	27	22	9
QUAL	0	668	42	18	22	4
QUAL	0	669	38	18	19	4
QUAL	0	670	56	30	25	1
QUAL	0	671	164	103	61	9
QUAL	0	672	158	94	61	3
QUAL	0	673	123	70	52	6
QUAL	0	674	24	14	10	3
QUAL	0	675	43	25	16	13
QUAL	0	676	59	33	26	8
QUAL	0	677	158	91	66	10
QUAL	0	678	130	83	47	11
QUAL	0	679	26	14	12	8
QUAL	0	680	57	31	25	6
QUAL	0	681	72	45	25	5
QUAL	0	682	49	22	25	6
QUAL	0	683	36	24	12	3
QUAL	0	684	26	12	13	8
QUAL	0	685	48	24	23	3
QUAL	0	686	87	48	39	7
QUAL	0	687	161	88	73	49
QUAL	0	688	150	76	74	6
QUAL	0	689	30	15	14	2
QUAL	0	690	35	25	9	2
QUAL	0	691	52	30	22	7
QUAL	0	692	44	25	17	3
QUAL	0	693	38	18	19	4
QUAL	0	694	57	41	16	7
QUAL	0	695	86	48	37	10
QUAL	0	696	166	92	72	12
QUAL	0	697	570	337	232	2
QUAL	0	698	449	273	174	3
QUAL	0	699	31	15	12	2
QUAL	0	700	27	18	8	1
QUAL	0	701	35	20	14	6
QUAL	0	702	52	28	24	2
QUAL	0	703	47	22	25	1
QUAL	0	704	30	17	13	4
QUAL	0	705	112	71	40	5
QUAL	0	706	174	109	65	5
QUAL	0	707	133	80	51	2
QUAL	0	708	79	43	34	0
QUAL	0	709	37	17	19	6
QUAL	0	710	29	23	6	5
QUAL	0	711	55	27	27	10
QUAL	0	712	120	77	43	6
QUAL	0	713	82	54	28	7
QUAL	0	714	36	23	10	4
QUAL	0	715	66	37	28	3
QUAL	0	716	55	32	23	7
QUAL	0	717	44	26	16	9
QUAL	0	718	21	13	7	6
QUAL	0	719	35	15	16	3
QUAL	0	720	60	33	25	11
QUAL	0	721	85	50	32	12
QUAL	0	722	121	76	44	7
QUAL	0	723	92	58	33	11
QUAL	0	724	19	11	7	7
QUAL	0	725	35	16	19	6
QUAL	0	726	45	26	18	2
QUAL	0	727	43	26	15	3
QUAL	0	728	32	16	15	2
QUAL	0	729	56	31	21	9
QUAL	0	730	80	40	40	2
QUAL	0	731	182	102	79	6
QUAL	0	732	404	240	161	65
QUAL	0	733	321	211	110	10
QUAL	0	734	23	12	10	1
QUAL	0	735	38	23	13	9
QUAL	0	736	32	17	13	7
QUAL	0	737	45	26	18	2
QUAL	0	738	50	31	19	0
QUAL	0	739	55	33	22	1
QUAL	0	740	172	99	72	1
QUAL	0	741	208	119	87	5
QUAL	0	742	82	53	25	3
QUAL	0	743	20	9	10	1
QUAL	0	744	28	16	11	3
QUAL	0	745	44	24	19	2
QUAL	0	746	52	33	18	5
QUAL	0	747	103	63	38	1
QUAL	0	748	72	47	23	3
QUAL	0	749	35	20	14	5
QUAL	0	750	67	42	25	5
QUAL	0	751	64	40	23	7
QUAL	0	752	26	18	7	4
QUAL	0	753	30	14	15	7
QUAL	0	754	38	17	18	12
QUAL	0	755	70	34	36	2
QUAL	0	756	76	50	24	3
QUAL	0	757	95	67	27	8
QUAL	0	758	49	28	20	2
QUAL	0	759	23	11	12	0
QUAL	0	760	44	26	16	6
QUAL	0	761	29	14	14	3
QUAL	0	762	23	9	12	1
QUAL	0	763	44	29	15	1
QUAL	0	764	55	32	23	4
QUAL	0	765	119	71	46	5
QUAL	0	766	140	89	51	11
QUAL	0	767	289	182	107	5
QUAL	0	768	192	117	74	8
QUAL	0	769	34	15	17	2
QUAL	0	770	45	19	26	2
QUAL	0	771	32	23	9	3
QUAL	0	772	51	22	26	5
QUAL	0	773	33	19	14	2
QUAL	0	774	79	42	36	4
QUAL	0	775	219	122	96	5
QUAL	0	776	174	102	71	13
QUAL	0	777	96	64	32	65
QUAL	0	778	55	24	30	4
QUAL	0	779	30	10	20	2
QUAL	0	780	47	31	14	3
QUAL	0	781	81	50	31	4
QUAL	0	782	66	41	25	3
QUAL	0	783	25	18	6	2
QUAL	0	784	54	33	21	3
QUAL	0	785	68	42	25	2
QUAL	0	786	35	17	18	6
QUAL	0	787	26	13	13	1
QUAL	0	788	15	7	7	4
QUAL	0	789	39	23	16	4
QUAL	0	790	71	47	23	5
QUAL	0	791	89	50	39	6
QUAL	0	792	59	31	27	4
QUAL	0	793	18	7	10	2
QUAL	0	794	34	21	11	5
QUAL	0	795	33	17	15	6
QUAL	0	796	32	20	12	7
QUAL	0	797	44	25	19	2
QUAL	0	798	33	19	12	4
QUAL	0	799	78	49	29	12
QUAL	0	800	121	66	51	4
QUAL	0	801	230	145	84	3
QUAL	0	802	184	119	65	5
QUAL	0	803	24	9	15	3
QUAL	0	804	36	21	13	2
QUAL	0	805	30	15	14	1
QUAL	0	806	33	19	14	2
QUAL	0	807	61	38	21	2
QUAL	0	808	46	22	24	5
QUAL	0	809	98	61	35	4
QUAL	0	810	257	148	106	7
QUAL	0	811	124	76	47	7
QUAL	0	812	57	32	25	5
QUAL	0	813	28	14	14	7
QUAL	0	814	31	16	12	6
QUAL	0	815	53	31	22	5
QUAL	0	816	75	43	31	10
QUAL	0	817	61	37	23	4
QUAL	0	818	21	14	7	4
QUAL	0	819	77	52	24	6
QUAL	0	820	72	48	24	3
QUAL	0	821	40	22	17	5
QUAL	0	822	38	11	26	34
QUAL	0	823	37	15	21	7
QUAL	0	824	44	26	17	4
QUAL	0	825	70	43	27	2
QUAL	0	826	60	35	24	4
QUAL	0	827	50	27	22	5
QUAL	0	828	19	8	10	2
QUAL	0	829	28	15	13	2
QUAL	0	830	25	9	15	3
QUAL	0	831	30	18	12	9
QUAL	0	832	38	23	14	4
QUAL	0	833	32	13	19	3
QUAL	0	834	74	40	33	1
QUAL	0	835	118	75	43	3
QUAL	0	836	185	110	75	2
QUAL	0	837	129	87	42	1
QUAL	0	838	26	17	7	1
QUAL	0	839	33	20	13	2
QUAL	0	840	33	22	9	3
QUAL	0	841	43	27	15	11
QUAL	0	842	48	33	15	6
QUAL	0	843	66	44	22	7
QUAL	0	844	154	77	74	3
QUAL	0	845	265	165	97	3
QUAL	0	846	101	63	38	5
QUAL	0	847	28	19	9	4
QUAL	0	848	24	13	11	2
QUAL	0	849	35	17	17	4
QUAL	0	850	40	20	20	7
QUAL	0	851	60	39	21	4
QUAL	0	852	57	29	25	3
QUAL	0	853	39	25	14	4
QUAL	0	854	83	49	33	3
QUAL	0	855	73	40	31	6
QUAL	0	856	31	18	11	10
QUAL	0	857	45	19	26	12
QUAL	0	858	25	18	6	2
QUAL	0	859	73	44	28	4
QUAL	0	860	82	49	32	2
QUAL	0	861	66	34	30	2
QUAL	0	862	44	29	14	5
QUAL	0	863	29	14	14	10
QUAL	0	864	44	27	16	3
QUAL	0	865	29	17	12	6
QUAL	0	866	33	19	13	3
QUAL	0	867	47	22	23	28
QUAL	0	868	59	32	27	5
QUAL	0	869	94	58	36	3
QUAL	0	870	101	62	39	4
QUAL	0	871	132	79	52	7
QUAL	0	872	69	41	28	6
QUAL	0	873	15	12	3	7
QUAL	0	874	51	25	24	6
QUAL	0	875	34	15	19	5
QUAL	0	876	28	15	12	7
QUAL	0	877	48	24	24	5
QUAL	0	878	82	47	32	3
QUAL	0	879	190	117	72	0
QUAL	0	880	240	137	103	4
QUAL	0	881	79	45	33	1
QUAL	0	882	13	8	5	3
QUAL	0	883	24	13	11	1
QUAL	0	884	48	25	23	5
QUAL	0	885	34	20	12	4
QUAL	0	886	41	19	21	9
QUAL	0	887	42	29	13	3
QUAL	0	888	38	22	15	1
QUAL	0	889	101	62	38	5
QUAL	0	890	50	31	19	6
QUAL	0	891	29	18	11	4
QUAL	0	892	25	19	5	3
QUAL	0	893	43	23	18	3
QUAL	0	894	77	46	30	1
QUAL	0	895	68	40	28	3
QUAL	0	896	36	18	17	1
QUAL	0	897	29	15	14	1
QUAL	0	898	41	26	12	8
QUAL	0	899	46	28	17	8
QUAL	0	900	26	13	12	2
QUAL	0	901	20	13	7	12
QUAL	0	902	42	22	20	7
QUAL	0	903	55	28	26	2
QUAL	0	904	117	70	44	7
QUAL	0	905	93	54	39	3
QUAL	0	906	65	42	23	6
QUAL	0	907	63	36	27	1
QUAL	0	908	37	18	19	6
QUAL	0	909	38	24	14	4
QUAL	0	910	33	19	14	5
QUAL	0	911	29	13	14	4
QUAL	0	912	63	37	25	24
QUAL	0	913	99	58	41	7
QUAL	0	914	281	167	113	3
QUAL	0	915	188	117	71	3
QUAL	0	916	51	27	23	2
QUAL	0	917	23	10	12	3
QUAL	0	918	20	11	6	2
QUAL	0	919	57	36	20	4
QUAL	0	920	46	27	18	6
QUAL	0	921	42	26	15	2
QUAL	0	922	39	19	17	3
QUAL	0	923	53	33	19	2
QUAL	0	924	120	74	45	2
QUAL	0	925	47	31	15	2
QUAL	0	926	27	14	13	5
QUAL	0	927	34	23	10	4
QUAL	0	928	40	27	13	5
QUAL	0	929	98	61	36	4
QUAL	0	930	55	27	26	0
QUAL	0	931	32	20	12	9
QUAL	0	932	22	13	9	1
QUAL	0	933	42	22	17	6
QUAL	0	934	47	32	15	1
QUAL	0	935	30	14	14	10
QUAL	0	936	38	22	16	5
QUAL	0	937	41	19	19	2
QUAL	0	938	63	32	30	5
QUAL	0	939	128	88	39	2
QUAL	0	940	91	59	31	2
QUAL	0	941	63	37	26	6
QUAL	0	942	18	12	6	2
QUAL	0	943	31	13	18	3
QUAL	0	944	34	17	17	2
QUAL	0	945	36	23	11	4
QUAL	0	946	42	20	21	4
QUAL	0	947	62	40	22	5
QUAL	0	948	108	57	49	0
QUAL	0	949	334	216	117	0
QUAL	0	950	155	102	51	5
QUAL	0	951	31	16	13	2
QUAL	0	952	22	10	10	2
QUAL	0	953	37	28	7	11
QUAL	0	954	41	28	12	4
QUAL	0	955	29	16	12	4
QUAL	0	956	43	30	13	3
QUAL	0	957	38	22	16	22
QUAL	0	958	98	59	37	5
QUAL	0	959	104	67	36	2
QUAL	0	960	52	35	14	7
QUAL	0	961	28	17	10	3
QUAL	0	962	21	12	9	2
QUAL	0	963	59	35	24	3
QUAL	0	964	101	55	44	2
QUAL	0	965	36	22	13	3
QUAL	0	966	22	11	10	8
QUAL	0	967	24	11	13	3
QUAL	0	968	52	33	17	4
QUAL	0	969	27	11	16	2
QUAL	0	970	21	10	11	0
QUAL	0	971	27	16	10	2
QUAL	0	972	44	26	17	2
QUAL	0	973	80	42	38	5
QUAL	0	974	109	73	36	1
QUAL	0	975	74	42	30	3
QUAL	0	976	54	32	22	9
QUAL	0	977	30	18	11	1
QUAL	0	978	40	26	14	1
QUAL	0	979	30	18	12	4
QUAL	0	980	30	16	13	1
QUAL	0	981	40	21	19	2
QUAL	0	982	67	43	24	1
QUAL	0	983	150	94	55	4
QUAL	0	984	333	204	126	6
QUAL	0	985	95	62	32	3
QUAL	0	986	37	16	20	3
QUAL	0	987	26	17	8	5
QUAL	0	988	35	23	12	3
QUAL	0	989	30	21	9	5
QUAL	0	990	28	19	9	6
QUAL	0	991	34	19	14	4
QUAL	0	992	47	27	19	5
QUAL	0	993	101	66	35	2
QUAL	0	994	87	52	35	0
QUAL	0	995	48	31	16	1
QUAL	0	996	31	15	15	1
QUAL	0	997	35	24	11	3
QUAL	0	998	65170	37389	25504	6357
# IDD, InDel distribution:
# IDD	[2]id	[3]length (deletions negative)	[4]count
IDD	0	-60	90
IDD	0	-59	3
IDD	0	-58	4
IDD	0	-57	3
IDD	0	-56	1
IDD	0	-55	3
IDD	0	-54	2
IDD	0	-52	2
IDD	0	-51	2
IDD	0	-50	4
IDD	0	-49	2
IDD	0	-48	3
IDD	0	-47	1
IDD	0	-46	5
IDD	0	-45	3
IDD	0	-44	2
IDD	0	-43	2
IDD	0	-42	4
IDD	0	-41	5
IDD	0	-40	10
IDD	0	-39	1
IDD	0	-38	1
IDD	0	-37	3
IDD	0	-36	6
IDD	0	-35	8
IDD	0	-34	3
IDD	0	-33	1
IDD	0	-32	5
IDD	0	-31	2
IDD	0	-30	16
IDD	0	-29	5
IDD	0	-28	27
IDD	0	-27	2
IDD	0	-26	11
IDD	0	-25	25
IDD	0	-24	17
IDD	0	-23	12
IDD	0	-22	26
IDD	0	-21	10
IDD	0	-20	82
IDD	0	-19	17
IDD	0	-18	36
IDD	0	-17	16
IDD	0	-16	69
IDD	0	-15	177
IDD	0	-14	46
IDD	0	-13	35
IDD	0	-12	170
IDD	0	-11	44
IDD	0	-10	335
IDD	0	-9	66
IDD	0	-8	262
IDD	0	-7	74
IDD	0	-6	275
IDD	0	-5	560
IDD	0	-4	1064
IDD	0	-3	600
IDD	0	-2	1265
IDD	0	-1	3098
IDD	0	1	2794
IDD	0	2	982
IDD	0	3	236
IDD	0	4	690
IDD	0	5	504
IDD	0	6	262
IDD	0	7	31
IDD	0	8	254
IDD	0	9	45
IDD	0	10	220
IDD	0	11	16
IDD	0	12	125
IDD	0	13	19
IDD	0	14	15
IDD	0	15	125
IDD	0	16	56
IDD	0	17	5
IDD	0	18	13
IDD	0	19	7
IDD	0	20	79
IDD	0	21	5
IDD	0	22	11
IDD	0	23	8
IDD	0	24	15
IDD	0	25	19
IDD	0	26	11
IDD	0	27	10
IDD	0	28	23
IDD	0	29	7
IDD	0	30	19
IDD	0	31	2
IDD	0	32	6
IDD	0	33	1
IDD	0	34	3
IDD	0	35	5
IDD	0	36	4
IDD	0	38	5
IDD	0	39	1
IDD	0	40	10
IDD	0	41	2
IDD	0	43	3
IDD	0	44	4
IDD	0	45	5
IDD	0	46	4
IDD	0	47	1
IDD	0	48	1
IDD	0	49	3
IDD	0	50	5
IDD	0	53	1
IDD	0	54	3
IDD	0	55	3
IDD	0	56	5
IDD	0	58	1
IDD	0	59	3
IDD	0	60	35
# ST, Substitution types:
# ST	[2]id	[3]type	[4]count
ST	0	A>C	7672
ST	0	A>G	21110
ST	0	A>T	8377
ST	0	C>A	11235
ST	0	C>G	9024
ST	0	C>T	29500
ST	0	G>A	29815
ST	0	G>C	9033
ST	0	G>T	12510
ST	0	T>A	8621
ST	0	T>C	20779
ST	0	T>G	7804
# DP, Depth distribution
# DP	[2]id	[3]bin	[4]number of genotypes	[5]fraction of genotypes (%)	[6]number of sites	[7]fraction of sites (%)
DP	0	1	0	0.000000	8	0.004342
DP	0	2	0	0.000000	10	0.005427
DP	0	3	0	0.000000	4	0.002171
DP	0	4	0	0.000000	4	0.002171
DP	0	5	0	0.000000	3	0.001628
DP	0	6	0	0.000000	3	0.001628
DP	0	7	0	0.000000	2	0.001085
DP	0	8	0	0.000000	2	0.001085
DP	0	9	0	0.000000	5	0.002714
DP	0	10	0	0.000000	2	0.001085
DP	0	11	0	0.000000	4	0.002171
DP	0	13	0	0.000000	4	0.002171
DP	0	14	0	0.000000	5	0.002714
DP	0	15	0	0.000000	3	0.001628
DP	0	16	0	0.000000	2	0.001085
DP	0	17	0	0.000000	3	0.001628
DP	0	18	0	0.000000	2	0.001085
DP	0	19	0	0.000000	4	0.002171
DP	0	20	0	0.000000	9	0.004885
DP	0	21	0	0.000000	5	0.002714
DP	0	22	0	0.000000	5	0.002714
DP	0	23	0	0.000000	8	0.004342
DP	0	24	0	0.000000	6	0.003256
DP	0	25	0	0.000000	4	0.002171
DP	0	26	0	0.000000	6	0.003256
DP	0	27	0	0.000000	4	0.002171
DP	0	28	0	0.000000	8	0.004342
DP	0	29	0	0.000000	3	0.001628
DP	0	30	0	0.000000	1	0.000543
DP	0	31	0	0.000000	7	0.003799
DP	0	32	0	0.000000	8	0.004342
DP	0	33	0	0.000000	4	0.002171
DP	0	34	0	0.000000	5	0.002714
DP	0	35	0	0.000000	5	0.002714
DP	0	36	0	0.000000	9	0.004885
DP	0	37	0	0.000000	5	0.002714
DP	0	38	0	0.000000	2	0.001085
DP	0	39	0	0.000000	4	0.002171
DP	0	40	0	0.000000	3	0.001628
DP	0	41	0	0.000000	5	0.002714
DP	0	42	0	0.000000	3	0.001628
DP	0	43	0	0.000000	5	0.002714
DP	0	44	0	0.000000	1	0.000543
DP	0	45	0	0.000000	3	0.001628
DP	0	46	0	0.000000	5	0.002714
DP	0	47	0	0.000000	2	0.001085
DP	0	48	0	0.000000	6	0.003256
DP	0	49	0	0.000000	4	0.002171
DP	0	50	0	0.000000	12	0.006513
DP	0	51	0	0.000000	9	0.004885
DP	0	52	0	0.000000	1	0.000543
DP	0	53	0	0.000000	6	0.003256
DP	0	54	0	0.000000	5	0.002714
DP	0	55	0	0.000000	5	0.002714
DP	0	56	0	0.000000	5	0.002714
DP	0	57	0	0.000000	6	0.003256
DP	0	58	0	0.000000	8	0.004342
DP	0	59	0	0.000000	3	0.001628
DP	0	60	0	0.000000	4	0.002171
DP	0	61	0	0.000000	2	0.001085
DP	0	62	0	0.000000	4	0.002171
DP	0	63	0	0.000000	1	0.000543
DP	0	64	0	0.000000	2	0.001085
DP	0	66	0	0.000000	2	0.001085
DP	0	67	0	0.000000	1	0.000543
DP	0	68	0	0.000000	7	0.003799
DP	0	69	0	0.000000	2	0.001085
DP	0	70	0	0.000000	3	0.001628
DP	0	71	0	0.000000	6	0.003256
DP	0	72	0	0.000000	7	0.003799
DP	0	73	0	0.000000	5	0.002714
DP	0	74	0	0.000000	7	0.003799
DP	0	75	0	0.000000	3	0.001628
DP	0	76	0	0.000000	2	0.001085
DP	0	77	0	0.000000	5	0.002714
DP	0	78	0	0.000000	3	0.001628
DP	0	79	0	0.000000	6	0.003256
DP	0	80	0	0.000000	1	0.000543
DP	0	81	0	0.000000	5	0.002714
DP	0	82	0	0.000000	4	0.002171
DP	0	83	0	0.000000	2	0.001085
DP	0	84	0	0.000000	4	0.002171
DP	0	85	0	0.000000	6	0.003256
DP	0	86	0	0.000000	7	0.003799
DP	0	87	0	0.000000	2	0.001085
DP	0	88	0	0.000000	1	0.000543
DP	0	89	0	0.000000	4	0.002171
DP	0	92	0	0.000000	9	0.004885
DP	0	93	0	0.000000	5	0.002714
DP	0	94	0	0.000000	3	0.001628
DP	0	95	0	0.000000	7	0.003799
DP	0	96	0	0.000000	4	0.002171
DP	0	97	0	0.000000	2	0.001085
DP	0	98	0	0.000000	5	0.002714
DP	0	99	0	0.000000	3	0.001628
DP	0	100	0	0.000000	4	0.002171
DP	0	101	0	0.000000	3	0.001628
DP	0	102	0	0.000000	1	0.000543
DP	0	103	0	0.000000	6	0.003256
DP	0	104	0	0.000000	2	0.001085
DP	0	105	0	0.000000	2	0.001085
DP	0	107	0	0.000000	3	0.001628
DP	0	108	0	0.000000	4	0.002171
DP	0	109	0	0.000000	4	0.002171
DP	0	110	0	0.000000	4	0.002171
DP	0	111	0	0.000000	4	0.002171
DP	0	112	0	0.000000	2	0.001085
DP	0	113	0	0.000000	2	0.001085
DP	0	114	0	0.000000	3	0.001628
DP	0	115	0	0.000000	3	0.001628
DP	0	116	0	0.000000	3	0.001628
DP	0	117	0	0.000000	3	0.001628
DP	0	118	0	0.000000	4	0.002171
DP	0	119	0	0.000000	2	0.001085
DP	0	120	0	0.000000	2	0.001085
DP	0	121	0	0.000000	2	0.001085
DP	0	122	0	0.000000	5	0.002714
DP	0	123	0	0.000000	2	0.001085
DP	0	124	0	0.000000	2	0.001085
DP	0	126	0	0.000000	4	0.002171
DP	0	127	0	0.000000	2	0.001085
DP	0	128	0	0.000000	2	0.001085
DP	0	129	0	0.000000	2	0.001085
DP	0	130	0	0.000000	2	0.001085
DP	0	131	0	0.000000	2	0.001085
DP	0	132	0	0.000000	5	0.002714
DP	0	133	0	0.000000	4	0.002171
DP	0	134	0	0.000000	3	0.001628
DP	0	135	0	0.000000	3	0.001628
DP	0	136	0	0.000000	4	0.002171
DP	0	137	0	0.000000	7	0.003799
DP	0	138	0	0.000000	5	0.002714
DP	0	139	0	0.000000	4	0.002171
DP	0	140	0	0.000000	1	0.000543
DP	0	141	0	0.000000	3	0.001628
DP	0	142	0	0.000000	1	0.000543
DP	0	143	0	0.000000	4	0.002171
DP	0	144	0	0.000000	6	0.003256
DP	0	145	0	0.000000	4	0.002171
DP	0	146	0	0.000000	3	0.001628
DP	0	147	0	0.000000	4	0.002171
DP	0	148	0	0.000000	3	0.001628
DP	0	149	0	0.000000	3	0.001628
DP	0	150	0	0.000000	1	0.000543
DP	0	151	0	0.000000	4	0.002171
DP	0	152	0	0.000000	2	0.001085
DP	0	153	0	0.000000	1	0.000543
DP	0	154	0	0.000000	5	0.002714
DP	0	155	0	0.000000	3	0.001628
DP	0	156	0	0.000000	4	0.002171
DP	0	157	0	0.000000	2	0.001085
DP	0	158	0	0.000000	3	0.001628
DP	0	160	0	0.000000	3	0.001628
DP	0	162	0	0.000000	3	0.001628
DP	0	164	0	0.000000	4	0.002171
DP	0	165	0	0.000000	1	0.000543
DP	0	166	0	0.000000	3	0.001628
DP	0	167	0	0.000000	3	0.001628
DP	0	168	0	0.000000	3	0.001628
DP	0	169	0	0.000000	6	0.003256
DP	0	170	0	0.000000	1	0.000543
DP	0	171	0	0.000000	1	0.000543
DP	0	172	0	0.000000	2	0.001085
DP	0	174	0	0.000000	3	0.001628
DP	0	175	0	0.000000	1	0.000543
DP	0	176	0	0.000000	2	0.001085
DP	0	177	0	0.000000	1	0.000543
DP	0	178	0	0.000000	1	0.000543
DP	0	179	0	0.000000	1	0.000543
DP	0	180	0	0.000000	2	0.001085
DP	0	181	0	0.000000	4	0.002171
DP	0	182	0	0.000000	2	0.001085
DP	0	183	0	0.000000	1	0.000543
DP	0	184	0	0.000000	3	0.001628
DP	0	185	0	0.000000	2	0.001085
DP	0	186	0	0.000000	2	0.001085
DP	0	187	0	0.000000	6	0.003256
DP	0	188	0	0.000000	2	0.001085
DP	0	189	0	0.000000	1	0.000543
DP	0	190	0	0.000000	3	0.001628
DP	0	192	0	0.000000	2	0.001085
DP	0	193	0	0.000000	2	0.001085
DP	0	194	0	0.000000	2	0.001085
DP	0	195	0	0.000000	1	0.000543
DP	0	196	0	0.000000	1	0.000543
DP	0	198	0	0.000000	2	0.001085
DP	0	199	0	0.000000	1	0.000543
DP	0	200	0	0.000000	2	0.001085
DP	0	201	0	0.000000	2	0.001085
DP	0	202	0	0.000000	2	0.001085
DP	0	203	0	0.000000	2	0.001085
DP	0	204	0	0.000000	2	0.001085
DP	0	205	0	0.000000	2	0.001085
DP	0	206	0	0.000000	3	0.001628
DP	0	207	0	0.000000	1	0.000543
DP	0	208	0	0.000000	3	0.001628
DP	0	209	0	0.000000	1	0.000543
DP	0	210	0	0.000000	1	0.000543
DP	0	211	0	0.000000	1	0.000543
DP	0	212	0	0.000000	4	0.002171
DP	0	213	0	0.000000	1	0.000543
DP	0	215	0	0.000000	1	0.000543
DP	0	216	0	0.000000	1	0.000543
DP	0	217	0	0.000000	3	0.001628
DP	0	220	0	0.000000	2	0.001085
DP	0	222	0	0.000000	2	0.001085
DP	0	223	0	0.000000	1	0.000543
DP	0	224	0	0.000000	4	0.002171
DP	0	225	0	0.000000	3	0.001628
DP	0	226	0	0.000000	3	0.001628
DP	0	228	0	0.000000	4	0.002171
DP	0	229	0	0.000000	6	0.003256
DP	0	230	0	0.000000	1	0.000543
DP	0	231	0	0.000000	1	0.000543
DP	0	232	0	0.000000	1	0.000543
DP	0	233	0	0.000000	1	0.000543
DP	0	234	0	0.000000	5	0.002714
DP	0	235	0	0.000000	4	0.002171
DP	0	236	0	0.000000	3	0.001628
DP	0	237	0	0.000000	1	0.000543
DP	0	238	0	0.000000	3	0.001628
DP	0	239	0	0.000000	1	0.000543
DP	0	240	0	0.000000	3	0.001628
DP	0	241	0	0.000000	1	0.000543
DP	0	242	0	0.000000	1	0.000543
DP	0	243	0	0.000000	1	0.000543
DP	0	244	0	0.000000	2	0.001085
DP	0	245	0	0.000000	1	0.000543
DP	0	246	0	0.000000	3	0.001628
DP	0	247	0	0.000000	4	0.002171
DP	0	248	0	0.000000	3	0.001628
DP	0	249	0	0.000000	2	0.001085
DP	0	250	0	0.000000	2	0.001085
DP	0	251	0	0.000000	3	0.001628
DP	0	252	0	0.000000	4	0.002171
DP	0	253	0	0.000000	2	0.001085
DP	0	254	0	0.000000	2	0.001085
DP	0	255	0	0.000000	8	0.004342
DP	0	256	0	0.000000	2	0.001085
DP	0	257	0	0.000000	1	0.000543
DP	0	258	0	0.000000	3	0.001628
DP	0	259	0	0.000000	2	0.001085
DP	0	260	0	0.000000	1	0.000543
DP	0	261	0	0.000000	4	0.002171
DP	0	262	0	0.000000	2	0.001085
DP	0	264	0	0.000000	1	0.000543
DP	0	265	0	0.000000	2	0.001085
DP	0	266	0	0.000000	1	0.000543
DP	0	267	0	0.000000	4	0.002171
DP	0	268	0	0.000000	3	0.001628
DP	0	269	0	0.000000	1	0.000543
DP	0	270	0	0.000000	4	0.002171
DP	0	271	0	0.000000	5	0.002714
DP	0	272	0	0.000000	2	0.001085
DP	0	273	0	0.000000	2	0.001085
DP	0	274	0	0.000000	6	0.003256
DP	0	275	0	0.000000	2	0.001085
DP	0	276	0	0.000000	4	0.002171
DP	0	277	0	0.000000	3	0.001628
DP	0	278	0	0.000000	1	0.000543
DP	0	279	0	0.000000	2	0.001085
DP	0	280	0	0.000000	2	0.001085
DP	0	281	0	0.000000	4	0.002171
DP	0	282	0	0.000000	2	0.001085
DP	0	283	0	0.000000	3	0.001628
DP	0	285	0	0.000000	4	0.002171
DP	0	287	0	0.000000	2	0.001085
DP	0	288	0	0.000000	1	0.000543
DP	0	289	0	0.000000	2	0.001085
DP	0	291	0	0.000000	1	0.000543
DP	0	292	0	0.000000	2	0.001085
DP	0	293	0	0.000000	5	0.002714
DP	0	295	0	0.000000	1	0.000543
DP	0	296	0	0.000000	1	0.000543
DP	0	297	0	0.000000	3	0.001628
DP	0	298	0	0.000000	2	0.001085
DP	0	299	0	0.000000	2	0.001085
DP	0	300	0	0.000000	1	0.000543
DP	0	302	0	0.000000	1	0.000543
DP	0	304	0	0.000000	1	0.000543
DP	0	305	0	0.000000	1	0.000543
DP	0	306	0	0.000000	3	0.001628
DP	0	307	0	0.000000	1	0.000543
DP	0	308	0	0.000000	3	0.001628
DP	0	309	0	0.000000	1	0.000543
DP	0	310	0	0.000000	2	0.001085
DP	0	311	0	0.000000	5	0.002714
DP	0	312	0	0.000000	2	0.001085
DP	0	313	0	0.000000	1	0.000543
DP	0	314	0	0.000000	1	0.000543
DP	0	315	0	0.000000	5	0.002714
DP	0	316	0	0.000000	1	0.000543
DP	0	318	0	0.000000	2	0.001085
DP	0	319	0	0.000000	1	0.000543
DP	0	320	0	0.000000	1	0.000543
DP	0	321	0	0.000000	2	0.001085
DP	0	322	0	0.000000	4	0.002171
DP	0	323	0	0.000000	4	0.002171
DP	0	324	0	0.000000	2	0.001085
DP	0	325	0	0.000000	2	0.001085
DP	0	327	0	0.000000	1	0.000543
DP	0	328	0	0.000000	3	0.001628
DP	0	330	0	0.000000	3	0.001628
DP	0	331	0	0.000000	1	0.000543
DP	0	332	0	0.000000	2	0.001085
DP	0	333	0	0.000000	1	0.000543
DP	0	334	0	0.000000	1	0.000543
DP	0	335	0	0.000000	1	0.000543
DP	0	336	0	0.000000	2	0.001085
DP	0	337	0	0.000000	4	0.002171
DP	0	339	0	0.000000	1	0.000543
DP	0	340	0	0.000000	5	0.002714
DP	0	341	0	0.000000	1	0.000543
DP	0	345	0	0.000000	2	0.001085
DP	0	346	0	0.000000	3	0.001628
DP	0	347	0	0.000000	2	0.001085
DP	0	348	0	0.000000	1	0.000543
DP	0	349	0	0.000000	3	0.001628
DP	0	350	0	0.000000	1	0.000543
DP	0	351	0	0.000000	3	0.001628
DP	0	352	0	0.000000	3	0.001628
DP	0	354	0	0.000000	1	0.000543
DP	0	355	0	0.000000	8	0.004342
DP	0	356	0	0.000000	4	0.002171
DP	0	357	0	0.000000	4	0.002171
DP	0	358	0	0.000000	3	0.001628
DP	0	359	0	0.000000	3	0.001628
DP	0	360	0	0.000000	3	0.001628
DP	0	361	0	0.000000	4	0.002171
DP	0	362	0	0.000000	3	0.001628
DP	0	363	0	0.000000	1	0.000543
DP	0	364	0	0.000000	1	0.000543
DP	0	365	0	0.000000	1	0.000543
DP	0	366	0	0.000000	3	0.001628
DP	0	367	0	0.000000	3	0.001628
DP	0	368	0	0.000000	3	0.001628
DP	0	369	0	0.000000	2	0.001085
DP	0	371	0	0.000000	2	0.001085
DP	0	372	0	0.000000	3	0.001628
DP	0	373	0	0.000000	2	0.001085
DP	0	374	0	0.000000	3	0.001628
DP	0	375	0	0.000000	2	0.001085
DP	0	376	0	0.000000	1	0.000543
DP	0	377	0	0.000000	2	0.001085
DP	0	378	0	0.000000	3	0.001628
DP	0	379	0	0.000000	3	0.001628
DP	0	380	0	0.000000	1	0.000543
DP	0	382	0	0.000000	7	0.003799
DP	0	383	0	0.000000	1	0.000543
DP	0	384	0	0.000000	3	0.001628
DP	0	385	0	0.000000	2	0.001085
DP	0	386	0	0.000000	2	0.001085
DP	0	387	0	0.000000	1	0.000543
DP	0	388	0	0.000000	1	0.000543
DP	0	389	0	0.000000	3	0.001628
DP	0	390	0	0.000000	1	0.000543
DP	0	391	0	0.000000	4	0.002171
DP	0	392	0	0.000000	1	0.000543
DP	0	393	0	0.000000	1	0.000543
DP	0	394	0	0.000000	2	0.001085
DP	0	395	0	0.000000	2	0.001085
DP	0	396	0	0.000000	4	0.002171
DP	0	398	0	0.000000	2	0.001085
DP	0	399	0	0.000000	1	0.000543
DP	0	400	0	0.000000	2	0.001085
DP	0	401	0	0.000000	3	0.001628
DP	0	402	0	0.000000	1	0.000543
DP	0	404	0	0.000000	2	0.001085
DP	0	406	0	0.000000	1	0.000543
DP	0	407	0	0.000000	1	0.000543
DP	0	409	0	0.000000	2	0.001085
DP	0	410	0	0.000000	4	0.002171
DP	0	411	0	0.000000	2	0.001085
DP	0	412	0	0.000000	1	0.000543
DP	0	413	0	0.000000	2	0.001085
DP	0	414	0	0.000000	3	0.001628
DP	0	415	0	0.000000	4	0.002171
DP	0	416	0	0.000000	1	0.000543
DP	0	417	0	0.000000	1	0.000543
DP	0	418	0	0.000000	1	0.000543
DP	0	419	0	0.000000	1	0.000543
DP	0	420	0	0.000000	2	0.001085
DP	0	421	0	0.000000	3	0.001628
DP	0	422	0	0.000000	1	0.000543
DP	0	423	0	0.000000	1	0.000543
DP	0	424	0	0.000000	4	0.002171
DP	0	425	0	0.000000	3	0.001628
DP	0	427	0	0.000000	2	0.001085
DP	0	428	0	0.000000	1	0.000543
DP	0	429	0	0.000000	2	0.001085
DP	0	431	0	0.000000	2	0.001085
DP	0	432	0	0.000000	4	0.002171
DP	0	433	0	0.000000	1	0.000543
DP	0	434	0	0.000000	4	0.002171
DP	0	435	0	0.000000	4	0.002171
DP	0	436	0	0.000000	2	0.001085
DP	0	437	0	0.000000	2	0.001085
DP	0	438	0	0.000000	2	0.001085
DP	0	439	0	0.000000	1	0.000543
DP	0	440	0	0.000000	3	0.001628
DP	0	441	0	0.000000	6	0.003256
DP	0	442	0	0.000000	1	0.000543
DP	0	443	0	0.000000	6	0.003256
DP	0	444	0	0.000000	3	0.001628
DP	0	445	0	0.000000	4	0.002171
DP	0	446	0	0.000000	6	0.003256
DP	0	448	0	0.000000	3	0.001628
DP	0	451	0	0.000000	2	0.001085
DP	0	452	0	0.000000	2	0.001085
DP	0	453	0	0.000000	1	0.000543
DP	0	455	0	0.000000	2	0.001085
DP	0	456	0	0.000000	1	0.000543
DP	0	457	0	0.000000	4	0.002171
DP	0	458	0	0.000000	2	0.001085
DP	0	459	0	0.000000	2	0.001085
DP	0	462	0	0.000000	2	0.001085
DP	0	463	0	0.000000	5	0.002714
DP	0	464	0	0.000000	3	0.001628
DP	0	465	0	0.000000	4	0.002171
DP	0	466	0	0.000000	1	0.000543
DP	0	468	0	0.000000	2	0.001085
DP	0	470	0	0.000000	2	0.001085
DP	0	471	0	0.000000	2	0.001085
DP	0	472	0	0.000000	2	0.001085
DP	0	473	0	0.000000	2	0.001085
DP	0	474	0	0.000000	2	0.001085
DP	0	475	0	0.000000	3	0.001628
DP	0	476	0	0.000000	4	0.002171
DP	0	477	0	0.000000	3	0.001628
DP	0	479	0	0.000000	2	0.001085
DP	0	480	0	0.000000	2	0.001085
DP	0	482	0	0.000000	4	0.002171
DP	0	483	0	0.000000	4	0.002171
DP	0	485	0	0.000000	2	0.001085
DP	0	486	0	0.000000	1	0.000543
DP	0	487	0	0.000000	2	0.001085
DP	0	488	0	0.000000	2	0.001085
DP	0	489	0	0.000000	1	0.000543
DP	0	490	0	0.000000	2	0.001085
DP	0	491	0	0.000000	2	0.001085
DP	0	492	0	0.000000	2	0.001085
DP	0	493	0	0.000000	1	0.000543
DP	0	494	0	0.000000	1	0.000543
DP	0	495	0	0.000000	1	0.000543
DP	0	496	0	0.000000	3	0.001628
DP	0	497	0	0.000000	1	0.000543
DP	0	498	0	0.000000	2	0.001085
DP	0	499	0	0.000000	1	0.000543
DP	0	500	0	0.000000	1	0.000543
DP	0	>500	0	0.000000	182970	99.302597
