# This file was produced by bcftools stats (1.9+htslib-1.9) and can be plotted using plot-vcfstats.
# The command line was:	bcftools stats  -v --samples-file /cromwell_root/fc-47de7dae-e8e6-429c-b760-b4ba49136eee/resources/1kgp/AMR.txt /cromwell_root/fc-51aefb1c-4e8e-4dcb-a59c-62e318ea351a/4713d804-a408-419e-b112-cbfba89fddca/subset_vcf_sample_list/c53d44c0-be1c-4283-982b-9cf48687eb48/call-bgzip_bcftools_index/20201028_CCDG_14151_B01_GRM_WGS_2020-08-05_chrY.recalibrated_variants.pass.singleton.AMR_singleton.vcf.gz
#
# Definition of sets:
# ID	[2]id	[3]tab-separated file names
ID	0	/cromwell_root/fc-51aefb1c-4e8e-4dcb-a59c-62e318ea351a/4713d804-a408-419e-b112-cbfba89fddca/subset_vcf_sample_list/c53d44c0-be1c-4283-982b-9cf48687eb48/call-bgzip_bcftools_index/20201028_CCDG_14151_B01_GRM_WGS_2020-08-05_chrY.recalibrated_variants.pass.singleton.AMR_singleton.vcf.gz
# SN, Summary numbers:
#   number of records   .. number of data rows in the VCF
#   number of no-ALTs   .. reference-only sites, ALT is either "." or identical to REF
#   number of SNPs      .. number of rows with a SNP
#   number of MNPs      .. number of rows with a MNP, such as CC>TT
#   number of indels    .. number of rows with an indel
#   number of others    .. number of rows with other type, for example a symbolic allele or
#                          a complex substitution, such as ACT>TCGA
#   number of multiallelic sites     .. number of rows with multiple alternate alleles
#   number of multiallelic SNP sites .. number of rows with multiple alternate alleles, all SNPs
# 
#   Note that rows containing multiple types will be counted multiple times, in each
#   counter. For example, a row with a SNP and an indel increments both the SNP and
#   the indel counter.
# 
# SN	[2]id	[3]key	[4]value
SN	0	number of samples:	353
SN	0	number of records:	152242
SN	0	number of no-ALTs:	0
SN	0	number of SNPs:	142594
SN	0	number of MNPs:	0
SN	0	number of indels:	10264
SN	0	number of others:	875
SN	0	number of multiallelic sites:	5308
SN	0	number of multiallelic SNP sites:	2358
# TSTV, transitions/transversions:
# TSTV	[2]id	[3]ts	[4]tv	[5]ts/tv	[6]ts (1st ALT)	[7]tv (1st ALT)	[8]ts/tv (1st ALT)
TSTV	0	85668	57991	1.48	84869	56901	1.49
# SiS, Singleton stats:
# SiS	[2]id	[3]allele count	[4]number of SNPs	[5]number of transitions	[6]number of transversions	[7]number of indels	[8]repeat-consistent	[9]repeat-inconsistent	[10]not applicable
SiS	0	1	18150	10950	7200	1936	0	0	1936
# AF, Stats by non-reference allele frequency:
# AF	[2]id	[3]allele frequency	[4]number of SNPs	[5]number of transitions	[6]number of transversions	[7]number of indels	[8]repeat-consistent	[9]repeat-inconsistent	[10]not applicable
AF	0	0.000000	130366	77927	52439	10720	0	0	10720
AF	0	0.011331	2677	1582	1095	534	0	0	534
AF	0	0.014164	7	3	4	19	0	0	19
AF	0	0.016997	1546	928	618	371	0	0	371
AF	0	0.019830	12	3	9	19	0	0	19
AF	0	0.022663	1743	1046	697	296	0	0	296
AF	0	0.025496	17	7	10	34	0	0	34
AF	0	0.028329	289	158	131	119	0	0	119
AF	0	0.031161	19	8	11	28	0	0	28
AF	0	0.033994	163	81	82	88	0	0	88
AF	0	0.036827	22	13	9	15	0	0	15
AF	0	0.039660	798	494	304	145	0	0	145
AF	0	0.042493	33	18	15	25	0	0	25
AF	0	0.045326	555	337	218	85	0	0	85
AF	0	0.048159	21	7	14	16	0	0	16
AF	0	0.050992	243	143	100	99	0	0	99
AF	0	0.053824	17	5	12	18	0	0	18
AF	0	0.056657	275	160	115	66	0	0	66
AF	0	0.059490	21	15	6	19	0	0	19
AF	0	0.062323	77	39	38	44	0	0	44
AF	0	0.065156	14	7	7	18	0	0	18
AF	0	0.067989	58	30	28	41	0	0	41
AF	0	0.070822	12	7	5	13	0	0	13
AF	0	0.073654	34	20	14	37	0	0	37
AF	0	0.076487	19	11	8	16	0	0	16
AF	0	0.079320	180	98	82	37	0	0	37
AF	0	0.082153	17	7	10	6	0	0	6
AF	0	0.084986	33	21	12	24	0	0	24
AF	0	0.087819	15	12	3	12	0	0	12
AF	0	0.090652	29	10	19	28	0	0	28
AF	0	0.093484	18	12	6	6	0	0	6
AF	0	0.096317	27	16	11	28	0	0	28
AF	0	0.099150	22	13	9	10	0	0	10
AF	0	0.101983	28	17	11	22	0	0	22
AF	0	0.104816	15	7	8	3	0	0	3
AF	0	0.107649	18	12	6	21	0	0	21
AF	0	0.110482	20	8	12	16	0	0	16
AF	0	0.113314	26	15	11	22	0	0	22
AF	0	0.116147	16	7	9	6	0	0	6
AF	0	0.118980	351	219	132	32	0	0	32
AF	0	0.121813	14	9	5	11	0	0	11
AF	0	0.124646	25	10	15	19	0	0	19
AF	0	0.127479	31	14	17	12	0	0	12
AF	0	0.130312	15	7	8	11	0	0	11
AF	0	0.133144	21	8	13	12	0	0	12
AF	0	0.135977	14	7	7	5	0	0	5
AF	0	0.138810	15	11	4	11	0	0	11
AF	0	0.141643	16	8	8	14	0	0	14
AF	0	0.144476	10	8	2	5	0	0	5
AF	0	0.147309	21	11	10	14	0	0	14
AF	0	0.150142	7	6	1	7	0	0	7
AF	0	0.152975	14	6	8	8	0	0	8
AF	0	0.155807	12	8	4	9	0	0	9
AF	0	0.158640	9	7	2	10	0	0	10
AF	0	0.161473	10	6	4	4	0	0	4
AF	0	0.164306	6	5	1	3	0	0	3
AF	0	0.167139	145	92	53	13	0	0	13
AF	0	0.169972	17	6	11	2	0	0	2
AF	0	0.172805	267	164	103	25	0	0	25
AF	0	0.175637	10	6	4	3	0	0	3
AF	0	0.178470	259	165	94	20	0	0	20
AF	0	0.181303	9	3	6	3	0	0	3
AF	0	0.184136	15	7	8	15	0	0	15
AF	0	0.186969	5	3	2	6	0	0	6
AF	0	0.189802	14	10	4	8	0	0	8
AF	0	0.192635	9	7	2	3	0	0	3
AF	0	0.195467	21	12	9	8	0	0	8
AF	0	0.198300	10	8	2	7	0	0	7
AF	0	0.201133	49	30	19	15	0	0	15
AF	0	0.203966	9	3	6	5	0	0	5
AF	0	0.206799	18	5	13	6	0	0	6
AF	0	0.209632	8	5	3	4	0	0	4
AF	0	0.212465	163	107	56	22	0	0	22
AF	0	0.215297	5	3	2	5	0	0	5
AF	0	0.218130	83	55	28	9	0	0	9
AF	0	0.220963	5	1	4	3	0	0	3
AF	0	0.223796	16	11	5	5	0	0	5
AF	0	0.226629	6	2	4	2	0	0	2
AF	0	0.229462	4	2	2	6	0	0	6
AF	0	0.232295	8	4	4	5	0	0	5
AF	0	0.235127	19	12	7	7	0	0	7
AF	0	0.237960	4	2	2	2	0	0	2
AF	0	0.240793	4	3	1	5	0	0	5
AF	0	0.243626	7	3	4	2	0	0	2
AF	0	0.246459	4	2	2	5	0	0	5
AF	0	0.249292	8	4	4	6	0	0	6
AF	0	0.252125	9	7	2	9	0	0	9
AF	0	0.254958	7	5	2	2	0	0	2
AF	0	0.257790	7	4	3	1	0	0	1
AF	0	0.260623	7	3	4	1	0	0	1
AF	0	0.263456	7	4	3	6	0	0	6
AF	0	0.266289	5	2	3	5	0	0	5
AF	0	0.269122	10	5	5	5	0	0	5
AF	0	0.271955	5	2	3	2	0	0	2
AF	0	0.274788	9	6	3	3	0	0	3
AF	0	0.277620	10	4	6	3	0	0	3
AF	0	0.280453	14	8	6	4	0	0	4
AF	0	0.283286	6	1	5	7	0	0	7
AF	0	0.286119	8	3	5	7	0	0	7
AF	0	0.288952	7	3	4	0	0	0	0
AF	0	0.291785	6	4	2	3	0	0	3
AF	0	0.294618	7	5	2	3	0	0	3
AF	0	0.297450	4	3	1	3	0	0	3
AF	0	0.300283	11	6	5	1	0	0	1
AF	0	0.303116	9	3	6	2	0	0	2
AF	0	0.305949	6	1	5	3	0	0	3
AF	0	0.308782	9	7	2	9	0	0	9
AF	0	0.311615	7	5	2	2	0	0	2
AF	0	0.314448	8	4	4	2	0	0	2
AF	0	0.317280	1	0	1	2	0	0	2
AF	0	0.320113	23	10	13	2	0	0	2
AF	0	0.322946	2	1	1	2	0	0	2
AF	0	0.325779	10	3	7	4	0	0	4
AF	0	0.328612	5	1	4	2	0	0	2
AF	0	0.331445	5	2	3	1	0	0	1
AF	0	0.334278	10	7	3	6	0	0	6
AF	0	0.337110	4	2	2	1	0	0	1
AF	0	0.339943	20	13	7	6	0	0	6
AF	0	0.342776	2	1	1	2	0	0	2
AF	0	0.345609	207	129	78	15	0	0	15
AF	0	0.348442	6	1	5	0	0	0	0
AF	0	0.351275	6	2	4	3	0	0	3
AF	0	0.354108	6	3	3	1	0	0	1
AF	0	0.356941	9	3	6	2	0	0	2
AF	0	0.359773	2	1	1	1	0	0	1
AF	0	0.362606	5	3	2	5	0	0	5
AF	0	0.365439	3	3	0	1	0	0	1
AF	0	0.368272	8	2	6	3	0	0	3
AF	0	0.371105	2	2	0	1	0	0	1
AF	0	0.373938	5	2	3	4	0	0	4
AF	0	0.376771	8	5	3	0	0	0	0
AF	0	0.379603	6	1	5	1	0	0	1
AF	0	0.382436	6	2	4	1	0	0	1
AF	0	0.385269	7	4	3	1	0	0	1
AF	0	0.388102	5	5	0	3	0	0	3
AF	0	0.390935	6	1	5	1	0	0	1
AF	0	0.393768	8	3	5	2	0	0	2
AF	0	0.396601	6	1	5	2	0	0	2
AF	0	0.399433	4	3	1	2	0	0	2
AF	0	0.402266	5	4	1	1	0	0	1
AF	0	0.405099	4	1	3	1	0	0	1
AF	0	0.407932	8	4	4	1	0	0	1
AF	0	0.410765	3	2	1	4	0	0	4
AF	0	0.413598	4	1	3	1	0	0	1
AF	0	0.416431	5	2	3	3	0	0	3
AF	0	0.419263	2	0	2	3	0	0	3
AF	0	0.422096	5	2	3	5	0	0	5
AF	0	0.424929	6	0	6	3	0	0	3
AF	0	0.427762	3	2	1	1	0	0	1
AF	0	0.430595	10	6	4	3	0	0	3
AF	0	0.433428	3	1	2	1	0	0	1
AF	0	0.436261	0	0	0	4	0	0	4
AF	0	0.439093	2	2	0	2	0	0	2
AF	0	0.441926	6	2	4	3	0	0	3
AF	0	0.444759	1	1	0	0	0	0	0
AF	0	0.447592	3	2	1	2	0	0	2
AF	0	0.450425	1	0	1	0	0	0	0
AF	0	0.453258	4	2	2	4	0	0	4
AF	0	0.456091	1	0	1	1	0	0	1
AF	0	0.458924	6	2	4	4	0	0	4
AF	0	0.461756	1	0	1	2	0	0	2
AF	0	0.464589	5	4	1	0	0	0	0
AF	0	0.467422	5	3	2	1	0	0	1
AF	0	0.470255	7	5	2	0	0	0	0
AF	0	0.473088	4	1	3	2	0	0	2
AF	0	0.475921	1	1	0	0	0	0	0
AF	0	0.478754	6	3	3	1	0	0	1
AF	0	0.481586	6	1	5	1	0	0	1
AF	0	0.484419	5	2	3	1	0	0	1
AF	0	0.487252	2	2	0	2	0	0	2
AF	0	0.490085	2	2	0	0	0	0	0
AF	0	0.492918	7	2	5	4	0	0	4
AF	0	0.498584	5	3	2	0	0	0	0
AF	0	0.501416	5	1	4	2	0	0	2
AF	0	0.504249	4	2	2	1	0	0	1
AF	0	0.507082	3	3	0	1	0	0	1
AF	0	0.509915	2	1	1	2	0	0	2
AF	0	0.512748	3	1	2	1	0	0	1
AF	0	0.515581	1	0	1	1	0	0	1
AF	0	0.518414	4	4	0	1	0	0	1
AF	0	0.521246	4	2	2	2	0	0	2
AF	0	0.524079	3	2	1	2	0	0	2
AF	0	0.526912	1	0	1	4	0	0	4
AF	0	0.529745	5	3	2	4	0	0	4
AF	0	0.532578	2	0	2	2	0	0	2
AF	0	0.535411	9	6	3	2	0	0	2
AF	0	0.538244	5	4	1	0	0	0	0
AF	0	0.541076	5	3	2	4	0	0	4
AF	0	0.543909	4	0	4	1	0	0	1
AF	0	0.546742	3	2	1	2	0	0	2
AF	0	0.549575	3	2	1	4	0	0	4
AF	0	0.552408	7	3	4	1	0	0	1
AF	0	0.555241	6	2	4	0	0	0	0
AF	0	0.558074	4	3	1	1	0	0	1
AF	0	0.560907	6	3	3	1	0	0	1
AF	0	0.563739	127	75	52	4	0	0	4
AF	0	0.566572	36	25	11	2	0	0	2
AF	0	0.569405	49	28	21	4	0	0	4
AF	0	0.572238	11	8	3	3	0	0	3
AF	0	0.575071	5	2	3	3	0	0	3
AF	0	0.577904	37	23	14	0	0	0	0
AF	0	0.580737	132	81	51	3	0	0	3
AF	0	0.583569	4	4	0	1	0	0	1
AF	0	0.586402	8	5	3	2	0	0	2
AF	0	0.589235	5	1	4	3	0	0	3
AF	0	0.592068	17	11	6	1	0	0	1
AF	0	0.594901	3	1	2	1	0	0	1
AF	0	0.597734	5	3	2	2	0	0	2
AF	0	0.600567	4	3	1	0	0	0	0
AF	0	0.603399	4	3	1	0	0	0	0
AF	0	0.606232	5	2	3	0	0	0	0
AF	0	0.609065	4	3	1	3	0	0	3
AF	0	0.611898	3	2	1	0	0	0	0
AF	0	0.614731	7	4	3	1	0	0	1
AF	0	0.617564	2	1	1	0	0	0	0
AF	0	0.620397	1	0	1	0	0	0	0
AF	0	0.623229	2	2	0	1	0	0	1
AF	0	0.626062	3	3	0	1	0	0	1
AF	0	0.628895	6	3	3	1	0	0	1
AF	0	0.631728	7	5	2	1	0	0	1
AF	0	0.634561	2	1	1	1	0	0	1
AF	0	0.637394	3	1	2	1	0	0	1
AF	0	0.640227	4	4	0	2	0	0	2
AF	0	0.643059	5	3	2	1	0	0	1
AF	0	0.645892	2	1	1	0	0	0	0
AF	0	0.648725	5	3	2	0	0	0	0
AF	0	0.651558	2	1	1	0	0	0	0
AF	0	0.654391	1	1	0	2	0	0	2
AF	0	0.657224	3	2	1	0	0	0	0
AF	0	0.660057	9	3	6	0	0	0	0
AF	0	0.662890	3	2	1	0	0	0	0
AF	0	0.665722	2	2	0	1	0	0	1
AF	0	0.668555	3	2	1	1	0	0	1
AF	0	0.671388	5	2	3	0	0	0	0
AF	0	0.674221	6	3	3	0	0	0	0
AF	0	0.677054	2	2	0	2	0	0	2
AF	0	0.679887	9	8	1	0	0	0	0
AF	0	0.682720	4	2	2	0	0	0	0
AF	0	0.685552	2	0	2	1	0	0	1
AF	0	0.688385	5	3	2	0	0	0	0
AF	0	0.691218	2	1	1	0	0	0	0
AF	0	0.694051	3	2	1	0	0	0	0
AF	0	0.696884	1	1	0	1	0	0	1
AF	0	0.699717	1	1	0	0	0	0	0
AF	0	0.702550	3	0	3	0	0	0	0
AF	0	0.705382	2	2	0	0	0	0	0
AF	0	0.708215	5	2	3	0	0	0	0
AF	0	0.711048	0	0	0	2	0	0	2
AF	0	0.713881	1	1	0	0	0	0	0
AF	0	0.716714	4	2	2	0	0	0	0
AF	0	0.719547	3	1	2	0	0	0	0
AF	0	0.722380	6	1	5	0	0	0	0
AF	0	0.725212	2	0	2	0	0	0	0
AF	0	0.728045	3	2	1	0	0	0	0
AF	0	0.730878	3	0	3	1	0	0	1
AF	0	0.733711	7	6	1	0	0	0	0
AF	0	0.736544	2	1	1	0	0	0	0
AF	0	0.739377	1	0	1	2	0	0	2
AF	0	0.742210	0	0	0	1	0	0	1
AF	0	0.745042	3	2	1	0	0	0	0
AF	0	0.747875	6	3	3	0	0	0	0
AF	0	0.750708	7	5	2	0	0	0	0
AF	0	0.753541	5	3	2	0	0	0	0
AF	0	0.756374	2	1	1	0	0	0	0
AF	0	0.759207	2	2	0	1	0	0	1
AF	0	0.762040	2	1	1	1	0	0	1
AF	0	0.764873	9	5	4	0	0	0	0
AF	0	0.767705	4	4	0	0	0	0	0
AF	0	0.770538	2	1	1	0	0	0	0
AF	0	0.773371	1	0	1	1	0	0	1
AF	0	0.776204	2	0	2	0	0	0	0
AF	0	0.779037	4	3	1	1	0	0	1
AF	0	0.781870	5	2	3	1	0	0	1
AF	0	0.784703	1	1	0	0	0	0	0
AF	0	0.787535	2	0	2	1	0	0	1
AF	0	0.790368	6	2	4	1	0	0	1
AF	0	0.793201	2	1	1	1	0	0	1
AF	0	0.796034	2	2	0	1	0	0	1
AF	0	0.798867	8	2	6	0	0	0	0
AF	0	0.801700	3	2	1	0	0	0	0
AF	0	0.804533	4	1	3	1	0	0	1
AF	0	0.807365	2	1	1	0	0	0	0
AF	0	0.810198	1	1	0	0	0	0	0
AF	0	0.813031	1	1	0	0	0	0	0
AF	0	0.815864	7	3	4	1	0	0	1
AF	0	0.818697	3	1	2	0	0	0	0
AF	0	0.821530	5	2	3	2	0	0	2
AF	0	0.824363	2	0	2	2	0	0	2
AF	0	0.827195	7	3	4	0	0	0	0
AF	0	0.830028	2	1	1	0	0	0	0
AF	0	0.832861	3	2	1	1	0	0	1
AF	0	0.835694	3	2	1	0	0	0	0
AF	0	0.838527	6	5	1	0	0	0	0
AF	0	0.841360	4	1	3	0	0	0	0
AF	0	0.844193	4	3	1	1	0	0	1
AF	0	0.847025	6	3	3	0	0	0	0
AF	0	0.849858	5	4	1	0	0	0	0
AF	0	0.852691	2	1	1	0	0	0	0
AF	0	0.855524	3	3	0	0	0	0	0
AF	0	0.858357	11	5	6	1	0	0	1
AF	0	0.861190	4	2	2	0	0	0	0
AF	0	0.864023	4	0	4	3	0	0	3
AF	0	0.866856	4	1	3	0	0	0	0
AF	0	0.869688	2	1	1	0	0	0	0
AF	0	0.872521	5	2	3	0	0	0	0
AF	0	0.875354	5	4	1	0	0	0	0
AF	0	0.878187	5	1	4	0	0	0	0
AF	0	0.881020	11	7	4	0	0	0	0
AF	0	0.883853	6	3	3	0	0	0	0
AF	0	0.886686	9	5	4	0	0	0	0
AF	0	0.889518	6	3	3	0	0	0	0
AF	0	0.892351	6	5	1	0	0	0	0
AF	0	0.895184	4	3	1	1	0	0	1
AF	0	0.898017	12	10	2	1	0	0	1
AF	0	0.900850	6	4	2	0	0	0	0
AF	0	0.903683	3	2	1	1	0	0	1
AF	0	0.906516	5	3	2	1	0	0	1
AF	0	0.909348	7	4	3	0	0	0	0
AF	0	0.912181	3	1	2	0	0	0	0
AF	0	0.915014	5	2	3	0	0	0	0
AF	0	0.917847	7	3	4	0	0	0	0
AF	0	0.920680	9	4	5	0	0	0	0
AF	0	0.923513	4	1	3	1	0	0	1
AF	0	0.926346	5	2	3	0	0	0	0
AF	0	0.929178	5	3	2	1	0	0	1
AF	0	0.932011	9	4	5	0	0	0	0
AF	0	0.934844	6	1	5	0	0	0	0
AF	0	0.937677	7	4	3	0	0	0	0
AF	0	0.940510	3	2	1	0	0	0	0
AF	0	0.943343	14	9	5	1	0	0	1
AF	0	0.946176	2	1	1	0	0	0	0
AF	0	0.949008	7	3	4	1	0	0	1
AF	0	0.951841	4	1	3	0	0	0	0
AF	0	0.954674	16	6	10	2	0	0	2
AF	0	0.957507	6	3	3	1	0	0	1
AF	0	0.960340	19	8	11	3	0	0	3
AF	0	0.963173	5	2	3	0	0	0	0
AF	0	0.966006	22	12	10	3	0	0	3
AF	0	0.968839	4	1	3	0	0	0	0
AF	0	0.971671	21	12	9	2	0	0	2
AF	0	0.974504	3	1	2	0	0	0	0
AF	0	0.977337	26	14	12	2	0	0	2
AF	0	0.980170	6	2	4	0	0	0	0
AF	0	0.983003	33	21	12	2	0	0	2
AF	0	0.985836	5	2	3	0	0	0	0
AF	0	0.988669	62	30	32	3	0	0	3
AF	0	0.997167	369	187	182	49	0	0	49
# QUAL, Stats by quality:
# QUAL	[2]id	[3]Quality	[4]number of SNPs	[5]number of transitions (1st ALT)	[6]number of transversions (1st ALT)	[7]number of indels
QUAL	0	30	11	8	3	1
QUAL	0	31	32	17	15	1
QUAL	0	32	30	13	17	0
QUAL	0	33	23	13	10	1
QUAL	0	34	16	9	7	2
QUAL	0	35	18	14	4	1
QUAL	0	36	28	13	15	0
QUAL	0	37	353	176	177	6
QUAL	0	38	48	20	28	0
QUAL	0	39	14	5	9	0
QUAL	0	40	13	7	6	0
QUAL	0	41	46	20	26	0
QUAL	0	42	41	19	22	2
QUAL	0	43	25	12	13	3
QUAL	0	44	16	7	9	2
QUAL	0	45	31	12	19	0
QUAL	0	46	25	10	15	1
QUAL	0	47	24	11	13	1
QUAL	0	48	49	24	25	1
QUAL	0	49	25	12	13	2
QUAL	0	50	37	21	16	0
QUAL	0	51	257	121	136	0
QUAL	0	52	45	23	22	0
QUAL	0	53	49	30	19	1
QUAL	0	54	20	7	13	1
QUAL	0	55	24	13	11	1
QUAL	0	56	21	10	11	1
QUAL	0	57	18	7	11	3
QUAL	0	58	24	12	12	0
QUAL	0	59	28	18	10	1
QUAL	0	60	15	6	9	2
QUAL	0	61	55	23	32	2
QUAL	0	62	19	10	9	2
QUAL	0	63	18	9	9	0
QUAL	0	64	18	9	9	1
QUAL	0	65	20	11	9	0
QUAL	0	66	34	16	18	1
QUAL	0	67	21	9	12	0
QUAL	0	68	22	8	14	1
QUAL	0	69	24	8	16	0
QUAL	0	70	32	15	17	0
QUAL	0	71	37	16	21	1
QUAL	0	72	29	12	17	4
QUAL	0	73	13	6	7	19
QUAL	0	74	17	11	6	2
QUAL	0	75	22	9	13	2
QUAL	0	76	43	27	16	0
QUAL	0	77	32	16	16	2
QUAL	0	78	30	17	13	1
QUAL	0	79	13	7	6	1
QUAL	0	80	31	12	19	0
QUAL	0	81	27	12	15	1
QUAL	0	82	159	82	77	3
QUAL	0	83	33	20	13	2
QUAL	0	84	32	13	19	0
QUAL	0	85	34	16	18	1
QUAL	0	86	270	150	120	0
QUAL	0	87	38	19	19	2
QUAL	0	88	18	11	7	0
QUAL	0	89	18	8	10	7
QUAL	0	90	21	7	14	3
QUAL	0	91	22	7	15	1
QUAL	0	92	18	7	11	2
QUAL	0	93	18	9	9	2
QUAL	0	94	17	10	7	0
QUAL	0	95	28	13	15	0
QUAL	0	96	54	32	22	0
QUAL	0	97	10	5	5	0
QUAL	0	98	45	20	25	2
QUAL	0	99	17	6	11	0
QUAL	0	100	20	10	10	0
QUAL	0	101	46	29	17	1
QUAL	0	102	21	7	14	2
QUAL	0	103	16	7	9	0
QUAL	0	104	20	13	7	0
QUAL	0	105	19	11	8	1
QUAL	0	106	23	10	13	2
QUAL	0	107	14	3	11	2
QUAL	0	108	14	6	8	3
QUAL	0	109	29	14	15	0
QUAL	0	110	17	8	9	0
QUAL	0	111	55	30	25	1
QUAL	0	112	24	12	12	3
QUAL	0	113	15	4	11	2
QUAL	0	114	23	12	11	0
QUAL	0	115	22	12	10	1
QUAL	0	116	16	5	11	1
QUAL	0	117	29	11	18	2
QUAL	0	118	34	20	14	23
QUAL	0	119	22	8	14	2
QUAL	0	120	51	20	31	3
QUAL	0	121	305	158	147	2
QUAL	0	122	27	13	14	1
QUAL	0	123	9	4	5	4
QUAL	0	124	26	12	14	2
QUAL	0	125	10	8	2	2
QUAL	0	126	17	6	11	1
QUAL	0	127	87	36	51	4
QUAL	0	128	29	12	17	2
QUAL	0	129	18	8	10	0
QUAL	0	130	65	30	35	2
QUAL	0	131	24	10	14	3
QUAL	0	132	10	6	4	2
QUAL	0	133	20	10	10	1
QUAL	0	134	14	9	5	5
QUAL	0	135	18	8	10	0
QUAL	0	136	32	15	17	1
QUAL	0	137	18	8	10	1
QUAL	0	138	16	9	7	1
QUAL	0	139	16	8	8	0
QUAL	0	140	23	18	5	5
QUAL	0	141	23	10	13	5
QUAL	0	142	21	13	8	2
QUAL	0	143	27	13	14	2
QUAL	0	144	21	9	12	2
QUAL	0	145	20	10	10	2
QUAL	0	146	66	37	29	0
QUAL	0	147	33	19	14	0
QUAL	0	148	16	10	6	2
QUAL	0	149	27	17	10	2
QUAL	0	150	29	15	14	0
QUAL	0	151	14	6	8	1
QUAL	0	152	25	11	14	3
QUAL	0	153	46	20	26	2
QUAL	0	154	34	14	20	3
QUAL	0	155	73	39	34	1
QUAL	0	156	393	248	145	4
QUAL	0	157	26	9	17	3
QUAL	0	158	17	9	8	2
QUAL	0	159	25	12	13	6
QUAL	0	160	19	10	9	1
QUAL	0	161	19	10	9	3
QUAL	0	162	31	16	15	1
QUAL	0	163	14	7	7	16
QUAL	0	164	22	12	10	4
QUAL	0	165	89	56	33	0
QUAL	0	166	24	12	12	1
QUAL	0	167	14	5	9	2
QUAL	0	168	27	16	11	3
QUAL	0	169	13	5	8	0
QUAL	0	170	38	19	19	1
QUAL	0	171	13	6	7	0
QUAL	0	172	69	39	30	3
QUAL	0	173	18	5	13	5
QUAL	0	174	19	6	13	0
QUAL	0	175	28	21	7	4
QUAL	0	176	19	10	9	3
QUAL	0	177	24	11	13	2
QUAL	0	178	28	21	7	0
QUAL	0	179	21	11	9	1
QUAL	0	180	85	50	35	1
QUAL	0	181	46	19	27	1
QUAL	0	182	17	7	10	3
QUAL	0	183	15	6	9	0
QUAL	0	184	26	12	14	0
QUAL	0	185	24	13	11	0
QUAL	0	186	27	14	13	2
QUAL	0	187	48	31	17	3
QUAL	0	188	28	17	11	1
QUAL	0	189	34	17	17	1
QUAL	0	190	578	332	246	1
QUAL	0	191	36	24	12	1
QUAL	0	192	18	8	10	5
QUAL	0	193	26	13	13	2
QUAL	0	194	23	17	6	2
QUAL	0	195	24	13	11	4
QUAL	0	196	25	11	13	4
QUAL	0	197	24	14	10	3
QUAL	0	198	20	8	12	3
QUAL	0	199	24	12	12	5
QUAL	0	200	130	90	40	5
QUAL	0	201	21	9	12	1
QUAL	0	202	13	8	5	5
QUAL	0	203	11	5	6	2
QUAL	0	204	14	5	9	0
QUAL	0	205	65	34	31	1
QUAL	0	206	21	14	7	1
QUAL	0	207	28	19	9	2
QUAL	0	208	9	8	1	11
QUAL	0	209	40	27	13	1
QUAL	0	210	28	11	17	3
QUAL	0	211	13	8	5	1
QUAL	0	212	17	10	7	2
QUAL	0	213	34	20	14	3
QUAL	0	214	24	13	11	4
QUAL	0	215	111	62	49	1
QUAL	0	216	34	17	17	0
QUAL	0	217	58	30	28	5
QUAL	0	218	18	9	9	3
QUAL	0	219	61	30	31	2
QUAL	0	220	32	13	19	1
QUAL	0	221	24	14	10	1
QUAL	0	222	56	31	25	3
QUAL	0	223	38	26	11	2
QUAL	0	224	77	42	35	6
QUAL	0	225	790	471	319	2
QUAL	0	226	19	7	12	1
QUAL	0	227	31	12	19	1
QUAL	0	228	17	10	7	1
QUAL	0	229	19	7	12	1
QUAL	0	230	20	13	7	1
QUAL	0	231	19	10	9	3
QUAL	0	232	21	11	10	1
QUAL	0	233	42	16	26	2
QUAL	0	234	40	24	16	2
QUAL	0	235	143	89	54	3
QUAL	0	236	12	5	7	4
QUAL	0	237	19	7	12	2
QUAL	0	238	22	11	11	1
QUAL	0	239	33	17	16	1
QUAL	0	240	78	45	33	2
QUAL	0	241	21	10	11	2
QUAL	0	242	28	15	13	5
QUAL	0	243	18	7	11	1
QUAL	0	244	55	35	20	3
QUAL	0	245	33	22	11	1
QUAL	0	246	15	9	6	3
QUAL	0	247	26	13	13	4
QUAL	0	248	23	16	7	6
QUAL	0	249	32	20	12	3
QUAL	0	250	151	93	58	2
QUAL	0	251	46	27	19	2
QUAL	0	252	14	6	8	1
QUAL	0	253	17	11	6	23
QUAL	0	254	58	34	24	5
QUAL	0	255	23	12	11	5
QUAL	0	256	28	18	10	4
QUAL	0	257	91	50	41	4
QUAL	0	258	61	35	26	3
QUAL	0	259	180	116	63	6
QUAL	0	260	1110	653	457	2
QUAL	0	261	33	15	18	2
QUAL	0	262	52	35	17	2
QUAL	0	263	17	9	8	1
QUAL	0	264	29	18	11	3
QUAL	0	265	26	13	13	3
QUAL	0	266	45	19	26	1
QUAL	0	267	26	14	12	1
QUAL	0	268	28	23	5	1
QUAL	0	269	229	128	101	4
QUAL	0	270	20	13	6	4
QUAL	0	271	20	9	11	3
QUAL	0	272	18	7	11	1
QUAL	0	273	25	15	10	3
QUAL	0	274	43	31	12	3
QUAL	0	275	102	54	48	7
QUAL	0	276	12	3	9	0
QUAL	0	277	34	12	20	3
QUAL	0	278	30	16	14	1
QUAL	0	279	55	24	31	1
QUAL	0	280	36	20	14	4
QUAL	0	281	22	12	10	5
QUAL	0	282	26	16	10	2
QUAL	0	283	38	23	15	4
QUAL	0	284	76	54	22	4
QUAL	0	285	184	102	82	7
QUAL	0	286	50	33	17	8
QUAL	0	287	13	9	4	4
QUAL	0	288	39	26	12	5
QUAL	0	289	57	32	25	7
QUAL	0	290	26	14	12	3
QUAL	0	291	34	20	14	4
QUAL	0	292	107	68	39	5
QUAL	0	293	101	60	41	1
QUAL	0	294	237	139	98	3
QUAL	0	295	1412	850	562	1
QUAL	0	296	28	18	10	0
QUAL	0	297	15	7	8	5
QUAL	0	298	34	16	18	17
QUAL	0	299	32	15	17	5
QUAL	0	300	24	14	10	3
QUAL	0	301	27	16	10	7
QUAL	0	302	20	13	7	4
QUAL	0	303	50	23	27	8
QUAL	0	304	298	169	129	10
QUAL	0	305	39	16	22	2
QUAL	0	306	23	13	10	1
QUAL	0	307	68	33	35	3
QUAL	0	308	37	17	20	3
QUAL	0	309	184	109	75	8
QUAL	0	310	31	13	18	3
QUAL	0	311	26	13	13	4
QUAL	0	312	25	13	12	7
QUAL	0	313	30	16	14	9
QUAL	0	314	88	53	35	4
QUAL	0	315	19	6	13	3
QUAL	0	316	36	23	13	2
QUAL	0	317	48	28	20	4
QUAL	0	318	38	18	19	1
QUAL	0	319	307	186	121	1
QUAL	0	320	56	31	25	3
QUAL	0	321	28	14	14	2
QUAL	0	322	22	15	7	3
QUAL	0	323	72	37	35	6
QUAL	0	324	37	22	15	2
QUAL	0	325	24	13	11	3
QUAL	0	326	100	63	36	0
QUAL	0	327	76	42	33	1
QUAL	0	328	209	120	89	2
QUAL	0	329	1975	1186	789	1
QUAL	0	330	33	22	11	6
QUAL	0	331	20	14	6	6
QUAL	0	332	31	15	16	6
QUAL	0	333	29	19	10	13
QUAL	0	334	39	23	16	6
QUAL	0	335	26	12	13	3
QUAL	0	336	32	18	14	5
QUAL	0	337	34	13	21	0
QUAL	0	338	61	41	20	6
QUAL	0	339	344	196	148	1
QUAL	0	340	21	12	9	4
QUAL	0	341	25	14	11	5
QUAL	0	342	37	20	17	7
QUAL	0	343	48	28	20	66
QUAL	0	344	214	114	100	7
QUAL	0	345	23	10	13	6
QUAL	0	346	26	15	11	1
QUAL	0	347	27	17	10	4
QUAL	0	348	80	44	36	3
QUAL	0	349	45	24	21	4
QUAL	0	350	10	4	5	5
QUAL	0	351	37	19	18	0
QUAL	0	352	101	52	49	6
QUAL	0	353	57	33	23	3
QUAL	0	354	333	206	127	3
QUAL	0	355	70	33	37	1
QUAL	0	356	19	10	9	3
QUAL	0	357	22	8	14	3
QUAL	0	358	91	46	44	6
QUAL	0	359	44	18	26	3
QUAL	0	360	29	20	9	4
QUAL	0	361	121	74	47	4
QUAL	0	362	108	51	57	6
QUAL	0	363	243	146	96	8
QUAL	0	364	2211	1342	868	6
QUAL	0	365	28	18	10	7
QUAL	0	366	18	10	8	10
QUAL	0	367	19	12	7	9
QUAL	0	368	36	17	19	2
QUAL	0	369	52	30	22	1
QUAL	0	370	28	21	7	3
QUAL	0	371	28	14	14	3
QUAL	0	372	27	12	15	6
QUAL	0	373	107	71	36	10
QUAL	0	374	404	256	148	10
QUAL	0	375	15	10	5	1
QUAL	0	376	30	13	17	4
QUAL	0	377	49	33	16	10
QUAL	0	378	71	40	31	5
QUAL	0	379	268	160	108	8
QUAL	0	380	18	12	6	0
QUAL	0	381	37	21	16	2
QUAL	0	382	24	8	15	3
QUAL	0	383	86	57	29	14
QUAL	0	384	46	33	13	4
QUAL	0	385	24	14	10	2
QUAL	0	386	39	17	22	8
QUAL	0	387	80	46	34	13
QUAL	0	388	140	88	52	50
QUAL	0	389	383	244	139	5
QUAL	0	390	59	29	29	1
QUAL	0	391	24	12	12	4
QUAL	0	392	33	19	14	3
QUAL	0	393	85	49	36	2
QUAL	0	394	49	28	21	4
QUAL	0	395	59	26	33	10
QUAL	0	396	144	75	68	6
QUAL	0	397	194	116	78	4
QUAL	0	398	422	271	151	4
QUAL	0	399	2338	1436	902	1
QUAL	0	400	13	8	5	3
QUAL	0	401	27	18	9	5
QUAL	0	402	29	19	10	8
QUAL	0	403	42	24	18	7
QUAL	0	404	64	35	29	6
QUAL	0	405	43	31	12	1
QUAL	0	406	35	18	17	5
QUAL	0	407	63	38	25	0
QUAL	0	408	465	289	176	4
QUAL	0	409	20	11	9	5
QUAL	0	410	23	12	11	2
QUAL	0	411	33	16	17	3
QUAL	0	412	38	20	18	1
QUAL	0	413	93	57	35	8
QUAL	0	414	286	168	118	7
QUAL	0	415	18	9	9	6
QUAL	0	416	30	17	13	5
QUAL	0	417	23	14	9	3
QUAL	0	418	92	51	40	2
QUAL	0	419	45	24	21	4
QUAL	0	420	20	15	5	10
QUAL	0	421	34	19	15	7
QUAL	0	422	77	44	32	18
QUAL	0	423	153	80	73	19
QUAL	0	424	342	207	135	11
QUAL	0	425	63	34	28	13
QUAL	0	426	25	13	12	7
QUAL	0	427	33	15	18	6
QUAL	0	428	106	68	38	6
QUAL	0	429	36	17	18	3
QUAL	0	430	59	34	25	4
QUAL	0	431	159	93	66	5
QUAL	0	432	206	117	89	3
QUAL	0	433	525	320	205	44
QUAL	0	434	2365	1477	888	5
QUAL	0	435	32	16	15	7
QUAL	0	436	27	15	12	3
QUAL	0	437	39	24	14	12
QUAL	0	438	76	48	28	4
QUAL	0	439	37	26	11	5
QUAL	0	440	41	22	19	1
QUAL	0	441	55	26	29	3
QUAL	0	442	138	71	66	6
QUAL	0	443	515	320	195	0
QUAL	0	444	22	11	11	4
QUAL	0	445	32	17	12	6
QUAL	0	446	33	18	15	1
QUAL	0	447	64	33	31	8
QUAL	0	448	364	235	129	4
QUAL	0	449	28	12	16	6
QUAL	0	450	35	25	10	3
QUAL	0	451	13	8	4	7
QUAL	0	452	41	29	12	4
QUAL	0	453	107	65	42	1
QUAL	0	454	29	16	13	4
QUAL	0	455	32	15	17	6
QUAL	0	456	52	35	17	9
QUAL	0	457	79	49	28	3
QUAL	0	458	535	330	205	8
QUAL	0	459	66	37	29	3
QUAL	0	460	18	9	9	7
QUAL	0	461	30	15	15	12
QUAL	0	462	97	58	39	10
QUAL	0	463	52	33	19	6
QUAL	0	464	36	23	13	13
QUAL	0	465	121	70	51	5
QUAL	0	466	112	62	50	8
QUAL	0	467	359	206	153	9
QUAL	0	468	1636	991	645	8
QUAL	0	469	973	615	358	7
QUAL	0	470	18	7	11	4
QUAL	0	471	16	8	8	3
QUAL	0	472	43	25	18	5
QUAL	0	473	86	58	28	6
QUAL	0	474	45	25	20	7
QUAL	0	475	39	17	22	6
QUAL	0	476	53	26	27	2
QUAL	0	477	99	57	41	4
QUAL	0	478	426	263	163	52
QUAL	0	479	22	12	10	8
QUAL	0	480	24	11	13	3
QUAL	0	481	36	21	15	5
QUAL	0	482	66	37	29	5
QUAL	0	483	356	217	139	2
QUAL	0	484	29	10	19	1
QUAL	0	485	24	13	10	7
QUAL	0	486	40	22	18	6
QUAL	0	487	116	62	54	5
QUAL	0	488	98	61	37	3
QUAL	0	489	23	12	10	7
QUAL	0	490	37	16	21	2
QUAL	0	491	56	36	20	5
QUAL	0	492	87	48	39	2
QUAL	0	493	470	299	171	5
QUAL	0	494	72	33	39	3
QUAL	0	495	18	9	9	4
QUAL	0	496	29	14	15	4
QUAL	0	497	71	40	30	7
QUAL	0	498	61	33	28	9
QUAL	0	499	46	22	24	10
QUAL	0	500	119	70	49	11
QUAL	0	501	127	71	56	1
QUAL	0	502	286	170	116	5
QUAL	0	503	2368	1463	904	6
QUAL	0	504	25	12	13	5
QUAL	0	505	23	14	9	10
QUAL	0	506	31	18	13	5
QUAL	0	507	44	30	14	2
QUAL	0	508	95	58	37	4
QUAL	0	509	61	31	30	15
QUAL	0	510	44	26	17	7
QUAL	0	511	58	30	28	3
QUAL	0	512	121	70	51	8
QUAL	0	513	369	237	132	9
QUAL	0	514	21	11	10	6
QUAL	0	515	24	13	11	4
QUAL	0	516	44	25	19	1
QUAL	0	517	82	53	29	3
QUAL	0	518	328	199	129	2
QUAL	0	519	23	14	9	1
QUAL	0	520	35	21	14	4
QUAL	0	521	25	16	9	3
QUAL	0	522	105	67	37	3
QUAL	0	523	32	20	11	49
QUAL	0	524	27	12	15	10
QUAL	0	525	29	18	10	2
QUAL	0	526	55	27	28	2
QUAL	0	527	166	101	64	2
QUAL	0	528	321	198	123	6
QUAL	0	529	47	19	28	9
QUAL	0	530	22	11	11	11
QUAL	0	531	48	26	22	3
QUAL	0	532	138	69	69	3
QUAL	0	533	69	34	35	1
QUAL	0	534	41	26	15	6
QUAL	0	535	116	75	41	3
QUAL	0	536	144	87	57	5
QUAL	0	537	397	246	151	12
QUAL	0	538	1933	1204	729	15
QUAL	0	539	19	10	8	4
QUAL	0	540	22	11	11	1
QUAL	0	541	28	15	12	6
QUAL	0	542	46	28	18	5
QUAL	0	543	83	47	36	7
QUAL	0	544	69	36	33	7
QUAL	0	545	34	18	16	14
QUAL	0	546	64	39	25	2
QUAL	0	547	138	90	48	10
QUAL	0	548	308	213	95	6
QUAL	0	549	32	20	10	3
QUAL	0	550	42	21	21	2
QUAL	0	551	45	25	20	4
QUAL	0	552	133	80	53	2
QUAL	0	553	343	216	127	2
QUAL	0	554	28	19	9	0
QUAL	0	555	21	12	9	4
QUAL	0	556	39	18	20	7
QUAL	0	557	76	47	29	6
QUAL	0	558	34	24	10	18
QUAL	0	559	24	14	10	3
QUAL	0	560	42	21	20	7
QUAL	0	561	54	34	20	6
QUAL	0	562	138	83	55	7
QUAL	0	563	278	175	102	5
QUAL	0	564	46	20	25	8
QUAL	0	565	20	7	13	1
QUAL	0	566	36	23	13	2
QUAL	0	567	103	63	40	2
QUAL	0	568	45	25	20	52
QUAL	0	569	51	24	27	5
QUAL	0	570	118	68	50	6
QUAL	0	571	162	105	56	3
QUAL	0	572	405	242	163	2
QUAL	0	573	1682	1033	649	6
QUAL	0	574	12	8	4	1
QUAL	0	575	22	11	11	17
QUAL	0	576	45	24	21	3
QUAL	0	577	147	81	66	4
QUAL	0	578	71	41	30	2
QUAL	0	579	66	40	26	7
QUAL	0	580	33	14	19	5
QUAL	0	581	60	35	25	8
QUAL	0	582	378	240	137	1
QUAL	0	583	31	12	17	1
QUAL	0	584	28	19	8	6
QUAL	0	585	32	23	9	8
QUAL	0	586	49	35	14	11
QUAL	0	587	326	208	118	3
QUAL	0	588	34	20	14	3
QUAL	0	589	19	8	10	2
QUAL	0	590	13	6	7	0
QUAL	0	591	34	14	19	4
QUAL	0	592	82	51	31	5
QUAL	0	593	64	30	33	4
QUAL	0	594	33	23	10	3
QUAL	0	595	41	22	19	4
QUAL	0	596	82	43	39	5
QUAL	0	597	158	91	67	4
QUAL	0	598	225	140	85	3
QUAL	0	599	28	16	12	5
QUAL	0	600	15	8	7	4
QUAL	0	601	50	32	18	0
QUAL	0	602	76	40	36	5
QUAL	0	603	42	28	14	16
QUAL	0	604	42	24	18	1
QUAL	0	605	112	78	33	5
QUAL	0	606	201	116	85	4
QUAL	0	607	518	322	194	6
QUAL	0	608	1005	622	383	4
QUAL	0	609	17	9	8	8
QUAL	0	610	26	14	12	6
QUAL	0	611	57	31	26	12
QUAL	0	612	96	53	43	3
QUAL	0	613	115	72	43	65
QUAL	0	614	41	22	19	3
QUAL	0	615	38	23	15	1
QUAL	0	616	54	25	27	7
QUAL	0	617	259	163	96	6
QUAL	0	618	24	16	8	7
QUAL	0	619	19	16	2	4
QUAL	0	620	32	13	19	4
QUAL	0	621	76	46	29	6
QUAL	0	622	354	205	149	8
QUAL	0	623	40	25	15	5
QUAL	0	624	23	11	12	9
QUAL	0	625	11	8	3	5
QUAL	0	626	39	23	16	7
QUAL	0	627	56	30	26	5
QUAL	0	628	32	17	15	3
QUAL	0	629	26	20	6	1
QUAL	0	630	39	25	14	5
QUAL	0	631	72	49	23	1
QUAL	0	632	295	191	103	3
QUAL	0	633	40	23	17	1
QUAL	0	634	19	13	6	5
QUAL	0	635	27	18	9	6
QUAL	0	636	60	32	28	1
QUAL	0	637	41	19	22	6
QUAL	0	638	56	36	19	5
QUAL	0	639	72	36	36	2
QUAL	0	640	88	48	40	4
QUAL	0	641	199	121	78	3
QUAL	0	642	1142	686	456	7
QUAL	0	643	21	9	12	1
QUAL	0	644	19	13	6	4
QUAL	0	645	25	14	11	5
QUAL	0	646	36	19	16	9
QUAL	0	647	71	35	36	12
QUAL	0	648	130	79	50	8
QUAL	0	649	18	8	10	6
QUAL	0	650	39	22	17	9
QUAL	0	651	71	45	26	3
QUAL	0	652	208	127	80	7
QUAL	0	653	21	9	12	9
QUAL	0	654	34	17	16	6
QUAL	0	655	35	23	12	3
QUAL	0	656	76	45	31	3
QUAL	0	657	259	166	93	4
QUAL	0	658	53	33	20	36
QUAL	0	659	15	8	6	7
QUAL	0	660	25	17	8	1
QUAL	0	661	43	23	20	3
QUAL	0	662	38	24	14	5
QUAL	0	663	39	22	17	8
QUAL	0	664	25	11	13	3
QUAL	0	665	41	17	24	1
QUAL	0	666	82	47	34	8
QUAL	0	667	239	139	100	7
QUAL	0	668	33	18	15	1
QUAL	0	669	14	9	5	5
QUAL	0	670	25	15	10	3
QUAL	0	671	46	28	16	2
QUAL	0	672	68	39	29	5
QUAL	0	673	44	28	16	2
QUAL	0	674	66	46	20	5
QUAL	0	675	75	41	34	2
QUAL	0	676	188	109	79	2
QUAL	0	677	862	526	336	0
QUAL	0	678	20	9	11	3
QUAL	0	679	19	9	8	1
QUAL	0	680	29	13	16	4
QUAL	0	681	48	32	16	5
QUAL	0	682	124	71	53	2
QUAL	0	683	145	89	56	6
QUAL	0	684	24	20	4	6
QUAL	0	685	35	21	14	3
QUAL	0	686	69	42	27	2
QUAL	0	687	119	75	43	8
QUAL	0	688	27	12	14	8
QUAL	0	689	26	13	12	3
QUAL	0	690	39	24	13	7
QUAL	0	691	70	42	28	6
QUAL	0	692	203	132	70	6
QUAL	0	693	26	16	10	8
QUAL	0	694	16	10	6	3
QUAL	0	695	17	10	7	8
QUAL	0	696	58	32	24	5
QUAL	0	697	49	25	24	5
QUAL	0	698	38	27	11	1
QUAL	0	699	20	13	7	0
QUAL	0	700	38	23	14	10
QUAL	0	701	88	49	39	5
QUAL	0	702	154	96	57	2
QUAL	0	703	18	13	5	46
QUAL	0	704	11	5	6	6
QUAL	0	705	20	9	11	3
QUAL	0	706	59	40	19	4
QUAL	0	707	50	29	21	3
QUAL	0	708	53	31	22	3
QUAL	0	709	39	24	15	2
QUAL	0	710	81	52	29	2
QUAL	0	711	208	119	89	0
QUAL	0	712	586	369	217	2
QUAL	0	713	13	9	4	3
QUAL	0	714	17	13	3	1
QUAL	0	715	45	24	21	1
QUAL	0	716	65	43	21	6
QUAL	0	717	192	112	80	3
QUAL	0	718	132	80	52	3
QUAL	0	719	24	15	9	2
QUAL	0	720	33	19	14	6
QUAL	0	721	107	68	39	4
QUAL	0	722	31	17	13	5
QUAL	0	723	22	14	7	5
QUAL	0	724	27	17	10	8
QUAL	0	725	38	25	13	7
QUAL	0	726	86	59	27	2
QUAL	0	727	158	100	56	2
QUAL	0	728	29	19	10	5
QUAL	0	729	13	8	5	2
QUAL	0	730	27	14	13	1
QUAL	0	731	49	31	18	2
QUAL	0	732	56	29	26	3
QUAL	0	733	15	10	5	2
QUAL	0	734	29	13	16	3
QUAL	0	735	19	10	9	2
QUAL	0	736	80	56	24	2
QUAL	0	737	102	64	38	6
QUAL	0	738	14	8	6	6
QUAL	0	739	22	13	9	3
QUAL	0	740	32	18	14	2
QUAL	0	741	46	29	17	7
QUAL	0	742	82	55	27	2
QUAL	0	743	39	25	14	3
QUAL	0	744	47	20	26	0
QUAL	0	745	72	42	29	2
QUAL	0	746	178	105	72	5
QUAL	0	747	366	235	130	12
QUAL	0	748	21	11	10	42
QUAL	0	749	29	20	9	6
QUAL	0	750	30	15	15	1
QUAL	0	751	95	56	39	2
QUAL	0	752	233	132	101	2
QUAL	0	753	93	65	28	2
QUAL	0	754	18	8	8	5
QUAL	0	755	29	15	14	2
QUAL	0	756	113	67	46	3
QUAL	0	757	73	34	39	4
QUAL	0	758	22	12	9	3
QUAL	0	759	26	16	10	3
QUAL	0	760	38	24	14	4
QUAL	0	761	144	93	51	1
QUAL	0	762	51	34	17	5
QUAL	0	763	13	8	5	8
QUAL	0	764	16	10	6	8
QUAL	0	765	26	14	11	5
QUAL	0	766	47	31	16	4
QUAL	0	767	70	39	31	7
QUAL	0	768	13	7	6	2
QUAL	0	769	16	9	6	1
QUAL	0	770	28	14	14	4
QUAL	0	771	125	72	52	4
QUAL	0	772	15	10	5	4
QUAL	0	773	22	11	11	5
QUAL	0	774	21	12	8	1
QUAL	0	775	32	16	15	2
QUAL	0	776	66	39	27	3
QUAL	0	777	75	51	24	2
QUAL	0	778	34	20	14	2
QUAL	0	779	43	22	20	4
QUAL	0	780	71	39	32	2
QUAL	0	781	348	226	122	3
QUAL	0	782	31	13	18	10
QUAL	0	783	21	9	11	8
QUAL	0	784	30	20	10	3
QUAL	0	785	46	20	26	2
QUAL	0	786	125	78	47	4
QUAL	0	787	279	162	117	4
QUAL	0	788	41	21	20	3
QUAL	0	789	19	12	7	3
QUAL	0	790	31	21	10	2
QUAL	0	791	75	43	32	3
QUAL	0	792	28	16	12	8
QUAL	0	793	13	5	8	30
QUAL	0	794	22	14	7	7
QUAL	0	795	46	34	12	4
QUAL	0	796	171	114	56	3
QUAL	0	797	49	28	21	3
QUAL	0	798	17	9	8	7
QUAL	0	799	6	1	5	11
QUAL	0	800	39	24	15	4
QUAL	0	801	46	27	19	1
QUAL	0	802	92	48	43	2
QUAL	0	803	12	7	5	1
QUAL	0	804	24	13	11	3
QUAL	0	805	37	20	16	1
QUAL	0	806	90	56	34	2
QUAL	0	807	20	9	11	2
QUAL	0	808	20	8	12	4
QUAL	0	809	25	15	10	11
QUAL	0	810	41	20	20	5
QUAL	0	811	58	29	28	3
QUAL	0	812	85	51	34	4
QUAL	0	813	14	8	6	3
QUAL	0	814	31	22	9	5
QUAL	0	815	71	49	21	3
QUAL	0	816	261	169	92	4
QUAL	0	817	27	14	11	3
QUAL	0	818	26	15	11	4
QUAL	0	819	33	21	11	2
QUAL	0	820	66	41	25	4
QUAL	0	821	167	89	78	5
QUAL	0	822	294	189	105	3
QUAL	0	823	12	8	4	3
QUAL	0	824	17	10	7	2
QUAL	0	825	26	13	12	5
QUAL	0	826	70	39	30	7
QUAL	0	827	26	10	16	6
QUAL	0	828	16	9	7	13
QUAL	0	829	23	9	14	0
QUAL	0	830	57	33	24	4
QUAL	0	831	128	76	52	5
QUAL	0	832	47	26	21	5
QUAL	0	833	19	12	7	4
QUAL	0	834	24	8	16	3
QUAL	0	835	36	26	10	1
QUAL	0	836	75	51	24	1
QUAL	0	837	67	46	21	7
QUAL	0	838	16	10	6	28
QUAL	0	839	20	13	6	4
QUAL	0	840	43	26	16	7
QUAL	0	841	83	46	36	6
QUAL	0	842	20	15	5	3
QUAL	0	843	21	8	12	7
QUAL	0	844	26	16	10	8
QUAL	0	845	40	21	18	3
QUAL	0	846	107	64	43	6
QUAL	0	847	89	51	38	1
QUAL	0	848	25	17	8	3
QUAL	0	849	28	13	15	0
QUAL	0	850	64	41	23	4
QUAL	0	851	159	94	65	2
QUAL	0	852	21	11	8	2
QUAL	0	853	32	17	15	3
QUAL	0	854	37	19	17	6
QUAL	0	855	76	47	28	3
QUAL	0	856	220	132	88	1
QUAL	0	857	218	126	92	3
QUAL	0	858	19	10	8	1
QUAL	0	859	18	9	9	0
QUAL	0	860	54	32	21	2
QUAL	0	861	39	22	16	6
QUAL	0	862	21	13	7	0
QUAL	0	863	20	11	9	2
QUAL	0	864	32	18	13	3
QUAL	0	865	44	31	13	2
QUAL	0	866	112	72	40	3
QUAL	0	867	26	14	12	3
QUAL	0	868	16	9	7	3
QUAL	0	869	25	18	7	5
QUAL	0	870	47	26	20	1
QUAL	0	871	91	53	38	5
QUAL	0	872	44	26	17	6
QUAL	0	873	14	9	5	12
QUAL	0	874	25	18	7	3
QUAL	0	875	45	31	13	4
QUAL	0	876	47	26	21	2
QUAL	0	877	13	3	10	5
QUAL	0	878	21	10	11	1
QUAL	0	879	37	24	13	1
QUAL	0	880	39	25	14	5
QUAL	0	881	111	62	49	1
QUAL	0	882	54	31	22	5
QUAL	0	883	21	15	3	18
QUAL	0	884	40	24	16	1
QUAL	0	885	62	38	23	1
QUAL	0	886	115	72	42	1
QUAL	0	887	16	5	10	2
QUAL	0	888	18	10	8	5
QUAL	0	889	56	32	24	6
QUAL	0	890	115	71	44	2
QUAL	0	891	298	184	114	1
QUAL	0	892	142	84	57	2
QUAL	0	893	17	6	11	4
QUAL	0	894	18	11	7	3
QUAL	0	895	39	24	15	5
QUAL	0	896	54	31	23	3
QUAL	0	897	14	6	6	4
QUAL	0	898	27	16	9	1
QUAL	0	899	49	27	21	6
QUAL	0	900	91	62	28	2
QUAL	0	901	123	80	43	2
QUAL	0	902	16	7	6	3
QUAL	0	903	22	17	5	2
QUAL	0	904	35	21	13	4
QUAL	0	905	52	37	15	2
QUAL	0	906	106	64	42	3
QUAL	0	907	21	13	8	3
QUAL	0	908	25	18	7	3
QUAL	0	909	29	12	17	2
QUAL	0	910	59	38	21	3
QUAL	0	911	31	16	15	4
QUAL	0	912	14	8	6	5
QUAL	0	913	18	16	2	4
QUAL	0	914	32	19	13	2
QUAL	0	915	72	43	29	2
QUAL	0	916	111	77	32	1
QUAL	0	917	37	17	20	3
QUAL	0	918	23	15	8	6
QUAL	0	919	27	16	11	1
QUAL	0	920	102	59	43	2
QUAL	0	921	31	19	12	5
QUAL	0	922	21	11	10	1
QUAL	0	923	40	24	16	3
QUAL	0	924	56	31	25	3
QUAL	0	925	125	67	58	1
QUAL	0	926	378	254	123	5
QUAL	0	927	65	42	23	3
QUAL	0	928	16	10	6	19
QUAL	0	929	17	10	7	0
QUAL	0	930	46	37	9	2
QUAL	0	931	25	18	7	1
QUAL	0	932	25	11	14	2
QUAL	0	933	24	10	13	2
QUAL	0	934	44	31	13	8
QUAL	0	935	100	63	37	3
QUAL	0	936	98	69	29	6
QUAL	0	937	42	22	20	1
QUAL	0	938	21	10	11	1
QUAL	0	939	32	13	19	0
QUAL	0	940	72	45	26	2
QUAL	0	941	83	49	34	1
QUAL	0	942	18	10	7	1
QUAL	0	943	22	9	12	3
QUAL	0	944	21	12	9	5
QUAL	0	945	56	35	19	2
QUAL	0	946	20	9	11	3
QUAL	0	947	16	11	5	2
QUAL	0	948	26	16	10	3
QUAL	0	949	47	28	19	2
QUAL	0	950	76	45	31	4
QUAL	0	951	110	75	35	3
QUAL	0	952	28	16	12	4
QUAL	0	953	30	13	15	2
QUAL	0	954	28	21	6	5
QUAL	0	955	89	52	37	3
QUAL	0	956	24	14	10	2
QUAL	0	957	20	12	8	1
QUAL	0	958	37	21	15	7
QUAL	0	959	63	46	17	2
QUAL	0	960	192	122	70	2
QUAL	0	961	347	213	133	2
QUAL	0	962	30	19	10	2
QUAL	0	963	16	10	6	1
QUAL	0	964	26	18	8	5
QUAL	0	965	35	20	15	1
QUAL	0	966	23	17	6	3
QUAL	0	967	22	11	10	0
QUAL	0	968	36	25	11	1
QUAL	0	969	56	31	25	2
QUAL	0	970	102	69	33	1
QUAL	0	971	80	51	29	3
QUAL	0	972	24	14	8	1
QUAL	0	973	20	10	10	14
QUAL	0	974	39	25	14	3
QUAL	0	975	87	59	28	3
QUAL	0	976	59	32	27	2
QUAL	0	977	15	7	8	1
QUAL	0	978	26	18	8	2
QUAL	0	979	27	19	8	7
QUAL	0	980	50	26	24	9
QUAL	0	981	24	16	8	5
QUAL	0	982	34	18	16	1
QUAL	0	983	31	16	15	2
QUAL	0	984	49	30	17	4
QUAL	0	985	104	70	34	1
QUAL	0	986	73	46	26	4
QUAL	0	987	20	11	9	2
QUAL	0	988	23	15	7	1
QUAL	0	989	31	15	15	12
QUAL	0	990	64	37	26	2
QUAL	0	991	27	18	9	2
QUAL	0	992	26	15	11	2
QUAL	0	993	52	34	18	4
QUAL	0	994	73	42	30	3
QUAL	0	995	227	144	83	3
QUAL	0	996	257	163	94	4
QUAL	0	997	14	7	7	0
QUAL	0	998	56666	33938	22091	6084
# IDD, InDel distribution:
# IDD	[2]id	[3]length (deletions negative)	[4]count
IDD	0	-60	78
IDD	0	-59	2
IDD	0	-58	2
IDD	0	-57	4
IDD	0	-56	1
IDD	0	-55	4
IDD	0	-54	1
IDD	0	-52	1
IDD	0	-51	1
IDD	0	-50	9
IDD	0	-49	1
IDD	0	-48	4
IDD	0	-47	1
IDD	0	-46	7
IDD	0	-45	7
IDD	0	-44	1
IDD	0	-43	1
IDD	0	-42	1
IDD	0	-41	4
IDD	0	-40	7
IDD	0	-39	1
IDD	0	-38	1
IDD	0	-37	3
IDD	0	-36	5
IDD	0	-35	8
IDD	0	-34	4
IDD	0	-33	2
IDD	0	-32	4
IDD	0	-31	3
IDD	0	-30	17
IDD	0	-29	10
IDD	0	-28	28
IDD	0	-27	5
IDD	0	-26	15
IDD	0	-25	32
IDD	0	-24	30
IDD	0	-23	9
IDD	0	-22	27
IDD	0	-21	15
IDD	0	-20	93
IDD	0	-19	24
IDD	0	-18	39
IDD	0	-17	21
IDD	0	-16	57
IDD	0	-15	214
IDD	0	-14	63
IDD	0	-13	47
IDD	0	-12	128
IDD	0	-11	62
IDD	0	-10	401
IDD	0	-9	55
IDD	0	-8	201
IDD	0	-7	77
IDD	0	-6	201
IDD	0	-5	691
IDD	0	-4	801
IDD	0	-3	604
IDD	0	-2	1133
IDD	0	-1	2726
IDD	0	1	2309
IDD	0	2	846
IDD	0	3	235
IDD	0	4	507
IDD	0	5	602
IDD	0	6	158
IDD	0	7	43
IDD	0	8	178
IDD	0	9	38
IDD	0	10	243
IDD	0	11	33
IDD	0	12	92
IDD	0	13	19
IDD	0	14	23
IDD	0	15	144
IDD	0	16	41
IDD	0	17	11
IDD	0	18	14
IDD	0	19	14
IDD	0	20	114
IDD	0	21	15
IDD	0	22	11
IDD	0	23	9
IDD	0	24	17
IDD	0	25	35
IDD	0	26	14
IDD	0	27	9
IDD	0	28	17
IDD	0	29	7
IDD	0	30	23
IDD	0	31	1
IDD	0	32	9
IDD	0	33	3
IDD	0	34	4
IDD	0	35	6
IDD	0	36	3
IDD	0	38	4
IDD	0	39	3
IDD	0	40	11
IDD	0	42	2
IDD	0	43	4
IDD	0	44	3
IDD	0	45	5
IDD	0	46	2
IDD	0	48	1
IDD	0	49	3
IDD	0	50	6
IDD	0	52	1
IDD	0	53	2
IDD	0	54	2
IDD	0	55	1
IDD	0	56	2
IDD	0	58	1
IDD	0	59	1
IDD	0	60	57
# ST, Substitution types:
# ST	[2]id	[3]type	[4]count
ST	0	A>C	6047
ST	0	A>G	17726
ST	0	A>T	6381
ST	0	C>A	9125
ST	0	C>G	7059
ST	0	C>T	25409
ST	0	G>A	25017
ST	0	G>C	7019
ST	0	G>T	9774
ST	0	T>A	6520
ST	0	T>C	17516
ST	0	T>G	6066
# DP, Depth distribution
# DP	[2]id	[3]bin	[4]number of genotypes	[5]fraction of genotypes (%)	[6]number of sites	[7]fraction of sites (%)
DP	0	0	985	0.003766	0	0.000000
DP	0	1	21064	0.080538	0	0.000000
DP	0	2	30013	0.114754	9	0.005912
DP	0	3	5018682	19.188888	3	0.001971
DP	0	4	6511373	24.896180	1	0.000657
DP	0	5	5093880	19.476407	2	0.001314
DP	0	6	3314468	12.672840	1	0.000657
DP	0	7	1901243	7.269387	1	0.000657
DP	0	8	1092695	4.177910	0	0.000000
DP	0	9	661669	2.529886	1	0.000657
DP	0	10	427184	1.633334	0	0.000000
DP	0	11	292854	1.119725	0	0.000000
DP	0	12	211835	0.809949	0	0.000000
DP	0	13	153375	0.586428	1	0.000657
DP	0	14	118003	0.451183	0	0.000000
DP	0	15	93553	0.357699	0	0.000000
DP	0	16	77410	0.295976	0	0.000000
DP	0	17	64998	0.248519	1	0.000657
DP	0	18	58465	0.223540	1	0.000657
DP	0	19	51339	0.196294	0	0.000000
DP	0	20	46813	0.178989	0	0.000000
DP	0	21	42779	0.163565	0	0.000000
DP	0	22	38508	0.147235	0	0.000000
DP	0	23	34928	0.133547	0	0.000000
DP	0	24	34478	0.131826	1	0.000657
DP	0	25	30799	0.117760	0	0.000000
DP	0	26	29484	0.112732	0	0.000000
DP	0	27	27553	0.105349	0	0.000000
DP	0	28	26220	0.100252	2	0.001314
DP	0	29	24879	0.095125	0	0.000000
DP	0	30	24190	0.092490	0	0.000000
DP	0	31	22472	0.085922	0	0.000000
DP	0	32	21953	0.083937	0	0.000000
DP	0	33	20061	0.076703	0	0.000000
DP	0	34	19707	0.075350	0	0.000000
DP	0	35	18727	0.071603	0	0.000000
DP	0	36	17757	0.067894	0	0.000000
DP	0	37	16898	0.064609	0	0.000000
DP	0	38	15857	0.060629	0	0.000000
DP	0	39	14645	0.055995	0	0.000000
DP	0	40	14317	0.054741	0	0.000000
DP	0	41	13143	0.050252	0	0.000000
DP	0	42	12701	0.048562	0	0.000000
DP	0	43	12291	0.046995	0	0.000000
DP	0	44	11276	0.043114	0	0.000000
DP	0	45	11056	0.042273	0	0.000000
DP	0	46	10470	0.040032	0	0.000000
DP	0	47	10038	0.038380	0	0.000000
DP	0	48	9712	0.037134	0	0.000000
DP	0	49	9108	0.034824	0	0.000000
DP	0	50	8651	0.033077	2	0.001314
DP	0	51	8506	0.032523	0	0.000000
DP	0	52	8132	0.031093	1	0.000657
DP	0	53	7631	0.029177	0	0.000000
DP	0	54	7418	0.028363	1	0.000657
DP	0	55	7089	0.027105	1	0.000657
DP	0	56	6813	0.026049	0	0.000000
DP	0	57	7207	0.027556	0	0.000000
DP	0	58	6240	0.023859	0	0.000000
DP	0	59	6036	0.023079	0	0.000000
DP	0	60	6030	0.023056	0	0.000000
DP	0	61	5577	0.021324	0	0.000000
DP	0	62	5684	0.021733	0	0.000000
DP	0	63	5354	0.020471	1	0.000657
DP	0	64	5338	0.020410	0	0.000000
DP	0	65	5073	0.019397	0	0.000000
DP	0	66	4763	0.018211	0	0.000000
DP	0	67	4820	0.018429	2	0.001314
DP	0	68	4651	0.017783	0	0.000000
DP	0	69	4653	0.017791	0	0.000000
DP	0	70	4472	0.017099	1	0.000657
DP	0	71	4415	0.016881	0	0.000000
DP	0	72	4189	0.016017	0	0.000000
DP	0	73	4225	0.016154	0	0.000000
DP	0	74	4249	0.016246	0	0.000000
DP	0	75	3925	0.015007	0	0.000000
DP	0	76	3948	0.015095	0	0.000000
DP	0	77	3782	0.014460	0	0.000000
DP	0	78	3789	0.014487	0	0.000000
DP	0	79	4031	0.015412	0	0.000000
DP	0	80	3649	0.013952	0	0.000000
DP	0	81	3631	0.013883	0	0.000000
DP	0	82	3490	0.013344	0	0.000000
DP	0	83	3554	0.013589	0	0.000000
DP	0	84	3377	0.012912	0	0.000000
DP	0	85	3361	0.012851	0	0.000000
DP	0	86	3173	0.012132	0	0.000000
DP	0	87	3336	0.012755	0	0.000000
DP	0	88	3126	0.011952	0	0.000000
DP	0	89	3189	0.012193	0	0.000000
DP	0	90	3103	0.011864	0	0.000000
DP	0	91	2947	0.011268	0	0.000000
DP	0	92	2791	0.010671	0	0.000000
DP	0	93	2851	0.010901	1	0.000657
DP	0	94	2746	0.010499	0	0.000000
DP	0	95	2789	0.010664	0	0.000000
DP	0	96	2781	0.010633	0	0.000000
DP	0	97	2537	0.009700	0	0.000000
DP	0	98	2608	0.009972	0	0.000000
DP	0	99	2385	0.009119	0	0.000000
DP	0	100	2518	0.009628	0	0.000000
DP	0	101	2455	0.009387	0	0.000000
DP	0	102	2437	0.009318	0	0.000000
DP	0	103	2307	0.008821	0	0.000000
DP	0	104	2388	0.009130	0	0.000000
DP	0	105	2136	0.008167	0	0.000000
DP	0	106	2220	0.008488	0	0.000000
DP	0	107	2060	0.007876	0	0.000000
DP	0	108	2023	0.007735	0	0.000000
DP	0	109	2144	0.008198	0	0.000000
DP	0	110	2088	0.007983	0	0.000000
DP	0	111	2022	0.007731	0	0.000000
DP	0	112	1911	0.007307	0	0.000000
DP	0	113	1990	0.007609	0	0.000000
DP	0	114	1983	0.007582	0	0.000000
DP	0	115	1652	0.006316	0	0.000000
DP	0	116	1811	0.006924	0	0.000000
DP	0	117	1588	0.006072	0	0.000000
DP	0	118	1616	0.006179	0	0.000000
DP	0	119	1674	0.006401	0	0.000000
DP	0	120	1653	0.006320	0	0.000000
DP	0	121	1580	0.006041	0	0.000000
DP	0	122	1665	0.006366	0	0.000000
DP	0	123	1535	0.005869	0	0.000000
DP	0	124	1504	0.005751	0	0.000000
DP	0	125	1404	0.005368	0	0.000000
DP	0	126	1382	0.005284	0	0.000000
DP	0	127	1241	0.004745	0	0.000000
DP	0	128	1320	0.005047	0	0.000000
DP	0	129	1342	0.005131	0	0.000000
DP	0	130	1217	0.004653	0	0.000000
DP	0	131	1304	0.004986	0	0.000000
DP	0	132	1215	0.004646	0	0.000000
DP	0	133	1124	0.004298	0	0.000000
DP	0	134	1105	0.004225	0	0.000000
DP	0	135	1090	0.004168	0	0.000000
DP	0	136	1061	0.004057	1	0.000657
DP	0	137	1008	0.003854	0	0.000000
DP	0	138	971	0.003713	0	0.000000
DP	0	139	919	0.003514	0	0.000000
DP	0	140	985	0.003766	0	0.000000
DP	0	141	969	0.003705	0	0.000000
DP	0	142	909	0.003476	0	0.000000
DP	0	143	824	0.003151	0	0.000000
DP	0	144	820	0.003135	0	0.000000
DP	0	145	819	0.003131	0	0.000000
DP	0	146	749	0.002864	0	0.000000
DP	0	147	702	0.002684	0	0.000000
DP	0	148	715	0.002734	0	0.000000
DP	0	149	723	0.002764	0	0.000000
DP	0	150	673	0.002573	0	0.000000
DP	0	151	546	0.002088	0	0.000000
DP	0	152	551	0.002107	0	0.000000
DP	0	153	515	0.001969	0	0.000000
DP	0	154	623	0.002382	0	0.000000
DP	0	155	491	0.001877	0	0.000000
DP	0	156	468	0.001789	1	0.000657
DP	0	157	510	0.001950	0	0.000000
DP	0	158	429	0.001640	0	0.000000
DP	0	159	405	0.001549	0	0.000000
DP	0	160	343	0.001311	0	0.000000
DP	0	161	362	0.001384	0	0.000000
DP	0	162	347	0.001327	0	0.000000
DP	0	163	342	0.001308	0	0.000000
DP	0	164	328	0.001254	0	0.000000
DP	0	165	317	0.001212	0	0.000000
DP	0	166	313	0.001197	0	0.000000
DP	0	167	292	0.001116	0	0.000000
DP	0	168	275	0.001051	0	0.000000
DP	0	169	269	0.001029	0	0.000000
DP	0	170	226	0.000864	0	0.000000
DP	0	171	215	0.000822	0	0.000000
DP	0	172	215	0.000822	0	0.000000
DP	0	173	226	0.000864	0	0.000000
DP	0	174	173	0.000661	0	0.000000
DP	0	175	196	0.000749	0	0.000000
DP	0	176	166	0.000635	0	0.000000
DP	0	177	164	0.000627	0	0.000000
DP	0	178	170	0.000650	0	0.000000
DP	0	179	134	0.000512	0	0.000000
DP	0	180	137	0.000524	0	0.000000
DP	0	181	159	0.000608	0	0.000000
DP	0	182	113	0.000432	0	0.000000
DP	0	183	106	0.000405	0	0.000000
DP	0	184	103	0.000394	0	0.000000
DP	0	185	76	0.000291	0	0.000000
DP	0	186	83	0.000317	0	0.000000
DP	0	187	90	0.000344	0	0.000000
DP	0	188	78	0.000298	0	0.000000
DP	0	189	94	0.000359	0	0.000000
DP	0	190	76	0.000291	1	0.000657
DP	0	191	83	0.000317	0	0.000000
DP	0	192	65	0.000249	0	0.000000
DP	0	193	65	0.000249	0	0.000000
DP	0	194	67	0.000256	0	0.000000
DP	0	195	51	0.000195	0	0.000000
DP	0	196	61	0.000233	0	0.000000
DP	0	197	51	0.000195	0	0.000000
DP	0	198	42	0.000161	0	0.000000
DP	0	199	66	0.000252	0	0.000000
DP	0	200	37	0.000141	0	0.000000
DP	0	201	70	0.000268	0	0.000000
DP	0	202	34	0.000130	0	0.000000
DP	0	203	26	0.000099	0	0.000000
DP	0	204	51	0.000195	0	0.000000
DP	0	205	29	0.000111	0	0.000000
DP	0	206	46	0.000176	0	0.000000
DP	0	207	23	0.000088	0	0.000000
DP	0	208	36	0.000138	0	0.000000
DP	0	209	27	0.000103	0	0.000000
DP	0	210	34	0.000130	0	0.000000
DP	0	211	24	0.000092	0	0.000000
DP	0	212	36	0.000138	0	0.000000
DP	0	213	44	0.000168	0	0.000000
DP	0	214	22	0.000084	0	0.000000
DP	0	215	33	0.000126	0	0.000000
DP	0	216	24	0.000092	0	0.000000
DP	0	217	21	0.000080	0	0.000000
DP	0	218	23	0.000088	0	0.000000
DP	0	219	15	0.000057	0	0.000000
DP	0	220	31	0.000119	0	0.000000
DP	0	221	10	0.000038	0	0.000000
DP	0	222	29	0.000111	0	0.000000
DP	0	223	18	0.000069	0	0.000000
DP	0	224	25	0.000096	0	0.000000
DP	0	225	20	0.000076	0	0.000000
DP	0	226	22	0.000084	0	0.000000
DP	0	227	11	0.000042	0	0.000000
DP	0	228	25	0.000096	0	0.000000
DP	0	229	14	0.000054	0	0.000000
DP	0	230	33	0.000126	0	0.000000
DP	0	231	22	0.000084	0	0.000000
DP	0	232	20	0.000076	0	0.000000
DP	0	233	14	0.000054	0	0.000000
DP	0	234	9	0.000034	0	0.000000
DP	0	235	8	0.000031	0	0.000000
DP	0	236	12	0.000046	0	0.000000
DP	0	237	6	0.000023	0	0.000000
DP	0	238	12	0.000046	0	0.000000
DP	0	239	16	0.000061	0	0.000000
DP	0	240	21	0.000080	0	0.000000
DP	0	241	18	0.000069	0	0.000000
DP	0	242	10	0.000038	0	0.000000
DP	0	243	6	0.000023	0	0.000000
DP	0	244	10	0.000038	0	0.000000
DP	0	245	6	0.000023	0	0.000000
DP	0	246	5	0.000019	0	0.000000
DP	0	247	4	0.000015	0	0.000000
DP	0	248	10	0.000038	0	0.000000
DP	0	249	9	0.000034	0	0.000000
DP	0	250	2	0.000008	0	0.000000
DP	0	251	7	0.000027	0	0.000000
DP	0	252	8	0.000031	0	0.000000
DP	0	253	2	0.000008	0	0.000000
DP	0	254	7	0.000027	0	0.000000
DP	0	255	2	0.000008	0	0.000000
DP	0	256	1	0.000004	0	0.000000
DP	0	257	5	0.000019	0	0.000000
DP	0	259	1	0.000004	0	0.000000
DP	0	260	6	0.000023	0	0.000000
DP	0	261	1	0.000004	0	0.000000
DP	0	262	1	0.000004	0	0.000000
DP	0	263	1	0.000004	0	0.000000
DP	0	264	3	0.000011	0	0.000000
DP	0	265	1	0.000004	1	0.000657
DP	0	266	5	0.000019	0	0.000000
DP	0	267	1	0.000004	0	0.000000
DP	0	268	2	0.000008	0	0.000000
DP	0	269	1	0.000004	0	0.000000
DP	0	270	5	0.000019	0	0.000000
DP	0	271	2	0.000008	0	0.000000
DP	0	272	2	0.000008	0	0.000000
DP	0	273	2	0.000008	0	0.000000
DP	0	274	1	0.000004	0	0.000000
DP	0	275	3	0.000011	0	0.000000
DP	0	276	1	0.000004	0	0.000000
DP	0	277	6	0.000023	0	0.000000
DP	0	278	4	0.000015	0	0.000000
DP	0	280	1	0.000004	0	0.000000
DP	0	282	2	0.000008	0	0.000000
DP	0	284	3	0.000011	0	0.000000
DP	0	286	5	0.000019	0	0.000000
DP	0	287	2	0.000008	0	0.000000
DP	0	288	2	0.000008	1	0.000657
DP	0	289	1	0.000004	0	0.000000
DP	0	291	1	0.000004	0	0.000000
DP	0	292	1	0.000004	0	0.000000
DP	0	293	1	0.000004	0	0.000000
DP	0	294	1	0.000004	0	0.000000
DP	0	295	1	0.000004	0	0.000000
DP	0	299	2	0.000008	0	0.000000
DP	0	301	1	0.000004	0	0.000000
DP	0	305	1	0.000004	0	0.000000
DP	0	308	5	0.000019	0	0.000000
DP	0	315	2	0.000008	0	0.000000
DP	0	322	1	0.000004	0	0.000000
DP	0	323	2	0.000008	0	0.000000
DP	0	325	1	0.000004	0	0.000000
DP	0	327	0	0.000000	1	0.000657
DP	0	332	2	0.000008	0	0.000000
DP	0	335	1	0.000004	0	0.000000
DP	0	337	0	0.000000	1	0.000657
DP	0	341	1	0.000004	0	0.000000
DP	0	342	1	0.000004	0	0.000000
DP	0	346	1	0.000004	0	0.000000
DP	0	356	1	0.000004	0	0.000000
DP	0	358	2	0.000008	0	0.000000
DP	0	359	1	0.000004	0	0.000000
DP	0	360	1	0.000004	0	0.000000
DP	0	375	1	0.000004	0	0.000000
DP	0	388	1	0.000004	0	0.000000
DP	0	389	1	0.000004	0	0.000000
DP	0	415	1	0.000004	0	0.000000
DP	0	438	1	0.000004	0	0.000000
DP	0	439	1	0.000004	0	0.000000
DP	0	440	1	0.000004	0	0.000000
DP	0	455	1	0.000004	0	0.000000
DP	0	467	1	0.000004	0	0.000000
DP	0	476	1	0.000004	0	0.000000
DP	0	477	0	0.000000	1	0.000657
DP	0	484	1	0.000004	0	0.000000
DP	0	>500	2	0.000008	152200	99.972412
# PSC, Per-sample counts. Note that the ref/het/hom counts include only SNPs, for indels see PSI. The rest include both SNPs and indels.
# PSC	[2]id	[3]sample	[4]nRefHom	[5]nNonRefHom	[6]nHets	[7]nTransitions	[8]nTransversions	[9]nIndels	[10]average depth	[11]nSingletons	[12]nHapRef	[13]nHapAlt	[14]nMissing
PSC	0	HG00553	0	0	0	0	0	0	0.0	0	146482	4903	857
PSC	0	HG00731	0	0	0	0	0	0	6.3	0	150041	1708	493
PSC	0	HG01107	0	0	0	0	0	0	0.0	0	147445	4021	776
PSC	0	HG01119	0	0	0	0	0	0	7.2	0	0	0	152242
PSC	0	HG01121	0	0	0	0	0	0	7.5	0	150069	1624	549
PSC	0	HG01171	0	0	0	0	0	0	7.4	0	0	0	152242
PSC	0	HG01176	0	0	0	0	0	0	0.0	0	150183	1597	462
PSC	0	HG01183	0	0	0	0	0	0	6.6	0	0	0	152242
PSC	0	HG01188	0	0	0	0	0	0	6.5	0	0	0	152242
PSC	0	HG01190	0	0	0	0	0	0	0.0	0	148253	3199	790
PSC	0	HG01133	0	0	0	0	0	0	0.0	0	148082	3381	779
PSC	0	HG01140	0	0	0	0	0	0	6.8	0	0	0	152242
PSC	0	HG01164	0	0	0	0	0	0	5.9	0	141817	3218	7207
PSC	0	HG01082	0	0	0	0	0	0	7.2	0	150312	1468	462
PSC	0	HG01094	0	0	0	0	0	0	7.4	0	147432	4021	789
PSC	0	HG01102	0	0	0	0	0	0	0.0	0	0	0	152242
PSC	0	HG01063	0	0	0	0	0	0	0.0	0	150290	1512	440
PSC	0	HG01070	0	0	0	0	0	0	9.0	0	0	0	152242
PSC	0	HG01075	0	0	0	0	0	0	6.4	0	150438	1363	441
PSC	0	HG00736	0	0	0	0	0	0	0.0	0	150169	1607	466
PSC	0	HG00743	0	0	0	0	0	0	0.0	0	0	0	152242
PSC	0	HG01049	0	0	0	0	0	0	6.4	0	0	0	152242
PSC	0	HG01051	0	0	0	0	0	0	6.2	0	147683	3288	1271
PSC	0	HG01366	0	0	0	0	0	0	0.0	0	0	0	152242
PSC	0	HG01378	0	0	0	0	0	0	6.4	0	0	0	152242
PSC	0	HG01392	0	0	0	0	0	0	0.0	0	149960	1745	537
PSC	0	HG01347	0	0	0	0	0	0	6.6	0	147540	3236	1466
PSC	0	HG01354	0	0	0	0	0	0	7.5	0	0	0	152242
PSC	0	HG01359	0	0	0	0	0	0	7.8	0	150122	1574	546
PSC	0	HG01260	0	0	0	0	0	0	0.0	0	0	0	152242
PSC	0	HG01272	0	0	0	0	0	0	6.4	0	0	0	152242
PSC	0	HG01277	0	0	0	0	0	0	0.0	0	150089	1671	482
PSC	0	HG01284	0	0	0	0	0	0	0.0	0	0	0	152242
PSC	0	HG01311	0	0	0	0	0	0	9.3	0	148004	3242	996
PSC	0	HG01323	0	0	0	0	0	0	0.0	0	0	0	152242
PSC	0	HG01342	0	0	0	0	0	0	6.1	0	0	0	152242
PSC	0	HG01241	0	0	0	0	0	0	0.0	0	150242	1520	480
PSC	0	HG01253	0	0	0	0	0	0	0.0	0	147971	3327	944
PSC	0	HG01479	0	0	0	0	0	0	0.0	0	150054	1709	479
PSC	0	HG01486	0	0	0	0	0	0	0.0	0	0	0	152242
PSC	0	HG01455	0	0	0	0	0	0	7.0	0	147165	4128	949
PSC	0	HG01462	0	0	0	0	0	0	7.3	0	0	0	152242
PSC	0	HG01474	0	0	0	0	0	0	0.0	0	0	0	152242
PSC	0	HG01405	0	0	0	0	0	0	0.0	0	149974	1740	528
PSC	0	HG01412	0	0	0	0	0	0	6.4	0	141866	3111	7265
PSC	0	HG01431	0	0	0	0	0	0	0.0	0	147644	3376	1222
PSC	0	HG01443	0	0	0	0	0	0	0.0	0	150165	1591	486
PSC	0	HG01498	0	0	0	0	0	0	6.3	0	0	0	152242
PSC	0	HG01551	0	0	0	0	0	0	6.6	0	0	0	152242
PSC	0	HG01556	0	0	0	0	0	0	0.0	0	145975	3884	2383
PSC	0	HG01892	0	0	0	0	0	0	7.0	0	148759	2715	768
PSC	0	HG01917	0	0	0	0	0	0	0.0	0	150139	1628	475
PSC	0	HG01936	0	0	0	0	0	0	8.6	0	0	0	152242
PSC	0	HG01948	0	0	0	0	0	0	0.0	0	0	0	152242
PSC	0	HG01924	0	0	0	0	0	0	0.0	0	0	0	152242
PSC	0	HG01950	0	0	0	0	0	0	7.0	0	149068	2590	584
PSC	0	HG01967	0	0	0	0	0	0	0.0	0	148113	2484	1645
PSC	0	HG01974	0	0	0	0	0	0	12.1	0	148912	2679	651
PSC	0	HG01979	0	0	0	0	0	0	0.0	0	148938	2644	660
PSC	0	HG02105	0	0	0	0	0	0	8.1	0	0	0	152242
PSC	0	HG02302	0	0	0	0	0	0	0.0	0	148423	2625	1194
PSC	0	HG02150	0	0	0	0	0	0	0.0	0	147028	4050	1164
PSC	0	HG02299	0	0	0	0	0	0	6.7	0	148980	2647	615
PSC	0	HG02275	0	0	0	0	0	0	7.3	0	0	0	152242
PSC	0	HG02345	0	0	0	0	0	0	0.0	0	0	0	152242
PSC	0	HG01048	0	0	0	0	0	0	0.0	0	150146	1657	439
PSC	0	HG00641	0	0	0	0	0	0	6.0	0	0	0	152242
PSC	0	HG01055	0	0	0	0	0	0	7.3	0	0	0	152242
PSC	0	HG01067	0	0	0	0	0	0	0.0	0	0	0	152242
PSC	0	HG01079	0	0	0	0	0	0	7.6	0	150049	1724	469
PSC	0	HG00742	0	0	0	0	0	0	0.0	0	150162	1560	520
PSC	0	HG01303	0	0	0	0	0	0	6.5	0	0	0	152242
PSC	0	HG01308	0	0	0	0	0	0	0.0	0	147448	3960	834
PSC	0	HG01341	0	0	0	0	0	0	6.3	0	150208	1593	441
PSC	0	HG01365	0	0	0	0	0	0	0.0	0	150217	1571	454
PSC	0	HG01372	0	0	0	0	0	0	6.5	0	0	0	152242
PSC	0	HG01377	0	0	0	0	0	0	0.0	0	147317	4102	823
PSC	0	HG01384	0	0	0	0	0	0	0.0	0	0	0	152242
PSC	0	HG01389	0	0	0	0	0	0	0.0	0	150153	1589	500
PSC	0	HG01170	0	0	0	0	0	0	7.4	0	150169	1592	481
PSC	0	HG01182	0	0	0	0	0	0	0.0	0	149956	1789	497
PSC	0	HG01187	0	0	0	0	0	0	0.0	0	145634	4158	2450
PSC	0	HG01086	0	0	0	0	0	0	0.0	0	0	0	152242
PSC	0	HG01098	0	0	0	0	0	0	7.3	0	0	0	152242
PSC	0	HG01101	0	0	0	0	0	0	0.0	0	147955	3359	928
PSC	0	HG01353	0	0	0	0	0	0	0.0	0	150216	1544	482
PSC	0	HG01360	0	0	0	0	0	0	7.1	0	0	0	152242
PSC	0	HG01137	0	0	0	0	0	0	0.0	0	0	0	152242
PSC	0	HG01149	0	0	0	0	0	0	6.5	0	0	0	152242
PSC	0	HG01168	0	0	0	0	0	0	0.0	0	0	0	152242
PSC	0	HG01113	0	0	0	0	0	0	7.2	0	0	0	152242
PSC	0	HG01125	0	0	0	0	0	0	0.0	0	0	0	152242
PSC	0	HG01269	0	0	0	0	0	0	7.1	0	0	0	152242
PSC	0	HG01271	0	0	0	0	0	0	0.0	0	150019	1644	579
PSC	0	HG01257	0	0	0	0	0	0	7.4	0	0	0	152242
PSC	0	HG01447	0	0	0	0	0	0	7.3	0	0	0	152242
PSC	0	HG01459	0	0	0	0	0	0	7.0	0	0	0	152242
PSC	0	HG01461	0	0	0	0	0	0	0.0	0	150051	1678	513
PSC	0	HG01550	0	0	0	0	0	0	6.4	0	150141	1626	475
PSC	0	HG01497	0	0	0	0	0	0	0.0	0	146700	4036	1506
PSC	0	HG01485	0	0	0	0	0	0	6.6	0	145781	4057	2404
PSC	0	HG01492	0	0	0	0	0	0	6.2	0	0	0	152242
PSC	0	HG01396	0	0	0	0	0	0	0.0	0	0	0	152242
PSC	0	HG01435	0	0	0	0	0	0	6.9	0	0	0	152242
PSC	0	HG02003	0	0	0	0	0	0	6.2	0	0	0	152242
PSC	0	HG02008	0	0	0	0	0	0	0.0	0	150201	1544	497
PSC	0	HG01992	0	0	0	0	0	0	6.6	0	0	0	152242
PSC	0	HG01997	0	0	0	0	0	0	6.4	0	0	0	152242
PSC	0	HG01954	0	0	0	0	0	0	7.0	0	0	0	152242
PSC	0	HG01961	0	0	0	0	0	0	0.0	0	148831	2722	689
PSC	0	NA19649	0	0	0	0	0	0	0.0	0	149694	1463	1085
PSC	0	HG01973	0	0	0	0	0	0	7.2	0	0	0	152242
PSC	0	NA19651	0	0	0	0	0	0	0.0	0	0	0	152242
PSC	0	HG01980	0	0	0	0	0	0	0.0	0	0	0	152242
PSC	0	HG01935	0	0	0	0	0	0	0.0	0	148091	3274	877
PSC	0	HG01942	0	0	0	0	0	0	6.9	0	0	0	152242
PSC	0	HG01947	0	0	0	0	0	0	0.0	0	148981	2144	1117
PSC	0	HG01923	0	0	0	0	0	0	7.6	0	148839	2670	733
PSC	0	NA19783	0	0	0	0	0	0	5.9	0	148890	2642	710
PSC	0	NA19788	0	0	0	0	0	0	0.0	0	0	0	152242
PSC	0	NA19795	0	0	0	0	0	0	6.4	0	149050	2579	613
PSC	0	HG02089	0	0	0	0	0	0	0.0	0	0	0	152242
PSC	0	HG02104	0	0	0	0	0	0	5.8	0	148791	2708	743
PSC	0	HG02147	0	0	0	0	0	0	0.0	0	0	0	152242
PSC	0	NA19719	0	0	0	0	0	0	0.0	0	0	0	152242
PSC	0	NA19726	0	0	0	0	0	0	6.3	0	145835	3852	2555
PSC	0	NA19740	0	0	0	0	0	0	0.0	0	0	0	152242
PSC	0	NA19752	0	0	0	0	0	0	7.0	0	0	0	152242
PSC	0	NA19663	0	0	0	0	0	0	0.0	0	0	0	152242
PSC	0	NA19670	0	0	0	0	0	0	5.9	0	147674	3483	1085
PSC	0	NA19682	0	0	0	0	0	0	8.6	0	148992	2673	577
PSC	0	NA19764	0	0	0	0	0	0	0.0	0	0	0	152242
PSC	0	NA19771	0	0	0	0	0	0	6.2	0	148646	2954	642
PSC	0	NA19776	0	0	0	0	0	0	0.0	0	0	0	152242
PSC	0	HG02286	0	0	0	0	0	0	6.0	0	0	0	152242
PSC	0	HG02298	0	0	0	0	0	0	6.1	0	0	0	152242
PSC	0	HG02301	0	0	0	0	0	0	0.0	0	0	0	152242
PSC	0	HG02262	0	0	0	0	0	0	5.9	0	150184	1600	458
PSC	0	HG02274	0	0	0	0	0	0	0.0	0	147540	3304	1398
PSC	0	HG00637	0	0	0	0	0	0	7.5	0	150216	1567	459
PSC	0	HG01173	0	0	0	0	0	0	6.9	0	150121	1638	483
PSC	0	HG01197	0	0	0	0	0	0	0.0	0	147891	3385	966
PSC	0	HG01200	0	0	0	0	0	0	0.0	0	147556	3942	744
PSC	0	HG01205	0	0	0	0	0	0	6.5	0	0	0	152242
PSC	0	HG01111	0	0	0	0	0	0	6.0	0	0	0	152242
PSC	0	HG01130	0	0	0	0	0	0	0.0	0	148028	3381	833
PSC	0	HG01058	0	0	0	0	0	0	0.0	0	0	0	152242
PSC	0	HG01060	0	0	0	0	0	0	11.8	0	148620	1640	1982
PSC	0	HG01072	0	0	0	0	0	0	6.7	0	147437	4005	800
PSC	0	HG01077	0	0	0	0	0	0	0.0	0	0	0	152242
PSC	0	HG01089	0	0	0	0	0	0	0.0	0	0	0	152242
PSC	0	HG01104	0	0	0	0	0	0	7.9	0	147566	3866	810
PSC	0	HG00554	0	0	0	0	0	0	0.0	0	0	0	152242
PSC	0	HG01142	0	0	0	0	0	0	0.0	0	148838	2723	681
PSC	0	HG01161	0	0	0	0	0	0	6.2	0	147328	3911	1003
PSC	0	HG00740	0	0	0	0	0	0	8.1	0	0	0	152242
PSC	0	HG01274	0	0	0	0	0	0	0.0	0	150244	1546	452
PSC	0	HG01281	0	0	0	0	0	0	7.7	0	0	0	152242
PSC	0	HG01286	0	0	0	0	0	0	5.5	0	150195	1564	483
PSC	0	HG01248	0	0	0	0	0	0	0.0	0	0	0	152242
PSC	0	HG01250	0	0	0	0	0	0	0.0	0	147210	4075	957
PSC	0	HG01351	0	0	0	0	0	0	0.0	0	0	0	152242
PSC	0	HG01356	0	0	0	0	0	0	7.1	0	150193	1570	479
PSC	0	HG00732	0	0	0	0	0	0	6.1	0	0	0	152242
PSC	0	HG01363	0	0	0	0	0	0	0.0	0	0	0	152242
PSC	0	HG00737	0	0	0	0	0	0	0.0	0	0	0	152242
PSC	0	HG01488	0	0	0	0	0	0	6.8	0	150169	1592	481
PSC	0	HG01495	0	0	0	0	0	0	9.0	0	0	0	152242
PSC	0	HG01438	0	0	0	0	0	0	0.0	0	0	0	152242
PSC	0	HG01440	0	0	0	0	0	0	0.0	0	150034	1672	536
PSC	0	HG01464	0	0	0	0	0	0	7.1	0	150100	1641	501
PSC	0	HG01325	0	0	0	0	0	0	6.1	0	147415	3861	966
PSC	0	HG01344	0	0	0	0	0	0	6.7	0	147836	3422	984
PSC	0	HG01108	0	0	0	0	0	0	6.6	0	0	0	152242
PSC	0	HG01402	0	0	0	0	0	0	0.0	0	141914	3170	7158
PSC	0	HG01110	0	0	0	0	0	0	7.5	0	147311	4030	901
PSC	0	HG01414	0	0	0	0	0	0	7.8	0	0	0	152242
PSC	0	HG01122	0	0	0	0	0	0	0.0	0	0	0	152242
PSC	0	HG01375	0	0	0	0	0	0	6.3	0	0	0	152242
PSC	0	HG01083	0	0	0	0	0	0	0.0	0	0	0	152242
PSC	0	HG01088	0	0	0	0	0	0	9.1	0	147170	4052	1020
PSC	0	HG01095	0	0	0	0	0	0	0.0	0	0	0	152242
PSC	0	HG01064	0	0	0	0	0	0	6.7	0	0	0	152242
PSC	0	HG01069	0	0	0	0	0	0	6.3	0	148299	3161	782
PSC	0	HG01052	0	0	0	0	0	0	0.0	0	0	0	152242
PSC	0	HG01565	0	0	0	0	0	0	0.0	0	148910	2738	594
PSC	0	HG01204	0	0	0	0	0	0	7.5	0	145935	3899	2408
PSC	0	HG01572	0	0	0	0	0	0	0.0	0	0	0	152242
PSC	0	HG01242	0	0	0	0	0	0	0.0	0	0	0	152242
PSC	0	HG01577	0	0	0	0	0	0	0.0	0	150078	1695	469
PSC	0	HG01247	0	0	0	0	0	0	0.0	0	150064	1714	464
PSC	0	HG01254	0	0	0	0	0	0	6.6	0	0	0	152242
PSC	0	HG01259	0	0	0	0	0	0	0.0	0	150311	1475	456
PSC	0	HG01348	0	0	0	0	0	0	0.0	0	0	0	152242
PSC	0	HG01350	0	0	0	0	0	0	6.6	0	149922	1721	599
PSC	0	HG01362	0	0	0	0	0	0	0.0	0	145791	4034	2417
PSC	0	HG01177	0	0	0	0	0	0	0.0	0	0	0	152242
PSC	0	HG01191	0	0	0	0	0	0	6.8	0	0	0	152242
PSC	0	HG01278	0	0	0	0	0	0	6.4	0	0	0	152242
PSC	0	HG01280	0	0	0	0	0	0	0.0	0	150021	1712	509
PSC	0	HG01921	0	0	0	0	0	0	6.5	0	0	0	152242
PSC	0	HG01432	0	0	0	0	0	0	7.0	0	0	0	152242
PSC	0	HG01926	0	0	0	0	0	0	0.0	0	148829	2833	580
PSC	0	HG01437	0	0	0	0	0	0	0.0	0	147964	3400	878
PSC	0	HG01933	0	0	0	0	0	0	7.1	0	0	0	152242
PSC	0	HG01444	0	0	0	0	0	0	0.0	0	0	0	152242
PSC	0	HG01374	0	0	0	0	0	0	0.0	0	150148	1583	511
PSC	0	HG01134	0	0	0	0	0	0	5.9	0	0	0	152242
PSC	0	HG01938	0	0	0	0	0	0	0.0	0	148771	2789	682
PSC	0	HG01139	0	0	0	0	0	0	0.0	0	149071	2582	589
PSC	0	HG01945	0	0	0	0	0	0	6.1	0	0	0	152242
PSC	0	HG01393	0	0	0	0	0	0	0.0	0	0	0	152242
PSC	0	HG01398	0	0	0	0	0	0	7.6	0	150293	1436	513
PSC	0	HG01413	0	0	0	0	0	0	0.0	0	150296	1501	445
PSC	0	HG01305	0	0	0	0	0	0	0.0	0	145965	3846	2431
PSC	0	HG01312	0	0	0	0	0	0	6.8	0	0	0	152242
PSC	0	HG02006	0	0	0	0	0	0	0.0	0	0	0	152242
PSC	0	HG01571	0	0	0	0	0	0	6.1	0	147884	3471	887
PSC	0	HG01456	0	0	0	0	0	0	7.3	0	0	0	152242
PSC	0	HG01468	0	0	0	0	0	0	0.0	0	0	0	152242
PSC	0	HG02102	0	0	0	0	0	0	6.5	0	0	0	152242
PSC	0	HG01971	0	0	0	0	0	0	0.0	0	0	0	152242
PSC	0	HG01976	0	0	0	0	0	0	0.0	0	0	0	152242
PSC	0	HG01983	0	0	0	0	0	0	0.0	0	0	0	152242
PSC	0	HG01494	0	0	0	0	0	0	6.5	0	147688	3364	1190
PSC	0	HG02260	0	0	0	0	0	0	0.0	0	0	0	152242
PSC	0	HG02265	0	0	0	0	0	0	6.8	0	148961	2721	560
PSC	0	HG02272	0	0	0	0	0	0	6.1	0	0	0	152242
PSC	0	HG02277	0	0	0	0	0	0	6.5	0	148847	2792	603
PSC	0	NA19648	0	0	0	0	0	0	6.0	0	0	0	152242
PSC	0	HG02253	0	0	0	0	0	0	6.8	0	147955	3144	1143
PSC	0	HG01893	0	0	0	0	0	0	7.1	0	0	0	152242
PSC	0	HG02304	0	0	0	0	0	0	5.8	0	148850	2781	611
PSC	0	HG02291	0	0	0	0	0	0	0.0	0	148784	2738	720
PSC	0	HG01918	0	0	0	0	0	0	0.0	0	0	0	152242
PSC	0	HG01920	0	0	0	0	0	0	6.5	0	148991	2650	601
PSC	0	HG01932	0	0	0	0	0	0	6.3	0	150237	1490	515
PSC	0	HG01968	0	0	0	0	0	0	9.6	0	0	0	152242
PSC	0	HG01970	0	0	0	0	0	0	6.3	0	147191	4212	839
PSC	0	NA19655	0	0	0	0	0	0	6.4	0	148004	3409	829
PSC	0	HG01982	0	0	0	0	0	0	7.4	0	128098	2453	21691
PSC	0	HG01951	0	0	0	0	0	0	0.0	0	0	0	152242
PSC	0	NA19679	0	0	0	0	0	0	0.0	0	150044	1748	450
PSC	0	NA19681	0	0	0	0	0	0	0.0	0	0	0	152242
PSC	0	NA19720	0	0	0	0	0	0	0.0	0	150208	1519	515
PSC	0	HG01944	0	0	0	0	0	0	7.6	0	148644	2790	808
PSC	0	HG02252	0	0	0	0	0	0	0.0	0	0	0	152242
PSC	0	NA19756	0	0	0	0	0	0	6.4	0	150161	1592	489
PSC	0	NA19770	0	0	0	0	0	0	0.0	0	0	0	152242
PSC	0	NA19782	0	0	0	0	0	0	6.8	0	0	0	152242
PSC	0	HG02271	0	0	0	0	0	0	7.3	0	148938	2694	610
PSC	0	NA19794	0	0	0	0	0	0	0.0	0	0	0	152242
PSC	0	NA19725	0	0	0	0	0	0	0.0	0	0	0	152242
PSC	0	NA19732	0	0	0	0	0	0	0.0	0	148783	2884	575
PSC	0	NA19749	0	0	0	0	0	0	0.0	0	0	0	152242
PSC	0	NA19759	0	0	0	0	0	0	6.8	0	147426	3926	890
PSC	0	NA19761	0	0	0	0	0	0	8.7	0	0	0	152242
PSC	0	NA19773	0	0	0	0	0	0	0.0	0	0	0	152242
PSC	0	NA19780	0	0	0	0	0	0	0.0	0	147202	4055	985
PSC	0	NA19684	0	0	0	0	0	0	0.0	0	0	0	152242
PSC	0	NA19716	0	0	0	0	0	0	5.6	0	0	0	152242
PSC	0	NA19723	0	0	0	0	0	0	6.8	0	147126	3322	1794
PSC	0	NA19658	0	0	0	0	0	0	7.5	0	150207	1562	473
PSC	0	NA19660	0	0	0	0	0	0	0.0	0	0	0	152242
PSC	0	NA19785	0	0	0	0	0	0	0.0	0	0	0	152242
PSC	0	NA19792	0	0	0	0	0	0	6.3	0	147492	4011	739
PSC	0	NA19728	0	0	0	0	0	0	0.0	0	0	0	152242
PSC	0	NA19735	0	0	0	0	0	0	0.0	0	148865	2705	672
PSC	0	NA19747	0	0	0	0	0	0	7.9	0	147773	3339	1130
PSC	0	NA19652	0	0	0	0	0	0	0.0	0	150125	1558	559
PSC	0	NA19657	0	0	0	0	0	0	6.5	0	0	0	152242
PSC	0	NA19664	0	0	0	0	0	0	0.0	0	148882	2712	648
PSC	0	NA19669	0	0	0	0	0	0	7.1	0	0	0	152242
PSC	0	NA19676	0	0	0	0	0	0	0.0	0	147354	4092	796
PSC	0	NA19722	0	0	0	0	0	0	0.0	0	0	0	152242
PSC	0	NA19734	0	0	0	0	0	0	0.0	0	0	0	152242
PSC	0	NA19741	0	0	0	0	0	0	0.0	0	150068	1621	553
PSC	0	NA19746	0	0	0	0	0	0	6.3	0	0	0	152242
PSC	0	NA19789	0	0	0	0	0	0	9.5	0	150214	1503	525
PSC	0	NA19758	0	0	0	0	0	0	0.0	0	0	0	152242
PSC	0	NA19777	0	0	0	0	0	0	6.6	0	150152	1564	526
PSC	0	HG00551	0	0	0	0	0	0	6.2	0	0	0	152242
PSC	0	HG01054	0	0	0	0	0	0	0.0	0	147482	3945	815
PSC	0	HG01061	0	0	0	0	0	0	8.2	0	0	0	152242
PSC	0	HG01066	0	0	0	0	0	0	0.0	0	149738	1669	835
PSC	0	HG01073	0	0	0	0	0	0	5.9	0	0	0	152242
PSC	0	HG01080	0	0	0	0	0	0	0.0	0	0	0	152242
PSC	0	HG00638	0	0	0	0	0	0	0.0	0	0	0	152242
PSC	0	HG00640	0	0	0	0	0	0	0.0	0	149237	2273	732
PSC	0	HG00734	0	0	0	0	0	0	0.0	0	0	0	152242
PSC	0	HG00739	0	0	0	0	0	0	6.1	0	150359	1385	498
PSC	0	HG01085	0	0	0	0	0	0	7.7	0	150183	1632	427
PSC	0	HG01092	0	0	0	0	0	0	0.0	0	0	0	152242
PSC	0	HG01097	0	0	0	0	0	0	7.2	0	147891	3268	1083
PSC	0	HG01105	0	0	0	0	0	0	0.0	0	0	0	152242
PSC	0	HG01112	0	0	0	0	0	0	6.0	0	147203	4078	961
PSC	0	HG01124	0	0	0	0	0	0	0.0	0	148856	2655	731
PSC	0	HG01047	0	0	0	0	0	0	6.2	0	150146	1586	510
PSC	0	HG01131	0	0	0	0	0	0	0.0	0	0	0	152242
PSC	0	HG01136	0	0	0	0	0	0	0.0	0	150256	1557	429
PSC	0	HG01148	0	0	0	0	0	0	6.3	0	150011	1669	562
PSC	0	HG01162	0	0	0	0	0	0	7.7	0	0	0	152242
PSC	0	HG01167	0	0	0	0	0	0	7.2	0	148014	3397	831
PSC	0	HG01369	0	0	0	0	0	0	0.0	0	0	0	152242
PSC	0	HG01383	0	0	0	0	0	0	6.7	0	149817	1634	791
PSC	0	HG01390	0	0	0	0	0	0	7.3	0	0	0	152242
PSC	0	HG01251	0	0	0	0	0	0	0.0	0	0	0	152242
PSC	0	HG01256	0	0	0	0	0	0	0.0	0	147897	3360	985
PSC	0	HG01345	0	0	0	0	0	0	0.0	0	0	0	152242
PSC	0	HG01357	0	0	0	0	0	0	0.0	0	0	0	152242
PSC	0	HG01441	0	0	0	0	0	0	5.5	0	0	0	152242
PSC	0	HG01174	0	0	0	0	0	0	0.0	0	0	0	152242
PSC	0	HG01198	0	0	0	0	0	0	0.0	0	0	0	152242
PSC	0	HG01302	0	0	0	0	0	0	0.0	0	145822	4043	2377
PSC	0	HG01326	0	0	0	0	0	0	0.0	0	0	0	152242
PSC	0	HG01395	0	0	0	0	0	0	5.9	0	150198	1579	465
PSC	0	HG01403	0	0	0	0	0	0	0.0	0	0	0	152242
PSC	0	HG01275	0	0	0	0	0	0	6.4	0	0	0	152242
PSC	0	HG01566	0	0	0	0	0	0	6.8	0	0	0	152242
PSC	0	HG01578	0	0	0	0	0	0	5.6	0	0	0	152242
PSC	0	HG01489	0	0	0	0	0	0	0.0	0	0	0	152242
PSC	0	HG01491	0	0	0	0	0	0	0.0	0	150158	1710	374
PSC	0	HG01465	0	0	0	0	0	0	0.0	0	0	0	152242
PSC	0	HG01953	0	0	0	0	0	0	5.9	0	150199	1587	456
PSC	0	HG01965	0	0	0	0	0	0	0.0	0	0	0	152242
PSC	0	HG01991	0	0	0	0	0	0	8.4	0	142040	3027	7175
PSC	0	HG02002	0	0	0	0	0	0	7.0	0	150194	1583	465
PSC	0	HG01939	0	0	0	0	0	0	0.0	0	0	0	152242
PSC	0	HG01941	0	0	0	0	0	0	6.7	0	150224	1570	448
PSC	0	HG01927	0	0	0	0	0	0	0.0	0	0	0	152242
PSC	0	HG01977	0	0	0	0	0	0	6.5	0	148738	2791	713
PSC	0	HG02090	0	0	0	0	0	0	7.5	0	148192	2649	1401
PSC	0	HG02278	0	0	0	0	0	0	6.8	0	0	0	152242
PSC	0	HG02285	0	0	0	0	0	0	0.0	0	149052	2582	608
PSC	0	HG02292	0	0	0	0	0	0	7.5	0	0	0	152242
PSC	0	HG02259	0	0	0	0	0	0	0.0	0	148895	2719	628
PSC	0	HG02266	0	0	0	0	0	0	0.0	0	0	0	152242
PSC	0	HG02146	0	0	0	0	0	0	0.0	0	148729	2715	798
PSC	0	HG02312	0	0	0	0	0	0	6.5	0	0	0	152242
PSC	0	HG02425	0	0	0	0	0	0	0.0	0	0	0	152242
PSC	0	HG02348	0	0	0	0	0	0	6.3	0	0	0	152242
PSC	0	NA19717	0	0	0	0	0	0	0.0	0	150290	1442	510
PSC	0	NA19654	0	0	0	0	0	0	7.5	0	0	0	152242
PSC	0	NA19661	0	0	0	0	0	0	6.4	0	150172	1592	478
PSC	0	NA19678	0	0	0	0	0	0	0.0	0	0	0	152242
PSC	0	NA19729	0	0	0	0	0	0	6.6	0	148836	2757	649
PSC	0	NA19731	0	0	0	0	0	0	0.0	0	0	0	152242
PSC	0	NA19750	0	0	0	0	0	0	6.8	0	150470	1322	450
PSC	0	NA19786	0	0	0	0	0	0	0.0	0	148864	2737	641
PSC	0	NA19755	0	0	0	0	0	0	5.9	0	0	0	152242
PSC	0	NA19762	0	0	0	0	0	0	0.0	0	150120	1664	458
PSC	0	NA19774	0	0	0	0	0	0	0.0	0	148758	2832	652
PSC	0	NA19779	0	0	0	0	0	0	0.0	0	0	0	152242
# PSI, Per-Sample Indels
# PSI	[2]id	[3]sample	[4]in-frame	[5]out-frame	[6]not applicable	[7]out/(in+out) ratio	[8]nHets	[9]nAA
PSI	0	HG00553	0	0	0	0.00	0	0
PSI	0	HG00731	0	0	0	0.00	0	0
PSI	0	HG01107	0	0	0	0.00	0	0
PSI	0	HG01119	0	0	0	0.00	0	0
PSI	0	HG01121	0	0	0	0.00	0	0
PSI	0	HG01171	0	0	0	0.00	0	0
PSI	0	HG01176	0	0	0	0.00	0	0
PSI	0	HG01183	0	0	0	0.00	0	0
PSI	0	HG01188	0	0	0	0.00	0	0
PSI	0	HG01190	0	0	0	0.00	0	0
PSI	0	HG01133	0	0	0	0.00	0	0
PSI	0	HG01140	0	0	0	0.00	0	0
PSI	0	HG01164	0	0	0	0.00	0	0
PSI	0	HG01082	0	0	0	0.00	0	0
PSI	0	HG01094	0	0	0	0.00	0	0
PSI	0	HG01102	0	0	0	0.00	0	0
PSI	0	HG01063	0	0	0	0.00	0	0
PSI	0	HG01070	0	0	0	0.00	0	0
PSI	0	HG01075	0	0	0	0.00	0	0
PSI	0	HG00736	0	0	0	0.00	0	0
PSI	0	HG00743	0	0	0	0.00	0	0
PSI	0	HG01049	0	0	0	0.00	0	0
PSI	0	HG01051	0	0	0	0.00	0	0
PSI	0	HG01366	0	0	0	0.00	0	0
PSI	0	HG01378	0	0	0	0.00	0	0
PSI	0	HG01392	0	0	0	0.00	0	0
PSI	0	HG01347	0	0	0	0.00	0	0
PSI	0	HG01354	0	0	0	0.00	0	0
PSI	0	HG01359	0	0	0	0.00	0	0
PSI	0	HG01260	0	0	0	0.00	0	0
PSI	0	HG01272	0	0	0	0.00	0	0
PSI	0	HG01277	0	0	0	0.00	0	0
PSI	0	HG01284	0	0	0	0.00	0	0
PSI	0	HG01311	0	0	0	0.00	0	0
PSI	0	HG01323	0	0	0	0.00	0	0
PSI	0	HG01342	0	0	0	0.00	0	0
PSI	0	HG01241	0	0	0	0.00	0	0
PSI	0	HG01253	0	0	0	0.00	0	0
PSI	0	HG01479	0	0	0	0.00	0	0
PSI	0	HG01486	0	0	0	0.00	0	0
PSI	0	HG01455	0	0	0	0.00	0	0
PSI	0	HG01462	0	0	0	0.00	0	0
PSI	0	HG01474	0	0	0	0.00	0	0
PSI	0	HG01405	0	0	0	0.00	0	0
PSI	0	HG01412	0	0	0	0.00	0	0
PSI	0	HG01431	0	0	0	0.00	0	0
PSI	0	HG01443	0	0	0	0.00	0	0
PSI	0	HG01498	0	0	0	0.00	0	0
PSI	0	HG01551	0	0	0	0.00	0	0
PSI	0	HG01556	0	0	0	0.00	0	0
PSI	0	HG01892	0	0	0	0.00	0	0
PSI	0	HG01917	0	0	0	0.00	0	0
PSI	0	HG01936	0	0	0	0.00	0	0
PSI	0	HG01948	0	0	0	0.00	0	0
PSI	0	HG01924	0	0	0	0.00	0	0
PSI	0	HG01950	0	0	0	0.00	0	0
PSI	0	HG01967	0	0	0	0.00	0	0
PSI	0	HG01974	0	0	0	0.00	0	0
PSI	0	HG01979	0	0	0	0.00	0	0
PSI	0	HG02105	0	0	0	0.00	0	0
PSI	0	HG02302	0	0	0	0.00	0	0
PSI	0	HG02150	0	0	0	0.00	0	0
PSI	0	HG02299	0	0	0	0.00	0	0
PSI	0	HG02275	0	0	0	0.00	0	0
PSI	0	HG02345	0	0	0	0.00	0	0
PSI	0	HG01048	0	0	0	0.00	0	0
PSI	0	HG00641	0	0	0	0.00	0	0
PSI	0	HG01055	0	0	0	0.00	0	0
PSI	0	HG01067	0	0	0	0.00	0	0
PSI	0	HG01079	0	0	0	0.00	0	0
PSI	0	HG00742	0	0	0	0.00	0	0
PSI	0	HG01303	0	0	0	0.00	0	0
PSI	0	HG01308	0	0	0	0.00	0	0
PSI	0	HG01341	0	0	0	0.00	0	0
PSI	0	HG01365	0	0	0	0.00	0	0
PSI	0	HG01372	0	0	0	0.00	0	0
PSI	0	HG01377	0	0	0	0.00	0	0
PSI	0	HG01384	0	0	0	0.00	0	0
PSI	0	HG01389	0	0	0	0.00	0	0
PSI	0	HG01170	0	0	0	0.00	0	0
PSI	0	HG01182	0	0	0	0.00	0	0
PSI	0	HG01187	0	0	0	0.00	0	0
PSI	0	HG01086	0	0	0	0.00	0	0
PSI	0	HG01098	0	0	0	0.00	0	0
PSI	0	HG01101	0	0	0	0.00	0	0
PSI	0	HG01353	0	0	0	0.00	0	0
PSI	0	HG01360	0	0	0	0.00	0	0
PSI	0	HG01137	0	0	0	0.00	0	0
PSI	0	HG01149	0	0	0	0.00	0	0
PSI	0	HG01168	0	0	0	0.00	0	0
PSI	0	HG01113	0	0	0	0.00	0	0
PSI	0	HG01125	0	0	0	0.00	0	0
PSI	0	HG01269	0	0	0	0.00	0	0
PSI	0	HG01271	0	0	0	0.00	0	0
PSI	0	HG01257	0	0	0	0.00	0	0
PSI	0	HG01447	0	0	0	0.00	0	0
PSI	0	HG01459	0	0	0	0.00	0	0
PSI	0	HG01461	0	0	0	0.00	0	0
PSI	0	HG01550	0	0	0	0.00	0	0
PSI	0	HG01497	0	0	0	0.00	0	0
PSI	0	HG01485	0	0	0	0.00	0	0
PSI	0	HG01492	0	0	0	0.00	0	0
PSI	0	HG01396	0	0	0	0.00	0	0
PSI	0	HG01435	0	0	0	0.00	0	0
PSI	0	HG02003	0	0	0	0.00	0	0
PSI	0	HG02008	0	0	0	0.00	0	0
PSI	0	HG01992	0	0	0	0.00	0	0
PSI	0	HG01997	0	0	0	0.00	0	0
PSI	0	HG01954	0	0	0	0.00	0	0
PSI	0	HG01961	0	0	0	0.00	0	0
PSI	0	NA19649	0	0	0	0.00	0	0
PSI	0	HG01973	0	0	0	0.00	0	0
PSI	0	NA19651	0	0	0	0.00	0	0
PSI	0	HG01980	0	0	0	0.00	0	0
PSI	0	HG01935	0	0	0	0.00	0	0
PSI	0	HG01942	0	0	0	0.00	0	0
PSI	0	HG01947	0	0	0	0.00	0	0
PSI	0	HG01923	0	0	0	0.00	0	0
PSI	0	NA19783	0	0	0	0.00	0	0
PSI	0	NA19788	0	0	0	0.00	0	0
PSI	0	NA19795	0	0	0	0.00	0	0
PSI	0	HG02089	0	0	0	0.00	0	0
PSI	0	HG02104	0	0	0	0.00	0	0
PSI	0	HG02147	0	0	0	0.00	0	0
PSI	0	NA19719	0	0	0	0.00	0	0
PSI	0	NA19726	0	0	0	0.00	0	0
PSI	0	NA19740	0	0	0	0.00	0	0
PSI	0	NA19752	0	0	0	0.00	0	0
PSI	0	NA19663	0	0	0	0.00	0	0
PSI	0	NA19670	0	0	0	0.00	0	0
PSI	0	NA19682	0	0	0	0.00	0	0
PSI	0	NA19764	0	0	0	0.00	0	0
PSI	0	NA19771	0	0	0	0.00	0	0
PSI	0	NA19776	0	0	0	0.00	0	0
PSI	0	HG02286	0	0	0	0.00	0	0
PSI	0	HG02298	0	0	0	0.00	0	0
PSI	0	HG02301	0	0	0	0.00	0	0
PSI	0	HG02262	0	0	0	0.00	0	0
PSI	0	HG02274	0	0	0	0.00	0	0
PSI	0	HG00637	0	0	0	0.00	0	0
PSI	0	HG01173	0	0	0	0.00	0	0
PSI	0	HG01197	0	0	0	0.00	0	0
PSI	0	HG01200	0	0	0	0.00	0	0
PSI	0	HG01205	0	0	0	0.00	0	0
PSI	0	HG01111	0	0	0	0.00	0	0
PSI	0	HG01130	0	0	0	0.00	0	0
PSI	0	HG01058	0	0	0	0.00	0	0
PSI	0	HG01060	0	0	0	0.00	0	0
PSI	0	HG01072	0	0	0	0.00	0	0
PSI	0	HG01077	0	0	0	0.00	0	0
PSI	0	HG01089	0	0	0	0.00	0	0
PSI	0	HG01104	0	0	0	0.00	0	0
PSI	0	HG00554	0	0	0	0.00	0	0
PSI	0	HG01142	0	0	0	0.00	0	0
PSI	0	HG01161	0	0	0	0.00	0	0
PSI	0	HG00740	0	0	0	0.00	0	0
PSI	0	HG01274	0	0	0	0.00	0	0
PSI	0	HG01281	0	0	0	0.00	0	0
PSI	0	HG01286	0	0	0	0.00	0	0
PSI	0	HG01248	0	0	0	0.00	0	0
PSI	0	HG01250	0	0	0	0.00	0	0
PSI	0	HG01351	0	0	0	0.00	0	0
PSI	0	HG01356	0	0	0	0.00	0	0
PSI	0	HG00732	0	0	0	0.00	0	0
PSI	0	HG01363	0	0	0	0.00	0	0
PSI	0	HG00737	0	0	0	0.00	0	0
PSI	0	HG01488	0	0	0	0.00	0	0
PSI	0	HG01495	0	0	0	0.00	0	0
PSI	0	HG01438	0	0	0	0.00	0	0
PSI	0	HG01440	0	0	0	0.00	0	0
PSI	0	HG01464	0	0	0	0.00	0	0
PSI	0	HG01325	0	0	0	0.00	0	0
PSI	0	HG01344	0	0	0	0.00	0	0
PSI	0	HG01108	0	0	0	0.00	0	0
PSI	0	HG01402	0	0	0	0.00	0	0
PSI	0	HG01110	0	0	0	0.00	0	0
PSI	0	HG01414	0	0	0	0.00	0	0
PSI	0	HG01122	0	0	0	0.00	0	0
PSI	0	HG01375	0	0	0	0.00	0	0
PSI	0	HG01083	0	0	0	0.00	0	0
PSI	0	HG01088	0	0	0	0.00	0	0
PSI	0	HG01095	0	0	0	0.00	0	0
PSI	0	HG01064	0	0	0	0.00	0	0
PSI	0	HG01069	0	0	0	0.00	0	0
PSI	0	HG01052	0	0	0	0.00	0	0
PSI	0	HG01565	0	0	0	0.00	0	0
PSI	0	HG01204	0	0	0	0.00	0	0
PSI	0	HG01572	0	0	0	0.00	0	0
PSI	0	HG01242	0	0	0	0.00	0	0
PSI	0	HG01577	0	0	0	0.00	0	0
PSI	0	HG01247	0	0	0	0.00	0	0
PSI	0	HG01254	0	0	0	0.00	0	0
PSI	0	HG01259	0	0	0	0.00	0	0
PSI	0	HG01348	0	0	0	0.00	0	0
PSI	0	HG01350	0	0	0	0.00	0	0
PSI	0	HG01362	0	0	0	0.00	0	0
PSI	0	HG01177	0	0	0	0.00	0	0
PSI	0	HG01191	0	0	0	0.00	0	0
PSI	0	HG01278	0	0	0	0.00	0	0
PSI	0	HG01280	0	0	0	0.00	0	0
PSI	0	HG01921	0	0	0	0.00	0	0
PSI	0	HG01432	0	0	0	0.00	0	0
PSI	0	HG01926	0	0	0	0.00	0	0
PSI	0	HG01437	0	0	0	0.00	0	0
PSI	0	HG01933	0	0	0	0.00	0	0
PSI	0	HG01444	0	0	0	0.00	0	0
PSI	0	HG01374	0	0	0	0.00	0	0
PSI	0	HG01134	0	0	0	0.00	0	0
PSI	0	HG01938	0	0	0	0.00	0	0
PSI	0	HG01139	0	0	0	0.00	0	0
PSI	0	HG01945	0	0	0	0.00	0	0
PSI	0	HG01393	0	0	0	0.00	0	0
PSI	0	HG01398	0	0	0	0.00	0	0
PSI	0	HG01413	0	0	0	0.00	0	0
PSI	0	HG01305	0	0	0	0.00	0	0
PSI	0	HG01312	0	0	0	0.00	0	0
PSI	0	HG02006	0	0	0	0.00	0	0
PSI	0	HG01571	0	0	0	0.00	0	0
PSI	0	HG01456	0	0	0	0.00	0	0
PSI	0	HG01468	0	0	0	0.00	0	0
PSI	0	HG02102	0	0	0	0.00	0	0
PSI	0	HG01971	0	0	0	0.00	0	0
PSI	0	HG01976	0	0	0	0.00	0	0
PSI	0	HG01983	0	0	0	0.00	0	0
PSI	0	HG01494	0	0	0	0.00	0	0
PSI	0	HG02260	0	0	0	0.00	0	0
PSI	0	HG02265	0	0	0	0.00	0	0
PSI	0	HG02272	0	0	0	0.00	0	0
PSI	0	HG02277	0	0	0	0.00	0	0
PSI	0	NA19648	0	0	0	0.00	0	0
PSI	0	HG02253	0	0	0	0.00	0	0
PSI	0	HG01893	0	0	0	0.00	0	0
PSI	0	HG02304	0	0	0	0.00	0	0
PSI	0	HG02291	0	0	0	0.00	0	0
PSI	0	HG01918	0	0	0	0.00	0	0
PSI	0	HG01920	0	0	0	0.00	0	0
PSI	0	HG01932	0	0	0	0.00	0	0
PSI	0	HG01968	0	0	0	0.00	0	0
PSI	0	HG01970	0	0	0	0.00	0	0
PSI	0	NA19655	0	0	0	0.00	0	0
PSI	0	HG01982	0	0	0	0.00	0	0
PSI	0	HG01951	0	0	0	0.00	0	0
PSI	0	NA19679	0	0	0	0.00	0	0
PSI	0	NA19681	0	0	0	0.00	0	0
PSI	0	NA19720	0	0	0	0.00	0	0
PSI	0	HG01944	0	0	0	0.00	0	0
PSI	0	HG02252	0	0	0	0.00	0	0
PSI	0	NA19756	0	0	0	0.00	0	0
PSI	0	NA19770	0	0	0	0.00	0	0
PSI	0	NA19782	0	0	0	0.00	0	0
PSI	0	HG02271	0	0	0	0.00	0	0
PSI	0	NA19794	0	0	0	0.00	0	0
PSI	0	NA19725	0	0	0	0.00	0	0
PSI	0	NA19732	0	0	0	0.00	0	0
PSI	0	NA19749	0	0	0	0.00	0	0
PSI	0	NA19759	0	0	0	0.00	0	0
PSI	0	NA19761	0	0	0	0.00	0	0
PSI	0	NA19773	0	0	0	0.00	0	0
PSI	0	NA19780	0	0	0	0.00	0	0
PSI	0	NA19684	0	0	0	0.00	0	0
PSI	0	NA19716	0	0	0	0.00	0	0
PSI	0	NA19723	0	0	0	0.00	0	0
PSI	0	NA19658	0	0	0	0.00	0	0
PSI	0	NA19660	0	0	0	0.00	0	0
PSI	0	NA19785	0	0	0	0.00	0	0
PSI	0	NA19792	0	0	0	0.00	0	0
PSI	0	NA19728	0	0	0	0.00	0	0
PSI	0	NA19735	0	0	0	0.00	0	0
PSI	0	NA19747	0	0	0	0.00	0	0
PSI	0	NA19652	0	0	0	0.00	0	0
PSI	0	NA19657	0	0	0	0.00	0	0
PSI	0	NA19664	0	0	0	0.00	0	0
PSI	0	NA19669	0	0	0	0.00	0	0
PSI	0	NA19676	0	0	0	0.00	0	0
PSI	0	NA19722	0	0	0	0.00	0	0
PSI	0	NA19734	0	0	0	0.00	0	0
PSI	0	NA19741	0	0	0	0.00	0	0
PSI	0	NA19746	0	0	0	0.00	0	0
PSI	0	NA19789	0	0	0	0.00	0	0
PSI	0	NA19758	0	0	0	0.00	0	0
PSI	0	NA19777	0	0	0	0.00	0	0
PSI	0	HG00551	0	0	0	0.00	0	0
PSI	0	HG01054	0	0	0	0.00	0	0
PSI	0	HG01061	0	0	0	0.00	0	0
PSI	0	HG01066	0	0	0	0.00	0	0
PSI	0	HG01073	0	0	0	0.00	0	0
PSI	0	HG01080	0	0	0	0.00	0	0
PSI	0	HG00638	0	0	0	0.00	0	0
PSI	0	HG00640	0	0	0	0.00	0	0
PSI	0	HG00734	0	0	0	0.00	0	0
PSI	0	HG00739	0	0	0	0.00	0	0
PSI	0	HG01085	0	0	0	0.00	0	0
PSI	0	HG01092	0	0	0	0.00	0	0
PSI	0	HG01097	0	0	0	0.00	0	0
PSI	0	HG01105	0	0	0	0.00	0	0
PSI	0	HG01112	0	0	0	0.00	0	0
PSI	0	HG01124	0	0	0	0.00	0	0
PSI	0	HG01047	0	0	0	0.00	0	0
PSI	0	HG01131	0	0	0	0.00	0	0
PSI	0	HG01136	0	0	0	0.00	0	0
PSI	0	HG01148	0	0	0	0.00	0	0
PSI	0	HG01162	0	0	0	0.00	0	0
PSI	0	HG01167	0	0	0	0.00	0	0
PSI	0	HG01369	0	0	0	0.00	0	0
PSI	0	HG01383	0	0	0	0.00	0	0
PSI	0	HG01390	0	0	0	0.00	0	0
PSI	0	HG01251	0	0	0	0.00	0	0
PSI	0	HG01256	0	0	0	0.00	0	0
PSI	0	HG01345	0	0	0	0.00	0	0
PSI	0	HG01357	0	0	0	0.00	0	0
PSI	0	HG01441	0	0	0	0.00	0	0
PSI	0	HG01174	0	0	0	0.00	0	0
PSI	0	HG01198	0	0	0	0.00	0	0
PSI	0	HG01302	0	0	0	0.00	0	0
PSI	0	HG01326	0	0	0	0.00	0	0
PSI	0	HG01395	0	0	0	0.00	0	0
PSI	0	HG01403	0	0	0	0.00	0	0
PSI	0	HG01275	0	0	0	0.00	0	0
PSI	0	HG01566	0	0	0	0.00	0	0
PSI	0	HG01578	0	0	0	0.00	0	0
PSI	0	HG01489	0	0	0	0.00	0	0
PSI	0	HG01491	0	0	0	0.00	0	0
PSI	0	HG01465	0	0	0	0.00	0	0
PSI	0	HG01953	0	0	0	0.00	0	0
PSI	0	HG01965	0	0	0	0.00	0	0
PSI	0	HG01991	0	0	0	0.00	0	0
PSI	0	HG02002	0	0	0	0.00	0	0
PSI	0	HG01939	0	0	0	0.00	0	0
PSI	0	HG01941	0	0	0	0.00	0	0
PSI	0	HG01927	0	0	0	0.00	0	0
PSI	0	HG01977	0	0	0	0.00	0	0
PSI	0	HG02090	0	0	0	0.00	0	0
PSI	0	HG02278	0	0	0	0.00	0	0
PSI	0	HG02285	0	0	0	0.00	0	0
PSI	0	HG02292	0	0	0	0.00	0	0
PSI	0	HG02259	0	0	0	0.00	0	0
PSI	0	HG02266	0	0	0	0.00	0	0
PSI	0	HG02146	0	0	0	0.00	0	0
PSI	0	HG02312	0	0	0	0.00	0	0
PSI	0	HG02425	0	0	0	0.00	0	0
PSI	0	HG02348	0	0	0	0.00	0	0
PSI	0	NA19717	0	0	0	0.00	0	0
PSI	0	NA19654	0	0	0	0.00	0	0
PSI	0	NA19661	0	0	0	0.00	0	0
PSI	0	NA19678	0	0	0	0.00	0	0
PSI	0	NA19729	0	0	0	0.00	0	0
PSI	0	NA19731	0	0	0	0.00	0	0
PSI	0	NA19750	0	0	0	0.00	0	0
PSI	0	NA19786	0	0	0	0.00	0	0
PSI	0	NA19755	0	0	0	0.00	0	0
PSI	0	NA19762	0	0	0	0.00	0	0
PSI	0	NA19774	0	0	0	0.00	0	0
PSI	0	NA19779	0	0	0	0.00	0	0
# HWE
# HWE	[2]id	[3]1st ALT allele frequency	[4]Number of observations	[5]25th percentile	[6]median	[7]75th percentile
