# This file was produced by bcftools stats (1.9+htslib-1.9) and can be plotted using plot-vcfstats.
# The command line was:	bcftools stats  -v --samples-file /cromwell_root/fc-47de7dae-e8e6-429c-b760-b4ba49136eee/resources/1kgp/SAS.txt /cromwell_root/fc-51aefb1c-4e8e-4dcb-a59c-62e318ea351a/b14e0395-8e39-458e-a5bf-709b72022f9c/subset_vcf_sample_list/6f92fe78-560c-49d0-a485-b10a61c6ca23/call-bgzip_bcftools_index/20201028_CCDG_14151_B01_GRM_WGS_2020-08-05_chrY.recalibrated_variants.pass.singleton.SAS_singleton.vcf.gz
#
# Definition of sets:
# ID	[2]id	[3]tab-separated file names
ID	0	/cromwell_root/fc-51aefb1c-4e8e-4dcb-a59c-62e318ea351a/b14e0395-8e39-458e-a5bf-709b72022f9c/subset_vcf_sample_list/6f92fe78-560c-49d0-a485-b10a61c6ca23/call-bgzip_bcftools_index/20201028_CCDG_14151_B01_GRM_WGS_2020-08-05_chrY.recalibrated_variants.pass.singleton.SAS_singleton.vcf.gz
# SN, Summary numbers:
#   number of records   .. number of data rows in the VCF
#   number of no-ALTs   .. reference-only sites, ALT is either "." or identical to REF
#   number of SNPs      .. number of rows with a SNP
#   number of MNPs      .. number of rows with a MNP, such as CC>TT
#   number of indels    .. number of rows with an indel
#   number of others    .. number of rows with other type, for example a symbolic allele or
#                          a complex substitution, such as ACT>TCGA
#   number of multiallelic sites     .. number of rows with multiple alternate alleles
#   number of multiallelic SNP sites .. number of rows with multiple alternate alleles, all SNPs
# 
#   Note that rows containing multiple types will be counted multiple times, in each
#   counter. For example, a row with a SNP and an indel increments both the SNP and
#   the indel counter.
# 
# SN	[2]id	[3]key	[4]value
SN	0	number of samples:	516
SN	0	number of records:	152242
SN	0	number of no-ALTs:	0
SN	0	number of SNPs:	142594
SN	0	number of MNPs:	0
SN	0	number of indels:	10264
SN	0	number of others:	875
SN	0	number of multiallelic sites:	5308
SN	0	number of multiallelic SNP sites:	2358
# TSTV, transitions/transversions:
# TSTV	[2]id	[3]ts	[4]tv	[5]ts/tv	[6]ts (1st ALT)	[7]tv (1st ALT)	[8]ts/tv (1st ALT)
TSTV	0	85668	57991	1.48	84869	56901	1.49
# SiS, Singleton stats:
# SiS	[2]id	[3]allele count	[4]number of SNPs	[5]number of transitions	[6]number of transversions	[7]number of indels	[8]repeat-consistent	[9]repeat-inconsistent	[10]not applicable
SiS	0	1	24310	14524	9786	2140	0	0	2140
# AF, Stats by non-reference allele frequency:
# AF	[2]id	[3]allele frequency	[4]number of SNPs	[5]number of transitions	[6]number of transversions	[7]number of indels	[8]repeat-consistent	[9]repeat-inconsistent	[10]not applicable
AF	0	0.000000	125659	75068	50591	9974	0	0	9974
AF	0	0.005814	4309	2634	1675	616	0	0	616
AF	0	0.007752	178	73	105	78	0	0	78
AF	0	0.009690	2603	1650	953	389	0	0	389
AF	0	0.011628	100	42	58	56	0	0	56
AF	0	0.013566	956	563	393	242	0	0	242
AF	0	0.015504	58	20	38	42	0	0	42
AF	0	0.017442	310	193	117	153	0	0	153
AF	0	0.019380	45	16	29	23	0	0	23
AF	0	0.021318	329	195	134	111	0	0	111
AF	0	0.023256	42	18	24	20	0	0	20
AF	0	0.025194	544	331	213	123	0	0	123
AF	0	0.027132	162	89	73	64	0	0	64
AF	0	0.029070	54	32	22	43	0	0	43
AF	0	0.031008	259	135	124	60	0	0	60
AF	0	0.032946	32	15	17	18	0	0	18
AF	0	0.034884	69	43	26	45	0	0	45
AF	0	0.036822	21	10	11	21	0	0	21
AF	0	0.038760	115	65	50	49	0	0	49
AF	0	0.040698	25	10	15	21	0	0	21
AF	0	0.042636	518	306	212	61	0	0	61
AF	0	0.044574	24	12	12	20	0	0	20
AF	0	0.046512	136	68	68	36	0	0	36
AF	0	0.048450	13	6	7	11	0	0	11
AF	0	0.050388	197	125	72	55	0	0	55
AF	0	0.052326	44	22	22	15	0	0	15
AF	0	0.054264	43	19	24	20	0	0	20
AF	0	0.056202	28	13	15	29	0	0	29
AF	0	0.058140	21	10	11	29	0	0	29
AF	0	0.060078	415	248	167	46	0	0	46
AF	0	0.062016	89	54	35	19	0	0	19
AF	0	0.063953	554	350	204	63	0	0	63
AF	0	0.065891	32	13	19	9	0	0	9
AF	0	0.067829	35	18	17	25	0	0	25
AF	0	0.069767	32	13	19	13	0	0	13
AF	0	0.071705	161	96	65	36	0	0	36
AF	0	0.073643	13	9	4	5	0	0	5
AF	0	0.075581	56	33	23	25	0	0	25
AF	0	0.077519	24	7	17	6	0	0	6
AF	0	0.079457	50	25	25	37	0	0	37
AF	0	0.081395	107	66	41	18	0	0	18
AF	0	0.083333	39	19	20	17	0	0	17
AF	0	0.085271	25	14	11	16	0	0	16
AF	0	0.087209	14	9	5	9	0	0	9
AF	0	0.089147	17	8	9	16	0	0	16
AF	0	0.091085	11	5	6	10	0	0	10
AF	0	0.093023	27	16	11	18	0	0	18
AF	0	0.094961	17	7	10	7	0	0	7
AF	0	0.096899	432	263	169	35	0	0	35
AF	0	0.098837	12	5	7	9	0	0	9
AF	0	0.100775	28	15	13	14	0	0	14
AF	0	0.102713	13	6	7	6	0	0	6
AF	0	0.104651	22	10	12	15	0	0	15
AF	0	0.106589	19	9	10	6	0	0	6
AF	0	0.108527	6	3	3	7	0	0	7
AF	0	0.110465	16	6	10	8	0	0	8
AF	0	0.112403	15	10	5	8	0	0	8
AF	0	0.114341	11	7	4	18	0	0	18
AF	0	0.116279	19	14	5	8	0	0	8
AF	0	0.118217	15	9	6	12	0	0	12
AF	0	0.120155	42	26	16	14	0	0	14
AF	0	0.122093	239	170	69	24	0	0	24
AF	0	0.124031	49	35	14	12	0	0	12
AF	0	0.125969	41	24	17	16	0	0	16
AF	0	0.127907	10	6	4	10	0	0	10
AF	0	0.129845	213	128	85	21	0	0	21
AF	0	0.131783	21	14	7	5	0	0	5
AF	0	0.133721	123	73	50	22	0	0	22
AF	0	0.135659	8	1	7	9	0	0	9
AF	0	0.137597	12	7	5	6	0	0	6
AF	0	0.139535	8	4	4	10	0	0	10
AF	0	0.141473	10	5	5	10	0	0	10
AF	0	0.143411	16	9	7	13	0	0	13
AF	0	0.145349	13	7	6	7	0	0	7
AF	0	0.147287	10	6	4	9	0	0	9
AF	0	0.149225	7	0	7	10	0	0	10
AF	0	0.151163	29	15	14	9	0	0	9
AF	0	0.153101	9	4	5	7	0	0	7
AF	0	0.155039	8	4	4	7	0	0	7
AF	0	0.156977	6	4	2	6	0	0	6
AF	0	0.158915	8	3	5	11	0	0	11
AF	0	0.160853	6	2	4	7	0	0	7
AF	0	0.162791	11	4	7	5	0	0	5
AF	0	0.164729	3	2	1	8	0	0	8
AF	0	0.166667	5	2	3	6	0	0	6
AF	0	0.168605	13	6	7	9	0	0	9
AF	0	0.170543	15	8	7	2	0	0	2
AF	0	0.172481	264	164	100	19	0	0	19
AF	0	0.174419	55	32	23	5	0	0	5
AF	0	0.176357	14	9	5	12	0	0	12
AF	0	0.178295	9	8	1	3	0	0	3
AF	0	0.180233	11	6	5	6	0	0	6
AF	0	0.182171	12	8	4	2	0	0	2
AF	0	0.184109	10	4	6	9	0	0	9
AF	0	0.186047	8	5	3	4	0	0	4
AF	0	0.187984	5	3	2	6	0	0	6
AF	0	0.189922	8	3	5	4	0	0	4
AF	0	0.191860	9	6	3	5	0	0	5
AF	0	0.193798	86	48	38	10	0	0	10
AF	0	0.195736	28	19	9	6	0	0	6
AF	0	0.197674	6	4	2	4	0	0	4
AF	0	0.199612	5	3	2	7	0	0	7
AF	0	0.201550	7	4	3	5	0	0	5
AF	0	0.203488	9	5	4	4	0	0	4
AF	0	0.205426	9	6	3	6	0	0	6
AF	0	0.207364	7	2	5	2	0	0	2
AF	0	0.209302	6	3	3	8	0	0	8
AF	0	0.211240	7	3	4	0	0	0	0
AF	0	0.213178	5	5	0	9	0	0	9
AF	0	0.215116	11	3	8	1	0	0	1
AF	0	0.217054	12	10	2	2	0	0	2
AF	0	0.218992	8	5	3	3	0	0	3
AF	0	0.220930	11	4	7	6	0	0	6
AF	0	0.222868	15	6	9	2	0	0	2
AF	0	0.224806	13	6	7	0	0	0	0
AF	0	0.226744	8	5	3	4	0	0	4
AF	0	0.228682	15	9	6	3	0	0	3
AF	0	0.230620	10	5	5	4	0	0	4
AF	0	0.232558	7	5	2	2	0	0	2
AF	0	0.234496	10	7	3	3	0	0	3
AF	0	0.236434	6	2	4	4	0	0	4
AF	0	0.238372	48	20	28	3	0	0	3
AF	0	0.240310	7	5	2	1	0	0	1
AF	0	0.242248	5	2	3	5	0	0	5
AF	0	0.244186	6	5	1	1	0	0	1
AF	0	0.246124	6	4	2	2	0	0	2
AF	0	0.248062	7	3	4	6	0	0	6
AF	0	0.250000	6	2	4	3	0	0	3
AF	0	0.251938	5	4	1	2	0	0	2
AF	0	0.253876	14	5	9	4	0	0	4
AF	0	0.255814	11	7	4	5	0	0	5
AF	0	0.257752	9	7	2	1	0	0	1
AF	0	0.259690	7	4	3	4	0	0	4
AF	0	0.261628	3	1	2	4	0	0	4
AF	0	0.263566	15	9	6	4	0	0	4
AF	0	0.265504	10	8	2	2	0	0	2
AF	0	0.267442	204	122	82	12	0	0	12
AF	0	0.269380	53	34	19	7	0	0	7
AF	0	0.271318	5	4	1	3	0	0	3
AF	0	0.273256	3	2	1	6	0	0	6
AF	0	0.275194	4	2	2	3	0	0	3
AF	0	0.277132	9	5	4	6	0	0	6
AF	0	0.279070	3	1	2	7	0	0	7
AF	0	0.281008	7	3	4	3	0	0	3
AF	0	0.282946	5	3	2	1	0	0	1
AF	0	0.284884	11	7	4	3	0	0	3
AF	0	0.286822	2	2	0	0	0	0	0
AF	0	0.288760	6	3	3	2	0	0	2
AF	0	0.290698	3	2	1	4	0	0	4
AF	0	0.292636	7	1	6	3	0	0	3
AF	0	0.294574	10	7	3	2	0	0	2
AF	0	0.296512	8	4	4	3	0	0	3
AF	0	0.298450	1	1	0	1	0	0	1
AF	0	0.300388	5	3	2	1	0	0	1
AF	0	0.302326	9	4	5	3	0	0	3
AF	0	0.304264	4	3	1	3	0	0	3
AF	0	0.306202	1	1	0	3	0	0	3
AF	0	0.308140	7	3	4	5	0	0	5
AF	0	0.310078	4	3	1	5	0	0	5
AF	0	0.312016	5	4	1	1	0	0	1
AF	0	0.313953	7	5	2	4	0	0	4
AF	0	0.315891	2	1	1	0	0	0	0
AF	0	0.317829	6	4	2	3	0	0	3
AF	0	0.319767	4	1	3	1	0	0	1
AF	0	0.321705	5	1	4	1	0	0	1
AF	0	0.323643	4	2	2	4	0	0	4
AF	0	0.325581	6	5	1	2	0	0	2
AF	0	0.327519	9	3	6	4	0	0	4
AF	0	0.329457	3	1	2	3	0	0	3
AF	0	0.331395	14	9	5	1	0	0	1
AF	0	0.333333	1	0	1	0	0	0	0
AF	0	0.335271	4	1	3	4	0	0	4
AF	0	0.337209	8	3	5	5	0	0	5
AF	0	0.339147	2	1	1	4	0	0	4
AF	0	0.341085	4	1	3	4	0	0	4
AF	0	0.343023	6	3	3	2	0	0	2
AF	0	0.344961	6	5	1	0	0	0	0
AF	0	0.346899	6	3	3	5	0	0	5
AF	0	0.348837	3	2	1	4	0	0	4
AF	0	0.350775	12	7	5	2	0	0	2
AF	0	0.352713	2	0	2	1	0	0	1
AF	0	0.354651	9	7	2	1	0	0	1
AF	0	0.356589	6	3	3	3	0	0	3
AF	0	0.358527	4	2	2	0	0	0	0
AF	0	0.360465	2	2	0	2	0	0	2
AF	0	0.362403	2	2	0	2	0	0	2
AF	0	0.364341	6	3	3	1	0	0	1
AF	0	0.366279	4	2	2	2	0	0	2
AF	0	0.368217	2	1	1	1	0	0	1
AF	0	0.370155	7	4	3	2	0	0	2
AF	0	0.372093	4	0	4	3	0	0	3
AF	0	0.374031	5	3	2	0	0	0	0
AF	0	0.375969	6	2	4	4	0	0	4
AF	0	0.377907	2	2	0	2	0	0	2
AF	0	0.379845	6	2	4	2	0	0	2
AF	0	0.383721	6	0	6	2	0	0	2
AF	0	0.385659	3	1	2	2	0	0	2
AF	0	0.387597	4	2	2	1	0	0	1
AF	0	0.389535	6	4	2	0	0	0	0
AF	0	0.391473	2	1	1	2	0	0	2
AF	0	0.393411	2	1	1	0	0	0	0
AF	0	0.395349	2	2	0	1	0	0	1
AF	0	0.397287	2	2	0	2	0	0	2
AF	0	0.399225	2	0	2	5	0	0	5
AF	0	0.401163	3	0	3	2	0	0	2
AF	0	0.403101	5	2	3	0	0	0	0
AF	0	0.405039	3	2	1	0	0	0	0
AF	0	0.406977	4	3	1	2	0	0	2
AF	0	0.408915	4	3	1	1	0	0	1
AF	0	0.410853	2	1	1	0	0	0	0
AF	0	0.412791	3	1	2	2	0	0	2
AF	0	0.414729	1	0	1	2	0	0	2
AF	0	0.416667	6	3	3	3	0	0	3
AF	0	0.418605	6	2	4	2	0	0	2
AF	0	0.420543	1	0	1	2	0	0	2
AF	0	0.422481	3	2	1	0	0	0	0
AF	0	0.424419	4	4	0	3	0	0	3
AF	0	0.426357	4	2	2	3	0	0	3
AF	0	0.428295	2	1	1	1	0	0	1
AF	0	0.430233	0	0	0	3	0	0	3
AF	0	0.432171	1	1	0	1	0	0	1
AF	0	0.434109	1	1	0	0	0	0	0
AF	0	0.436047	3	2	1	0	0	0	0
AF	0	0.437984	3	0	3	0	0	0	0
AF	0	0.439922	2	1	1	2	0	0	2
AF	0	0.441860	4	0	4	3	0	0	3
AF	0	0.443798	4	2	2	2	0	0	2
AF	0	0.445736	3	1	2	1	0	0	1
AF	0	0.447674	2	2	0	6	0	0	6
AF	0	0.449612	2	1	1	0	0	0	0
AF	0	0.451550	5	1	4	4	0	0	4
AF	0	0.453488	3	0	3	2	0	0	2
AF	0	0.455426	0	0	0	4	0	0	4
AF	0	0.457364	21	10	11	1	0	0	1
AF	0	0.459302	2	1	1	2	0	0	2
AF	0	0.461240	0	0	0	2	0	0	2
AF	0	0.463178	4	2	2	0	0	0	0
AF	0	0.465116	1	1	0	2	0	0	2
AF	0	0.467054	2	2	0	1	0	0	1
AF	0	0.468992	2	2	0	2	0	0	2
AF	0	0.470930	4	1	3	0	0	0	0
AF	0	0.472868	3	2	1	1	0	0	1
AF	0	0.474806	2	0	2	0	0	0	0
AF	0	0.476744	2	1	1	1	0	0	1
AF	0	0.478682	3	3	0	2	0	0	2
AF	0	0.480620	2	0	2	4	0	0	4
AF	0	0.482558	2	1	1	0	0	0	0
AF	0	0.484496	2	2	0	0	0	0	0
AF	0	0.486434	3	2	1	1	0	0	1
AF	0	0.488372	2	2	0	1	0	0	1
AF	0	0.490310	3	1	2	0	0	0	0
AF	0	0.492248	0	0	0	1	0	0	1
AF	0	0.494186	1	1	0	1	0	0	1
AF	0	0.496124	4	1	3	0	0	0	0
AF	0	0.498062	3	1	2	3	0	0	3
AF	0	0.500000	1	0	1	0	0	0	0
AF	0	0.501938	4	2	2	5	0	0	5
AF	0	0.503876	2	1	1	1	0	0	1
AF	0	0.505814	2	2	0	3	0	0	3
AF	0	0.507752	1	0	1	1	0	0	1
AF	0	0.509690	2	1	1	2	0	0	2
AF	0	0.511628	3	1	2	1	0	0	1
AF	0	0.513566	3	0	3	1	0	0	1
AF	0	0.517442	2	1	1	0	0	0	0
AF	0	0.519380	5	1	4	1	0	0	1
AF	0	0.521318	0	0	0	2	0	0	2
AF	0	0.523256	1	0	1	1	0	0	1
AF	0	0.525194	3	1	2	0	0	0	0
AF	0	0.527132	3	1	2	1	0	0	1
AF	0	0.529070	7	4	3	0	0	0	0
AF	0	0.531008	0	0	0	1	0	0	1
AF	0	0.532946	4	1	3	0	0	0	0
AF	0	0.534884	5	3	2	2	0	0	2
AF	0	0.536822	1	1	0	0	0	0	0
AF	0	0.538760	5	3	2	1	0	0	1
AF	0	0.540698	1	1	0	1	0	0	1
AF	0	0.542636	5	3	2	1	0	0	1
AF	0	0.544574	6	2	4	2	0	0	2
AF	0	0.546512	2	1	1	2	0	0	2
AF	0	0.548450	2	0	2	2	0	0	2
AF	0	0.550388	3	1	2	0	0	0	0
AF	0	0.552326	0	0	0	2	0	0	2
AF	0	0.554264	3	1	2	0	0	0	0
AF	0	0.556202	1	0	1	1	0	0	1
AF	0	0.558140	0	0	0	1	0	0	1
AF	0	0.560078	5	3	2	1	0	0	1
AF	0	0.562016	6	3	3	0	0	0	0
AF	0	0.563953	4	2	2	1	0	0	1
AF	0	0.565891	2	2	0	3	0	0	3
AF	0	0.569767	5	2	3	4	0	0	4
AF	0	0.571705	3	3	0	2	0	0	2
AF	0	0.573643	42	29	13	2	0	0	2
AF	0	0.575581	5	3	2	1	0	0	1
AF	0	0.577519	177	108	69	3	0	0	3
AF	0	0.579457	1	0	1	1	0	0	1
AF	0	0.581395	3	1	2	1	0	0	1
AF	0	0.583333	1	1	0	0	0	0	0
AF	0	0.585271	2	2	0	1	0	0	1
AF	0	0.587209	4	1	3	0	0	0	0
AF	0	0.589147	6	1	5	3	0	0	3
AF	0	0.591085	3	1	2	0	0	0	0
AF	0	0.593023	7	2	5	2	0	0	2
AF	0	0.594961	1	1	0	0	0	0	0
AF	0	0.596899	5	1	4	0	0	0	0
AF	0	0.598837	17	12	5	0	0	0	0
AF	0	0.600775	4	1	3	1	0	0	1
AF	0	0.602713	65	38	27	1	0	0	1
AF	0	0.604651	1	0	1	0	0	0	0
AF	0	0.606589	3	1	2	0	0	0	0
AF	0	0.608527	3	2	1	0	0	0	0
AF	0	0.610465	2	2	0	0	0	0	0
AF	0	0.612403	3	1	2	1	0	0	1
AF	0	0.614341	6	3	3	0	0	0	0
AF	0	0.616279	1	1	0	1	0	0	1
AF	0	0.618217	3	2	1	0	0	0	0
AF	0	0.620155	3	2	1	2	0	0	2
AF	0	0.622093	1	1	0	0	0	0	0
AF	0	0.624031	2	1	1	2	0	0	2
AF	0	0.627907	3	0	3	1	0	0	1
AF	0	0.629845	4	3	1	0	0	0	0
AF	0	0.631783	4	3	1	0	0	0	0
AF	0	0.633721	0	0	0	2	0	0	2
AF	0	0.635659	1	0	1	1	0	0	1
AF	0	0.637597	1	0	1	0	0	0	0
AF	0	0.639535	1	0	1	0	0	0	0
AF	0	0.641473	3	1	2	0	0	0	0
AF	0	0.643411	2	2	0	0	0	0	0
AF	0	0.645349	8	4	4	0	0	0	0
AF	0	0.647287	2	1	1	0	0	0	0
AF	0	0.649225	4	1	3	0	0	0	0
AF	0	0.651163	4	2	2	1	0	0	1
AF	0	0.653101	3	3	0	1	0	0	1
AF	0	0.655039	1	1	0	0	0	0	0
AF	0	0.656977	3	1	2	0	0	0	0
AF	0	0.658915	1	1	0	2	0	0	2
AF	0	0.660853	1	1	0	0	0	0	0
AF	0	0.662791	1	0	1	0	0	0	0
AF	0	0.664729	6	3	3	1	0	0	1
AF	0	0.666667	3	2	1	3	0	0	3
AF	0	0.668605	2	1	1	0	0	0	0
AF	0	0.670543	3	2	1	1	0	0	1
AF	0	0.672481	3	1	2	1	0	0	1
AF	0	0.674419	4	1	3	1	0	0	1
AF	0	0.676357	2	1	1	0	0	0	0
AF	0	0.678295	5	4	1	1	0	0	1
AF	0	0.680233	4	2	2	0	0	0	0
AF	0	0.682171	2	2	0	1	0	0	1
AF	0	0.684109	4	1	3	1	0	0	1
AF	0	0.686047	2	1	1	1	0	0	1
AF	0	0.687984	2	2	0	0	0	0	0
AF	0	0.689922	1	1	0	2	0	0	2
AF	0	0.691860	2	2	0	0	0	0	0
AF	0	0.693798	3	0	3	0	0	0	0
AF	0	0.695736	1	0	1	2	0	0	2
AF	0	0.697674	2	1	1	0	0	0	0
AF	0	0.699612	4	4	0	1	0	0	1
AF	0	0.701550	2	2	0	0	0	0	0
AF	0	0.703488	5	4	1	3	0	0	3
AF	0	0.705426	2	2	0	0	0	0	0
AF	0	0.707364	3	1	2	3	0	0	3
AF	0	0.709302	1	0	1	0	0	0	0
AF	0	0.711240	5	2	3	0	0	0	0
AF	0	0.713178	2	2	0	1	0	0	1
AF	0	0.715116	1	0	1	2	0	0	2
AF	0	0.717054	2	1	1	0	0	0	0
AF	0	0.718992	2	1	1	3	0	0	3
AF	0	0.720930	4	4	0	0	0	0	0
AF	0	0.722868	14	9	5	0	0	0	0
AF	0	0.724806	2	1	1	0	0	0	0
AF	0	0.726744	56	35	21	2	0	0	2
AF	0	0.728682	3	2	1	0	0	0	0
AF	0	0.730620	3	1	2	0	0	0	0
AF	0	0.732558	5	4	1	1	0	0	1
AF	0	0.734496	3	0	3	0	0	0	0
AF	0	0.736434	3	3	0	1	0	0	1
AF	0	0.740310	3	1	2	1	0	0	1
AF	0	0.746124	1	0	1	1	0	0	1
AF	0	0.748062	0	0	0	2	0	0	2
AF	0	0.750000	4	2	2	0	0	0	0
AF	0	0.751938	1	1	0	0	0	0	0
AF	0	0.753876	4	4	0	1	0	0	1
AF	0	0.755814	1	0	1	0	0	0	0
AF	0	0.757752	3	0	3	0	0	0	0
AF	0	0.759690	2	1	1	0	0	0	0
AF	0	0.761628	4	1	3	0	0	0	0
AF	0	0.763566	1	1	0	0	0	0	0
AF	0	0.765504	5	3	2	0	0	0	0
AF	0	0.767442	3	1	2	2	0	0	2
AF	0	0.769380	2	1	1	2	0	0	2
AF	0	0.771318	2	1	1	1	0	0	1
AF	0	0.773256	4	1	3	1	0	0	1
AF	0	0.775194	2	2	0	2	0	0	2
AF	0	0.777132	1	0	1	1	0	0	1
AF	0	0.781008	1	0	1	0	0	0	0
AF	0	0.782946	6	5	1	0	0	0	0
AF	0	0.784884	4	1	3	0	0	0	0
AF	0	0.786822	2	2	0	0	0	0	0
AF	0	0.788760	5	3	2	1	0	0	1
AF	0	0.790698	2	1	1	0	0	0	0
AF	0	0.792636	3	1	2	0	0	0	0
AF	0	0.794574	7	1	6	0	0	0	0
AF	0	0.796512	1	1	0	0	0	0	0
AF	0	0.798450	5	2	3	2	0	0	2
AF	0	0.800388	1	0	1	1	0	0	1
AF	0	0.802326	3	3	0	0	0	0	0
AF	0	0.804264	4	3	1	0	0	0	0
AF	0	0.806202	2	2	0	1	0	0	1
AF	0	0.808140	2	1	1	0	0	0	0
AF	0	0.810078	2	2	0	0	0	0	0
AF	0	0.812016	4	2	2	0	0	0	0
AF	0	0.813953	2	1	1	1	0	0	1
AF	0	0.815891	4	2	2	0	0	0	0
AF	0	0.817829	3	1	2	0	0	0	0
AF	0	0.819767	3	1	2	0	0	0	0
AF	0	0.823643	3	2	1	2	0	0	2
AF	0	0.825581	2	2	0	0	0	0	0
AF	0	0.827519	5	2	3	0	0	0	0
AF	0	0.829457	3	2	1	1	0	0	1
AF	0	0.831395	2	1	1	0	0	0	0
AF	0	0.833333	1	0	1	0	0	0	0
AF	0	0.835271	2	0	2	0	0	0	0
AF	0	0.837209	6	2	4	0	0	0	0
AF	0	0.839147	2	1	1	0	0	0	0
AF	0	0.841085	6	3	3	0	0	0	0
AF	0	0.843023	4	3	1	0	0	0	0
AF	0	0.844961	1	1	0	0	0	0	0
AF	0	0.846899	4	3	1	1	0	0	1
AF	0	0.848837	7	3	4	0	0	0	0
AF	0	0.850775	2	0	2	1	0	0	1
AF	0	0.852713	8	6	2	1	0	0	1
AF	0	0.854651	0	0	0	1	0	0	1
AF	0	0.856589	2	1	1	0	0	0	0
AF	0	0.858527	5	3	2	0	0	0	0
AF	0	0.860465	2	0	2	0	0	0	0
AF	0	0.862403	3	3	0	2	0	0	2
AF	0	0.866279	5	4	1	0	0	0	0
AF	0	0.868217	2	1	1	0	0	0	0
AF	0	0.870155	5	3	2	1	0	0	1
AF	0	0.872093	3	0	3	0	0	0	0
AF	0	0.874031	7	4	3	3	0	0	3
AF	0	0.875969	3	0	3	1	0	0	1
AF	0	0.877907	6	2	4	1	0	0	1
AF	0	0.879845	3	1	2	0	0	0	0
AF	0	0.881783	4	3	1	2	0	0	2
AF	0	0.883721	2	1	1	1	0	0	1
AF	0	0.885659	2	1	1	1	0	0	1
AF	0	0.887597	5	2	3	0	0	0	0
AF	0	0.889535	3	0	3	0	0	0	0
AF	0	0.891473	7	4	3	1	0	0	1
AF	0	0.893411	4	2	2	0	0	0	0
AF	0	0.895349	6	4	2	1	0	0	1
AF	0	0.897287	2	2	0	0	0	0	0
AF	0	0.899225	3	1	2	0	0	0	0
AF	0	0.901163	4	2	2	0	0	0	0
AF	0	0.903101	3	1	2	0	0	0	0
AF	0	0.905039	2	1	1	0	0	0	0
AF	0	0.906977	0	0	0	3	0	0	3
AF	0	0.908915	4	2	2	0	0	0	0
AF	0	0.910853	6	4	2	1	0	0	1
AF	0	0.912791	3	2	1	0	0	0	0
AF	0	0.914729	2	1	1	1	0	0	1
AF	0	0.916667	5	1	4	1	0	0	1
AF	0	0.918605	2	0	2	1	0	0	1
AF	0	0.920543	4	4	0	0	0	0	0
AF	0	0.922481	5	2	3	0	0	0	0
AF	0	0.924419	7	4	3	0	0	0	0
AF	0	0.928295	8	7	1	1	0	0	1
AF	0	0.930233	4	2	2	0	0	0	0
AF	0	0.932171	4	1	3	0	0	0	0
AF	0	0.934109	4	2	2	0	0	0	0
AF	0	0.936047	5	3	2	0	0	0	0
AF	0	0.937984	4	1	3	0	0	0	0
AF	0	0.939922	7	2	5	2	0	0	2
AF	0	0.941860	8	5	3	0	0	0	0
AF	0	0.943798	7	5	2	0	0	0	0
AF	0	0.945736	6	1	5	1	0	0	1
AF	0	0.947674	3	1	2	0	0	0	0
AF	0	0.949612	6	4	2	1	0	0	1
AF	0	0.951550	2	2	0	0	0	0	0
AF	0	0.953488	8	3	5	1	0	0	1
AF	0	0.955426	6	2	4	1	0	0	1
AF	0	0.957364	4	3	1	0	0	0	0
AF	0	0.959302	0	0	0	1	0	0	1
AF	0	0.961240	7	4	3	1	0	0	1
AF	0	0.963178	2	1	1	0	0	0	0
AF	0	0.965116	5	4	1	2	0	0	2
AF	0	0.967054	6	4	2	0	0	0	0
AF	0	0.968992	6	0	6	1	0	0	1
AF	0	0.970930	9	4	5	2	0	0	2
AF	0	0.972868	2	2	0	0	0	0	0
AF	0	0.974806	10	4	6	1	0	0	1
AF	0	0.976744	5	2	3	0	0	0	0
AF	0	0.978682	12	7	5	1	0	0	1
AF	0	0.980620	4	3	1	0	0	0	0
AF	0	0.982558	15	8	7	2	0	0	2
AF	0	0.984496	5	4	1	0	0	0	0
AF	0	0.986434	27	10	17	2	0	0	2
AF	0	0.988372	4	1	3	0	0	0	0
AF	0	0.990310	40	25	15	5	0	0	5
AF	0	0.992248	12	3	9	1	0	0	1
AF	0	0.994186	271	169	102	7	0	0	7
AF	0	0.998062	384	197	187	49	0	0	49
# QUAL, Stats by quality:
# QUAL	[2]id	[3]Quality	[4]number of SNPs	[5]number of transitions (1st ALT)	[6]number of transversions (1st ALT)	[7]number of indels
QUAL	0	30	11	8	3	1
QUAL	0	31	32	17	15	1
QUAL	0	32	30	13	17	0
QUAL	0	33	23	13	10	1
QUAL	0	34	16	9	7	2
QUAL	0	35	18	14	4	1
QUAL	0	36	28	13	15	0
QUAL	0	37	353	176	177	6
QUAL	0	38	48	20	28	0
QUAL	0	39	14	5	9	0
QUAL	0	40	13	7	6	0
QUAL	0	41	46	20	26	0
QUAL	0	42	41	19	22	2
QUAL	0	43	25	12	13	3
QUAL	0	44	16	7	9	2
QUAL	0	45	31	12	19	0
QUAL	0	46	25	10	15	1
QUAL	0	47	24	11	13	1
QUAL	0	48	49	24	25	1
QUAL	0	49	25	12	13	2
QUAL	0	50	37	21	16	0
QUAL	0	51	257	121	136	0
QUAL	0	52	45	23	22	0
QUAL	0	53	49	30	19	1
QUAL	0	54	20	7	13	1
QUAL	0	55	24	13	11	1
QUAL	0	56	21	10	11	1
QUAL	0	57	18	7	11	3
QUAL	0	58	24	12	12	0
QUAL	0	59	28	18	10	1
QUAL	0	60	15	6	9	2
QUAL	0	61	55	23	32	2
QUAL	0	62	19	10	9	2
QUAL	0	63	18	9	9	0
QUAL	0	64	18	9	9	1
QUAL	0	65	20	11	9	0
QUAL	0	66	34	16	18	1
QUAL	0	67	21	9	12	0
QUAL	0	68	22	8	14	1
QUAL	0	69	24	8	16	0
QUAL	0	70	32	15	17	0
QUAL	0	71	37	16	21	1
QUAL	0	72	29	12	17	4
QUAL	0	73	13	6	7	19
QUAL	0	74	17	11	6	2
QUAL	0	75	22	9	13	2
QUAL	0	76	43	27	16	0
QUAL	0	77	32	16	16	2
QUAL	0	78	30	17	13	1
QUAL	0	79	13	7	6	1
QUAL	0	80	31	12	19	0
QUAL	0	81	27	12	15	1
QUAL	0	82	159	82	77	3
QUAL	0	83	33	20	13	2
QUAL	0	84	32	13	19	0
QUAL	0	85	34	16	18	1
QUAL	0	86	270	150	120	0
QUAL	0	87	38	19	19	2
QUAL	0	88	18	11	7	0
QUAL	0	89	18	8	10	7
QUAL	0	90	21	7	14	3
QUAL	0	91	22	7	15	1
QUAL	0	92	18	7	11	2
QUAL	0	93	18	9	9	2
QUAL	0	94	17	10	7	0
QUAL	0	95	28	13	15	0
QUAL	0	96	54	32	22	0
QUAL	0	97	10	5	5	0
QUAL	0	98	45	20	25	2
QUAL	0	99	17	6	11	0
QUAL	0	100	20	10	10	0
QUAL	0	101	46	29	17	1
QUAL	0	102	21	7	14	2
QUAL	0	103	16	7	9	0
QUAL	0	104	20	13	7	0
QUAL	0	105	19	11	8	1
QUAL	0	106	23	10	13	2
QUAL	0	107	14	3	11	2
QUAL	0	108	14	6	8	3
QUAL	0	109	29	14	15	0
QUAL	0	110	17	8	9	0
QUAL	0	111	55	30	25	1
QUAL	0	112	24	12	12	3
QUAL	0	113	15	4	11	2
QUAL	0	114	23	12	11	0
QUAL	0	115	22	12	10	1
QUAL	0	116	16	5	11	1
QUAL	0	117	29	11	18	2
QUAL	0	118	34	20	14	23
QUAL	0	119	22	8	14	2
QUAL	0	120	51	20	31	3
QUAL	0	121	305	158	147	2
QUAL	0	122	27	13	14	1
QUAL	0	123	9	4	5	4
QUAL	0	124	26	12	14	2
QUAL	0	125	10	8	2	2
QUAL	0	126	17	6	11	1
QUAL	0	127	87	36	51	4
QUAL	0	128	29	12	17	2
QUAL	0	129	18	8	10	0
QUAL	0	130	65	30	35	2
QUAL	0	131	24	10	14	3
QUAL	0	132	10	6	4	2
QUAL	0	133	20	10	10	1
QUAL	0	134	14	9	5	5
QUAL	0	135	18	8	10	0
QUAL	0	136	32	15	17	1
QUAL	0	137	18	8	10	1
QUAL	0	138	16	9	7	1
QUAL	0	139	16	8	8	0
QUAL	0	140	23	18	5	5
QUAL	0	141	23	10	13	5
QUAL	0	142	21	13	8	2
QUAL	0	143	27	13	14	2
QUAL	0	144	21	9	12	2
QUAL	0	145	20	10	10	2
QUAL	0	146	66	37	29	0
QUAL	0	147	33	19	14	0
QUAL	0	148	16	10	6	2
QUAL	0	149	27	17	10	2
QUAL	0	150	29	15	14	0
QUAL	0	151	14	6	8	1
QUAL	0	152	25	11	14	3
QUAL	0	153	46	20	26	2
QUAL	0	154	34	14	20	3
QUAL	0	155	73	39	34	1
QUAL	0	156	393	248	145	4
QUAL	0	157	26	9	17	3
QUAL	0	158	17	9	8	2
QUAL	0	159	25	12	13	6
QUAL	0	160	19	10	9	1
QUAL	0	161	19	10	9	3
QUAL	0	162	31	16	15	1
QUAL	0	163	14	7	7	16
QUAL	0	164	22	12	10	4
QUAL	0	165	89	56	33	0
QUAL	0	166	24	12	12	1
QUAL	0	167	14	5	9	2
QUAL	0	168	27	16	11	3
QUAL	0	169	13	5	8	0
QUAL	0	170	38	19	19	1
QUAL	0	171	13	6	7	0
QUAL	0	172	69	39	30	3
QUAL	0	173	18	5	13	5
QUAL	0	174	19	6	13	0
QUAL	0	175	28	21	7	4
QUAL	0	176	19	10	9	3
QUAL	0	177	24	11	13	2
QUAL	0	178	28	21	7	0
QUAL	0	179	21	11	9	1
QUAL	0	180	85	50	35	1
QUAL	0	181	46	19	27	1
QUAL	0	182	17	7	10	3
QUAL	0	183	15	6	9	0
QUAL	0	184	26	12	14	0
QUAL	0	185	24	13	11	0
QUAL	0	186	27	14	13	2
QUAL	0	187	48	31	17	3
QUAL	0	188	28	17	11	1
QUAL	0	189	34	17	17	1
QUAL	0	190	578	332	246	1
QUAL	0	191	36	24	12	1
QUAL	0	192	18	8	10	5
QUAL	0	193	26	13	13	2
QUAL	0	194	23	17	6	2
QUAL	0	195	24	13	11	4
QUAL	0	196	25	11	13	4
QUAL	0	197	24	14	10	3
QUAL	0	198	20	8	12	3
QUAL	0	199	24	12	12	5
QUAL	0	200	130	90	40	5
QUAL	0	201	21	9	12	1
QUAL	0	202	13	8	5	5
QUAL	0	203	11	5	6	2
QUAL	0	204	14	5	9	0
QUAL	0	205	65	34	31	1
QUAL	0	206	21	14	7	1
QUAL	0	207	28	19	9	2
QUAL	0	208	9	8	1	11
QUAL	0	209	40	27	13	1
QUAL	0	210	28	11	17	3
QUAL	0	211	13	8	5	1
QUAL	0	212	17	10	7	2
QUAL	0	213	34	20	14	3
QUAL	0	214	24	13	11	4
QUAL	0	215	111	62	49	1
QUAL	0	216	34	17	17	0
QUAL	0	217	58	30	28	5
QUAL	0	218	18	9	9	3
QUAL	0	219	61	30	31	2
QUAL	0	220	32	13	19	1
QUAL	0	221	24	14	10	1
QUAL	0	222	56	31	25	3
QUAL	0	223	38	26	11	2
QUAL	0	224	77	42	35	6
QUAL	0	225	790	471	319	2
QUAL	0	226	19	7	12	1
QUAL	0	227	31	12	19	1
QUAL	0	228	17	10	7	1
QUAL	0	229	19	7	12	1
QUAL	0	230	20	13	7	1
QUAL	0	231	19	10	9	3
QUAL	0	232	21	11	10	1
QUAL	0	233	42	16	26	2
QUAL	0	234	40	24	16	2
QUAL	0	235	143	89	54	3
QUAL	0	236	12	5	7	4
QUAL	0	237	19	7	12	2
QUAL	0	238	22	11	11	1
QUAL	0	239	33	17	16	1
QUAL	0	240	78	45	33	2
QUAL	0	241	21	10	11	2
QUAL	0	242	28	15	13	5
QUAL	0	243	18	7	11	1
QUAL	0	244	55	35	20	3
QUAL	0	245	33	22	11	1
QUAL	0	246	15	9	6	3
QUAL	0	247	26	13	13	4
QUAL	0	248	23	16	7	6
QUAL	0	249	32	20	12	3
QUAL	0	250	151	93	58	2
QUAL	0	251	46	27	19	2
QUAL	0	252	14	6	8	1
QUAL	0	253	17	11	6	23
QUAL	0	254	58	34	24	5
QUAL	0	255	23	12	11	5
QUAL	0	256	28	18	10	4
QUAL	0	257	91	50	41	4
QUAL	0	258	61	35	26	3
QUAL	0	259	180	116	63	6
QUAL	0	260	1110	653	457	2
QUAL	0	261	33	15	18	2
QUAL	0	262	52	35	17	2
QUAL	0	263	17	9	8	1
QUAL	0	264	29	18	11	3
QUAL	0	265	26	13	13	3
QUAL	0	266	45	19	26	1
QUAL	0	267	26	14	12	1
QUAL	0	268	28	23	5	1
QUAL	0	269	229	128	101	4
QUAL	0	270	20	13	6	4
QUAL	0	271	20	9	11	3
QUAL	0	272	18	7	11	1
QUAL	0	273	25	15	10	3
QUAL	0	274	43	31	12	3
QUAL	0	275	102	54	48	7
QUAL	0	276	12	3	9	0
QUAL	0	277	34	12	20	3
QUAL	0	278	30	16	14	1
QUAL	0	279	55	24	31	1
QUAL	0	280	36	20	14	4
QUAL	0	281	22	12	10	5
QUAL	0	282	26	16	10	2
QUAL	0	283	38	23	15	4
QUAL	0	284	76	54	22	4
QUAL	0	285	184	102	82	7
QUAL	0	286	50	33	17	8
QUAL	0	287	13	9	4	4
QUAL	0	288	39	26	12	5
QUAL	0	289	57	32	25	7
QUAL	0	290	26	14	12	3
QUAL	0	291	34	20	14	4
QUAL	0	292	107	68	39	5
QUAL	0	293	101	60	41	1
QUAL	0	294	237	139	98	3
QUAL	0	295	1412	850	562	1
QUAL	0	296	28	18	10	0
QUAL	0	297	15	7	8	5
QUAL	0	298	34	16	18	17
QUAL	0	299	32	15	17	5
QUAL	0	300	24	14	10	3
QUAL	0	301	27	16	10	7
QUAL	0	302	20	13	7	4
QUAL	0	303	50	23	27	8
QUAL	0	304	298	169	129	10
QUAL	0	305	39	16	22	2
QUAL	0	306	23	13	10	1
QUAL	0	307	68	33	35	3
QUAL	0	308	37	17	20	3
QUAL	0	309	184	109	75	8
QUAL	0	310	31	13	18	3
QUAL	0	311	26	13	13	4
QUAL	0	312	25	13	12	7
QUAL	0	313	30	16	14	9
QUAL	0	314	88	53	35	4
QUAL	0	315	19	6	13	3
QUAL	0	316	36	23	13	2
QUAL	0	317	48	28	20	4
QUAL	0	318	38	18	19	1
QUAL	0	319	307	186	121	1
QUAL	0	320	56	31	25	3
QUAL	0	321	28	14	14	2
QUAL	0	322	22	15	7	3
QUAL	0	323	72	37	35	6
QUAL	0	324	37	22	15	2
QUAL	0	325	24	13	11	3
QUAL	0	326	100	63	36	0
QUAL	0	327	76	42	33	1
QUAL	0	328	209	120	89	2
QUAL	0	329	1975	1186	789	1
QUAL	0	330	33	22	11	6
QUAL	0	331	20	14	6	6
QUAL	0	332	31	15	16	6
QUAL	0	333	29	19	10	13
QUAL	0	334	39	23	16	6
QUAL	0	335	26	12	13	3
QUAL	0	336	32	18	14	5
QUAL	0	337	34	13	21	0
QUAL	0	338	61	41	20	6
QUAL	0	339	344	196	148	1
QUAL	0	340	21	12	9	4
QUAL	0	341	25	14	11	5
QUAL	0	342	37	20	17	7
QUAL	0	343	48	28	20	66
QUAL	0	344	214	114	100	7
QUAL	0	345	23	10	13	6
QUAL	0	346	26	15	11	1
QUAL	0	347	27	17	10	4
QUAL	0	348	80	44	36	3
QUAL	0	349	45	24	21	4
QUAL	0	350	10	4	5	5
QUAL	0	351	37	19	18	0
QUAL	0	352	101	52	49	6
QUAL	0	353	57	33	23	3
QUAL	0	354	333	206	127	3
QUAL	0	355	70	33	37	1
QUAL	0	356	19	10	9	3
QUAL	0	357	22	8	14	3
QUAL	0	358	91	46	44	6
QUAL	0	359	44	18	26	3
QUAL	0	360	29	20	9	4
QUAL	0	361	121	74	47	4
QUAL	0	362	108	51	57	6
QUAL	0	363	243	146	96	8
QUAL	0	364	2211	1342	868	6
QUAL	0	365	28	18	10	7
QUAL	0	366	18	10	8	10
QUAL	0	367	19	12	7	9
QUAL	0	368	36	17	19	2
QUAL	0	369	52	30	22	1
QUAL	0	370	28	21	7	3
QUAL	0	371	28	14	14	3
QUAL	0	372	27	12	15	6
QUAL	0	373	107	71	36	10
QUAL	0	374	404	256	148	10
QUAL	0	375	15	10	5	1
QUAL	0	376	30	13	17	4
QUAL	0	377	49	33	16	10
QUAL	0	378	71	40	31	5
QUAL	0	379	268	160	108	8
QUAL	0	380	18	12	6	0
QUAL	0	381	37	21	16	2
QUAL	0	382	24	8	15	3
QUAL	0	383	86	57	29	14
QUAL	0	384	46	33	13	4
QUAL	0	385	24	14	10	2
QUAL	0	386	39	17	22	8
QUAL	0	387	80	46	34	13
QUAL	0	388	140	88	52	50
QUAL	0	389	383	244	139	5
QUAL	0	390	59	29	29	1
QUAL	0	391	24	12	12	4
QUAL	0	392	33	19	14	3
QUAL	0	393	85	49	36	2
QUAL	0	394	49	28	21	4
QUAL	0	395	59	26	33	10
QUAL	0	396	144	75	68	6
QUAL	0	397	194	116	78	4
QUAL	0	398	422	271	151	4
QUAL	0	399	2338	1436	902	1
QUAL	0	400	13	8	5	3
QUAL	0	401	27	18	9	5
QUAL	0	402	29	19	10	8
QUAL	0	403	42	24	18	7
QUAL	0	404	64	35	29	6
QUAL	0	405	43	31	12	1
QUAL	0	406	35	18	17	5
QUAL	0	407	63	38	25	0
QUAL	0	408	465	289	176	4
QUAL	0	409	20	11	9	5
QUAL	0	410	23	12	11	2
QUAL	0	411	33	16	17	3
QUAL	0	412	38	20	18	1
QUAL	0	413	93	57	35	8
QUAL	0	414	286	168	118	7
QUAL	0	415	18	9	9	6
QUAL	0	416	30	17	13	5
QUAL	0	417	23	14	9	3
QUAL	0	418	92	51	40	2
QUAL	0	419	45	24	21	4
QUAL	0	420	20	15	5	10
QUAL	0	421	34	19	15	7
QUAL	0	422	77	44	32	18
QUAL	0	423	153	80	73	19
QUAL	0	424	342	207	135	11
QUAL	0	425	63	34	28	13
QUAL	0	426	25	13	12	7
QUAL	0	427	33	15	18	6
QUAL	0	428	106	68	38	6
QUAL	0	429	36	17	18	3
QUAL	0	430	59	34	25	4
QUAL	0	431	159	93	66	5
QUAL	0	432	206	117	89	3
QUAL	0	433	525	320	205	44
QUAL	0	434	2365	1477	888	5
QUAL	0	435	32	16	15	7
QUAL	0	436	27	15	12	3
QUAL	0	437	39	24	14	12
QUAL	0	438	76	48	28	4
QUAL	0	439	37	26	11	5
QUAL	0	440	41	22	19	1
QUAL	0	441	55	26	29	3
QUAL	0	442	138	71	66	6
QUAL	0	443	515	320	195	0
QUAL	0	444	22	11	11	4
QUAL	0	445	32	17	12	6
QUAL	0	446	33	18	15	1
QUAL	0	447	64	33	31	8
QUAL	0	448	364	235	129	4
QUAL	0	449	28	12	16	6
QUAL	0	450	35	25	10	3
QUAL	0	451	13	8	4	7
QUAL	0	452	41	29	12	4
QUAL	0	453	107	65	42	1
QUAL	0	454	29	16	13	4
QUAL	0	455	32	15	17	6
QUAL	0	456	52	35	17	9
QUAL	0	457	79	49	28	3
QUAL	0	458	535	330	205	8
QUAL	0	459	66	37	29	3
QUAL	0	460	18	9	9	7
QUAL	0	461	30	15	15	12
QUAL	0	462	97	58	39	10
QUAL	0	463	52	33	19	6
QUAL	0	464	36	23	13	13
QUAL	0	465	121	70	51	5
QUAL	0	466	112	62	50	8
QUAL	0	467	359	206	153	9
QUAL	0	468	1636	991	645	8
QUAL	0	469	973	615	358	7
QUAL	0	470	18	7	11	4
QUAL	0	471	16	8	8	3
QUAL	0	472	43	25	18	5
QUAL	0	473	86	58	28	6
QUAL	0	474	45	25	20	7
QUAL	0	475	39	17	22	6
QUAL	0	476	53	26	27	2
QUAL	0	477	99	57	41	4
QUAL	0	478	426	263	163	52
QUAL	0	479	22	12	10	8
QUAL	0	480	24	11	13	3
QUAL	0	481	36	21	15	5
QUAL	0	482	66	37	29	5
QUAL	0	483	356	217	139	2
QUAL	0	484	29	10	19	1
QUAL	0	485	24	13	10	7
QUAL	0	486	40	22	18	6
QUAL	0	487	116	62	54	5
QUAL	0	488	98	61	37	3
QUAL	0	489	23	12	10	7
QUAL	0	490	37	16	21	2
QUAL	0	491	56	36	20	5
QUAL	0	492	87	48	39	2
QUAL	0	493	470	299	171	5
QUAL	0	494	72	33	39	3
QUAL	0	495	18	9	9	4
QUAL	0	496	29	14	15	4
QUAL	0	497	71	40	30	7
QUAL	0	498	61	33	28	9
QUAL	0	499	46	22	24	10
QUAL	0	500	119	70	49	11
QUAL	0	501	127	71	56	1
QUAL	0	502	286	170	116	5
QUAL	0	503	2368	1463	904	6
QUAL	0	504	25	12	13	5
QUAL	0	505	23	14	9	10
QUAL	0	506	31	18	13	5
QUAL	0	507	44	30	14	2
QUAL	0	508	95	58	37	4
QUAL	0	509	61	31	30	15
QUAL	0	510	44	26	17	7
QUAL	0	511	58	30	28	3
QUAL	0	512	121	70	51	8
QUAL	0	513	369	237	132	9
QUAL	0	514	21	11	10	6
QUAL	0	515	24	13	11	4
QUAL	0	516	44	25	19	1
QUAL	0	517	82	53	29	3
QUAL	0	518	328	199	129	2
QUAL	0	519	23	14	9	1
QUAL	0	520	35	21	14	4
QUAL	0	521	25	16	9	3
QUAL	0	522	105	67	37	3
QUAL	0	523	32	20	11	49
QUAL	0	524	27	12	15	10
QUAL	0	525	29	18	10	2
QUAL	0	526	55	27	28	2
QUAL	0	527	166	101	64	2
QUAL	0	528	321	198	123	6
QUAL	0	529	47	19	28	9
QUAL	0	530	22	11	11	11
QUAL	0	531	48	26	22	3
QUAL	0	532	138	69	69	3
QUAL	0	533	69	34	35	1
QUAL	0	534	41	26	15	6
QUAL	0	535	116	75	41	3
QUAL	0	536	144	87	57	5
QUAL	0	537	397	246	151	12
QUAL	0	538	1933	1204	729	15
QUAL	0	539	19	10	8	4
QUAL	0	540	22	11	11	1
QUAL	0	541	28	15	12	6
QUAL	0	542	46	28	18	5
QUAL	0	543	83	47	36	7
QUAL	0	544	69	36	33	7
QUAL	0	545	34	18	16	14
QUAL	0	546	64	39	25	2
QUAL	0	547	138	90	48	10
QUAL	0	548	308	213	95	6
QUAL	0	549	32	20	10	3
QUAL	0	550	42	21	21	2
QUAL	0	551	45	25	20	4
QUAL	0	552	133	80	53	2
QUAL	0	553	343	216	127	2
QUAL	0	554	28	19	9	0
QUAL	0	555	21	12	9	4
QUAL	0	556	39	18	20	7
QUAL	0	557	76	47	29	6
QUAL	0	558	34	24	10	18
QUAL	0	559	24	14	10	3
QUAL	0	560	42	21	20	7
QUAL	0	561	54	34	20	6
QUAL	0	562	138	83	55	7
QUAL	0	563	278	175	102	5
QUAL	0	564	46	20	25	8
QUAL	0	565	20	7	13	1
QUAL	0	566	36	23	13	2
QUAL	0	567	103	63	40	2
QUAL	0	568	45	25	20	52
QUAL	0	569	51	24	27	5
QUAL	0	570	118	68	50	6
QUAL	0	571	162	105	56	3
QUAL	0	572	405	242	163	2
QUAL	0	573	1682	1033	649	6
QUAL	0	574	12	8	4	1
QUAL	0	575	22	11	11	17
QUAL	0	576	45	24	21	3
QUAL	0	577	147	81	66	4
QUAL	0	578	71	41	30	2
QUAL	0	579	66	40	26	7
QUAL	0	580	33	14	19	5
QUAL	0	581	60	35	25	8
QUAL	0	582	378	240	137	1
QUAL	0	583	31	12	17	1
QUAL	0	584	28	19	8	6
QUAL	0	585	32	23	9	8
QUAL	0	586	49	35	14	11
QUAL	0	587	326	208	118	3
QUAL	0	588	34	20	14	3
QUAL	0	589	19	8	10	2
QUAL	0	590	13	6	7	0
QUAL	0	591	34	14	19	4
QUAL	0	592	82	51	31	5
QUAL	0	593	64	30	33	4
QUAL	0	594	33	23	10	3
QUAL	0	595	41	22	19	4
QUAL	0	596	82	43	39	5
QUAL	0	597	158	91	67	4
QUAL	0	598	225	140	85	3
QUAL	0	599	28	16	12	5
QUAL	0	600	15	8	7	4
QUAL	0	601	50	32	18	0
QUAL	0	602	76	40	36	5
QUAL	0	603	42	28	14	16
QUAL	0	604	42	24	18	1
QUAL	0	605	112	78	33	5
QUAL	0	606	201	116	85	4
QUAL	0	607	518	322	194	6
QUAL	0	608	1005	622	383	4
QUAL	0	609	17	9	8	8
QUAL	0	610	26	14	12	6
QUAL	0	611	57	31	26	12
QUAL	0	612	96	53	43	3
QUAL	0	613	115	72	43	65
QUAL	0	614	41	22	19	3
QUAL	0	615	38	23	15	1
QUAL	0	616	54	25	27	7
QUAL	0	617	259	163	96	6
QUAL	0	618	24	16	8	7
QUAL	0	619	19	16	2	4
QUAL	0	620	32	13	19	4
QUAL	0	621	76	46	29	6
QUAL	0	622	354	205	149	8
QUAL	0	623	40	25	15	5
QUAL	0	624	23	11	12	9
QUAL	0	625	11	8	3	5
QUAL	0	626	39	23	16	7
QUAL	0	627	56	30	26	5
QUAL	0	628	32	17	15	3
QUAL	0	629	26	20	6	1
QUAL	0	630	39	25	14	5
QUAL	0	631	72	49	23	1
QUAL	0	632	295	191	103	3
QUAL	0	633	40	23	17	1
QUAL	0	634	19	13	6	5
QUAL	0	635	27	18	9	6
QUAL	0	636	60	32	28	1
QUAL	0	637	41	19	22	6
QUAL	0	638	56	36	19	5
QUAL	0	639	72	36	36	2
QUAL	0	640	88	48	40	4
QUAL	0	641	199	121	78	3
QUAL	0	642	1142	686	456	7
QUAL	0	643	21	9	12	1
QUAL	0	644	19	13	6	4
QUAL	0	645	25	14	11	5
QUAL	0	646	36	19	16	9
QUAL	0	647	71	35	36	12
QUAL	0	648	130	79	50	8
QUAL	0	649	18	8	10	6
QUAL	0	650	39	22	17	9
QUAL	0	651	71	45	26	3
QUAL	0	652	208	127	80	7
QUAL	0	653	21	9	12	9
QUAL	0	654	34	17	16	6
QUAL	0	655	35	23	12	3
QUAL	0	656	76	45	31	3
QUAL	0	657	259	166	93	4
QUAL	0	658	53	33	20	36
QUAL	0	659	15	8	6	7
QUAL	0	660	25	17	8	1
QUAL	0	661	43	23	20	3
QUAL	0	662	38	24	14	5
QUAL	0	663	39	22	17	8
QUAL	0	664	25	11	13	3
QUAL	0	665	41	17	24	1
QUAL	0	666	82	47	34	8
QUAL	0	667	239	139	100	7
QUAL	0	668	33	18	15	1
QUAL	0	669	14	9	5	5
QUAL	0	670	25	15	10	3
QUAL	0	671	46	28	16	2
QUAL	0	672	68	39	29	5
QUAL	0	673	44	28	16	2
QUAL	0	674	66	46	20	5
QUAL	0	675	75	41	34	2
QUAL	0	676	188	109	79	2
QUAL	0	677	862	526	336	0
QUAL	0	678	20	9	11	3
QUAL	0	679	19	9	8	1
QUAL	0	680	29	13	16	4
QUAL	0	681	48	32	16	5
QUAL	0	682	124	71	53	2
QUAL	0	683	145	89	56	6
QUAL	0	684	24	20	4	6
QUAL	0	685	35	21	14	3
QUAL	0	686	69	42	27	2
QUAL	0	687	119	75	43	8
QUAL	0	688	27	12	14	8
QUAL	0	689	26	13	12	3
QUAL	0	690	39	24	13	7
QUAL	0	691	70	42	28	6
QUAL	0	692	203	132	70	6
QUAL	0	693	26	16	10	8
QUAL	0	694	16	10	6	3
QUAL	0	695	17	10	7	8
QUAL	0	696	58	32	24	5
QUAL	0	697	49	25	24	5
QUAL	0	698	38	27	11	1
QUAL	0	699	20	13	7	0
QUAL	0	700	38	23	14	10
QUAL	0	701	88	49	39	5
QUAL	0	702	154	96	57	2
QUAL	0	703	18	13	5	46
QUAL	0	704	11	5	6	6
QUAL	0	705	20	9	11	3
QUAL	0	706	59	40	19	4
QUAL	0	707	50	29	21	3
QUAL	0	708	53	31	22	3
QUAL	0	709	39	24	15	2
QUAL	0	710	81	52	29	2
QUAL	0	711	208	119	89	0
QUAL	0	712	586	369	217	2
QUAL	0	713	13	9	4	3
QUAL	0	714	17	13	3	1
QUAL	0	715	45	24	21	1
QUAL	0	716	65	43	21	6
QUAL	0	717	192	112	80	3
QUAL	0	718	132	80	52	3
QUAL	0	719	24	15	9	2
QUAL	0	720	33	19	14	6
QUAL	0	721	107	68	39	4
QUAL	0	722	31	17	13	5
QUAL	0	723	22	14	7	5
QUAL	0	724	27	17	10	8
QUAL	0	725	38	25	13	7
QUAL	0	726	86	59	27	2
QUAL	0	727	158	100	56	2
QUAL	0	728	29	19	10	5
QUAL	0	729	13	8	5	2
QUAL	0	730	27	14	13	1
QUAL	0	731	49	31	18	2
QUAL	0	732	56	29	26	3
QUAL	0	733	15	10	5	2
QUAL	0	734	29	13	16	3
QUAL	0	735	19	10	9	2
QUAL	0	736	80	56	24	2
QUAL	0	737	102	64	38	6
QUAL	0	738	14	8	6	6
QUAL	0	739	22	13	9	3
QUAL	0	740	32	18	14	2
QUAL	0	741	46	29	17	7
QUAL	0	742	82	55	27	2
QUAL	0	743	39	25	14	3
QUAL	0	744	47	20	26	0
QUAL	0	745	72	42	29	2
QUAL	0	746	178	105	72	5
QUAL	0	747	366	235	130	12
QUAL	0	748	21	11	10	42
QUAL	0	749	29	20	9	6
QUAL	0	750	30	15	15	1
QUAL	0	751	95	56	39	2
QUAL	0	752	233	132	101	2
QUAL	0	753	93	65	28	2
QUAL	0	754	18	8	8	5
QUAL	0	755	29	15	14	2
QUAL	0	756	113	67	46	3
QUAL	0	757	73	34	39	4
QUAL	0	758	22	12	9	3
QUAL	0	759	26	16	10	3
QUAL	0	760	38	24	14	4
QUAL	0	761	144	93	51	1
QUAL	0	762	51	34	17	5
QUAL	0	763	13	8	5	8
QUAL	0	764	16	10	6	8
QUAL	0	765	26	14	11	5
QUAL	0	766	47	31	16	4
QUAL	0	767	70	39	31	7
QUAL	0	768	13	7	6	2
QUAL	0	769	16	9	6	1
QUAL	0	770	28	14	14	4
QUAL	0	771	125	72	52	4
QUAL	0	772	15	10	5	4
QUAL	0	773	22	11	11	5
QUAL	0	774	21	12	8	1
QUAL	0	775	32	16	15	2
QUAL	0	776	66	39	27	3
QUAL	0	777	75	51	24	2
QUAL	0	778	34	20	14	2
QUAL	0	779	43	22	20	4
QUAL	0	780	71	39	32	2
QUAL	0	781	348	226	122	3
QUAL	0	782	31	13	18	10
QUAL	0	783	21	9	11	8
QUAL	0	784	30	20	10	3
QUAL	0	785	46	20	26	2
QUAL	0	786	125	78	47	4
QUAL	0	787	279	162	117	4
QUAL	0	788	41	21	20	3
QUAL	0	789	19	12	7	3
QUAL	0	790	31	21	10	2
QUAL	0	791	75	43	32	3
QUAL	0	792	28	16	12	8
QUAL	0	793	13	5	8	30
QUAL	0	794	22	14	7	7
QUAL	0	795	46	34	12	4
QUAL	0	796	171	114	56	3
QUAL	0	797	49	28	21	3
QUAL	0	798	17	9	8	7
QUAL	0	799	6	1	5	11
QUAL	0	800	39	24	15	4
QUAL	0	801	46	27	19	1
QUAL	0	802	92	48	43	2
QUAL	0	803	12	7	5	1
QUAL	0	804	24	13	11	3
QUAL	0	805	37	20	16	1
QUAL	0	806	90	56	34	2
QUAL	0	807	20	9	11	2
QUAL	0	808	20	8	12	4
QUAL	0	809	25	15	10	11
QUAL	0	810	41	20	20	5
QUAL	0	811	58	29	28	3
QUAL	0	812	85	51	34	4
QUAL	0	813	14	8	6	3
QUAL	0	814	31	22	9	5
QUAL	0	815	71	49	21	3
QUAL	0	816	261	169	92	4
QUAL	0	817	27	14	11	3
QUAL	0	818	26	15	11	4
QUAL	0	819	33	21	11	2
QUAL	0	820	66	41	25	4
QUAL	0	821	167	89	78	5
QUAL	0	822	294	189	105	3
QUAL	0	823	12	8	4	3
QUAL	0	824	17	10	7	2
QUAL	0	825	26	13	12	5
QUAL	0	826	70	39	30	7
QUAL	0	827	26	10	16	6
QUAL	0	828	16	9	7	13
QUAL	0	829	23	9	14	0
QUAL	0	830	57	33	24	4
QUAL	0	831	128	76	52	5
QUAL	0	832	47	26	21	5
QUAL	0	833	19	12	7	4
QUAL	0	834	24	8	16	3
QUAL	0	835	36	26	10	1
QUAL	0	836	75	51	24	1
QUAL	0	837	67	46	21	7
QUAL	0	838	16	10	6	28
QUAL	0	839	20	13	6	4
QUAL	0	840	43	26	16	7
QUAL	0	841	83	46	36	6
QUAL	0	842	20	15	5	3
QUAL	0	843	21	8	12	7
QUAL	0	844	26	16	10	8
QUAL	0	845	40	21	18	3
QUAL	0	846	107	64	43	6
QUAL	0	847	89	51	38	1
QUAL	0	848	25	17	8	3
QUAL	0	849	28	13	15	0
QUAL	0	850	64	41	23	4
QUAL	0	851	159	94	65	2
QUAL	0	852	21	11	8	2
QUAL	0	853	32	17	15	3
QUAL	0	854	37	19	17	6
QUAL	0	855	76	47	28	3
QUAL	0	856	220	132	88	1
QUAL	0	857	218	126	92	3
QUAL	0	858	19	10	8	1
QUAL	0	859	18	9	9	0
QUAL	0	860	54	32	21	2
QUAL	0	861	39	22	16	6
QUAL	0	862	21	13	7	0
QUAL	0	863	20	11	9	2
QUAL	0	864	32	18	13	3
QUAL	0	865	44	31	13	2
QUAL	0	866	112	72	40	3
QUAL	0	867	26	14	12	3
QUAL	0	868	16	9	7	3
QUAL	0	869	25	18	7	5
QUAL	0	870	47	26	20	1
QUAL	0	871	91	53	38	5
QUAL	0	872	44	26	17	6
QUAL	0	873	14	9	5	12
QUAL	0	874	25	18	7	3
QUAL	0	875	45	31	13	4
QUAL	0	876	47	26	21	2
QUAL	0	877	13	3	10	5
QUAL	0	878	21	10	11	1
QUAL	0	879	37	24	13	1
QUAL	0	880	39	25	14	5
QUAL	0	881	111	62	49	1
QUAL	0	882	54	31	22	5
QUAL	0	883	21	15	3	18
QUAL	0	884	40	24	16	1
QUAL	0	885	62	38	23	1
QUAL	0	886	115	72	42	1
QUAL	0	887	16	5	10	2
QUAL	0	888	18	10	8	5
QUAL	0	889	56	32	24	6
QUAL	0	890	115	71	44	2
QUAL	0	891	298	184	114	1
QUAL	0	892	142	84	57	2
QUAL	0	893	17	6	11	4
QUAL	0	894	18	11	7	3
QUAL	0	895	39	24	15	5
QUAL	0	896	54	31	23	3
QUAL	0	897	14	6	6	4
QUAL	0	898	27	16	9	1
QUAL	0	899	49	27	21	6
QUAL	0	900	91	62	28	2
QUAL	0	901	123	80	43	2
QUAL	0	902	16	7	6	3
QUAL	0	903	22	17	5	2
QUAL	0	904	35	21	13	4
QUAL	0	905	52	37	15	2
QUAL	0	906	106	64	42	3
QUAL	0	907	21	13	8	3
QUAL	0	908	25	18	7	3
QUAL	0	909	29	12	17	2
QUAL	0	910	59	38	21	3
QUAL	0	911	31	16	15	4
QUAL	0	912	14	8	6	5
QUAL	0	913	18	16	2	4
QUAL	0	914	32	19	13	2
QUAL	0	915	72	43	29	2
QUAL	0	916	111	77	32	1
QUAL	0	917	37	17	20	3
QUAL	0	918	23	15	8	6
QUAL	0	919	27	16	11	1
QUAL	0	920	102	59	43	2
QUAL	0	921	31	19	12	5
QUAL	0	922	21	11	10	1
QUAL	0	923	40	24	16	3
QUAL	0	924	56	31	25	3
QUAL	0	925	125	67	58	1
QUAL	0	926	378	254	123	5
QUAL	0	927	65	42	23	3
QUAL	0	928	16	10	6	19
QUAL	0	929	17	10	7	0
QUAL	0	930	46	37	9	2
QUAL	0	931	25	18	7	1
QUAL	0	932	25	11	14	2
QUAL	0	933	24	10	13	2
QUAL	0	934	44	31	13	8
QUAL	0	935	100	63	37	3
QUAL	0	936	98	69	29	6
QUAL	0	937	42	22	20	1
QUAL	0	938	21	10	11	1
QUAL	0	939	32	13	19	0
QUAL	0	940	72	45	26	2
QUAL	0	941	83	49	34	1
QUAL	0	942	18	10	7	1
QUAL	0	943	22	9	12	3
QUAL	0	944	21	12	9	5
QUAL	0	945	56	35	19	2
QUAL	0	946	20	9	11	3
QUAL	0	947	16	11	5	2
QUAL	0	948	26	16	10	3
QUAL	0	949	47	28	19	2
QUAL	0	950	76	45	31	4
QUAL	0	951	110	75	35	3
QUAL	0	952	28	16	12	4
QUAL	0	953	30	13	15	2
QUAL	0	954	28	21	6	5
QUAL	0	955	89	52	37	3
QUAL	0	956	24	14	10	2
QUAL	0	957	20	12	8	1
QUAL	0	958	37	21	15	7
QUAL	0	959	63	46	17	2
QUAL	0	960	192	122	70	2
QUAL	0	961	347	213	133	2
QUAL	0	962	30	19	10	2
QUAL	0	963	16	10	6	1
QUAL	0	964	26	18	8	5
QUAL	0	965	35	20	15	1
QUAL	0	966	23	17	6	3
QUAL	0	967	22	11	10	0
QUAL	0	968	36	25	11	1
QUAL	0	969	56	31	25	2
QUAL	0	970	102	69	33	1
QUAL	0	971	80	51	29	3
QUAL	0	972	24	14	8	1
QUAL	0	973	20	10	10	14
QUAL	0	974	39	25	14	3
QUAL	0	975	87	59	28	3
QUAL	0	976	59	32	27	2
QUAL	0	977	15	7	8	1
QUAL	0	978	26	18	8	2
QUAL	0	979	27	19	8	7
QUAL	0	980	50	26	24	9
QUAL	0	981	24	16	8	5
QUAL	0	982	34	18	16	1
QUAL	0	983	31	16	15	2
QUAL	0	984	49	30	17	4
QUAL	0	985	104	70	34	1
QUAL	0	986	73	46	26	4
QUAL	0	987	20	11	9	2
QUAL	0	988	23	15	7	1
QUAL	0	989	31	15	15	12
QUAL	0	990	64	37	26	2
QUAL	0	991	27	18	9	2
QUAL	0	992	26	15	11	2
QUAL	0	993	52	34	18	4
QUAL	0	994	73	42	30	3
QUAL	0	995	227	144	83	3
QUAL	0	996	257	163	94	4
QUAL	0	997	14	7	7	0
QUAL	0	998	56666	33938	22091	6084
# IDD, InDel distribution:
# IDD	[2]id	[3]length (deletions negative)	[4]count
IDD	0	-60	78
IDD	0	-59	2
IDD	0	-58	2
IDD	0	-57	4
IDD	0	-56	1
IDD	0	-55	4
IDD	0	-54	1
IDD	0	-52	1
IDD	0	-51	1
IDD	0	-50	9
IDD	0	-49	1
IDD	0	-48	4
IDD	0	-47	1
IDD	0	-46	7
IDD	0	-45	7
IDD	0	-44	1
IDD	0	-43	1
IDD	0	-42	1
IDD	0	-41	4
IDD	0	-40	7
IDD	0	-39	1
IDD	0	-38	1
IDD	0	-37	3
IDD	0	-36	5
IDD	0	-35	8
IDD	0	-34	4
IDD	0	-33	2
IDD	0	-32	4
IDD	0	-31	3
IDD	0	-30	17
IDD	0	-29	10
IDD	0	-28	28
IDD	0	-27	5
IDD	0	-26	15
IDD	0	-25	32
IDD	0	-24	30
IDD	0	-23	9
IDD	0	-22	27
IDD	0	-21	15
IDD	0	-20	93
IDD	0	-19	24
IDD	0	-18	39
IDD	0	-17	21
IDD	0	-16	57
IDD	0	-15	214
IDD	0	-14	63
IDD	0	-13	47
IDD	0	-12	128
IDD	0	-11	62
IDD	0	-10	401
IDD	0	-9	55
IDD	0	-8	201
IDD	0	-7	77
IDD	0	-6	201
IDD	0	-5	691
IDD	0	-4	801
IDD	0	-3	604
IDD	0	-2	1133
IDD	0	-1	2726
IDD	0	1	2309
IDD	0	2	846
IDD	0	3	235
IDD	0	4	507
IDD	0	5	602
IDD	0	6	158
IDD	0	7	43
IDD	0	8	178
IDD	0	9	38
IDD	0	10	243
IDD	0	11	33
IDD	0	12	92
IDD	0	13	19
IDD	0	14	23
IDD	0	15	144
IDD	0	16	41
IDD	0	17	11
IDD	0	18	14
IDD	0	19	14
IDD	0	20	114
IDD	0	21	15
IDD	0	22	11
IDD	0	23	9
IDD	0	24	17
IDD	0	25	35
IDD	0	26	14
IDD	0	27	9
IDD	0	28	17
IDD	0	29	7
IDD	0	30	23
IDD	0	31	1
IDD	0	32	9
IDD	0	33	3
IDD	0	34	4
IDD	0	35	6
IDD	0	36	3
IDD	0	38	4
IDD	0	39	3
IDD	0	40	11
IDD	0	42	2
IDD	0	43	4
IDD	0	44	3
IDD	0	45	5
IDD	0	46	2
IDD	0	48	1
IDD	0	49	3
IDD	0	50	6
IDD	0	52	1
IDD	0	53	2
IDD	0	54	2
IDD	0	55	1
IDD	0	56	2
IDD	0	58	1
IDD	0	59	1
IDD	0	60	57
# ST, Substitution types:
# ST	[2]id	[3]type	[4]count
ST	0	A>C	6047
ST	0	A>G	17726
ST	0	A>T	6381
ST	0	C>A	9125
ST	0	C>G	7059
ST	0	C>T	25409
ST	0	G>A	25017
ST	0	G>C	7019
ST	0	G>T	9774
ST	0	T>A	6520
ST	0	T>C	17516
ST	0	T>G	6066
# DP, Depth distribution
# DP	[2]id	[3]bin	[4]number of genotypes	[5]fraction of genotypes (%)	[6]number of sites	[7]fraction of sites (%)
DP	0	0	1939	0.004657	0	0.000000
DP	0	1	30905	0.074231	0	0.000000
DP	0	2	41229	0.099029	9	0.005912
DP	0	3	5914230	14.205470	3	0.001971
DP	0	4	8895179	21.365453	1	0.000657
DP	0	5	8261006	19.842224	2	0.001314
DP	0	6	6227708	14.958418	1	0.000657
DP	0	7	3936167	9.454334	1	0.000657
DP	0	8	2339806	5.620012	0	0.000000
DP	0	9	1427705	3.429224	1	0.000657
DP	0	10	878167	2.109281	0	0.000000
DP	0	11	573701	1.377980	0	0.000000
DP	0	12	391722	0.940882	0	0.000000
DP	0	13	280181	0.672971	1	0.000657
DP	0	14	212849	0.511245	0	0.000000
DP	0	15	171359	0.411590	0	0.000000
DP	0	16	143019	0.343519	0	0.000000
DP	0	17	116862	0.280692	1	0.000657
DP	0	18	105669	0.253808	1	0.000657
DP	0	19	89788	0.215663	0	0.000000
DP	0	20	81413	0.195547	0	0.000000
DP	0	21	74001	0.177744	0	0.000000
DP	0	22	68175	0.163750	0	0.000000
DP	0	23	62724	0.150658	0	0.000000
DP	0	24	57489	0.138084	1	0.000657
DP	0	25	52945	0.127169	0	0.000000
DP	0	26	50657	0.121674	0	0.000000
DP	0	27	47128	0.113197	0	0.000000
DP	0	28	43123	0.103578	2	0.001314
DP	0	29	41814	0.100434	0	0.000000
DP	0	30	40112	0.096346	0	0.000000
DP	0	31	36259	0.087091	0	0.000000
DP	0	32	35757	0.085885	0	0.000000
DP	0	33	34970	0.083995	0	0.000000
DP	0	34	31817	0.076422	0	0.000000
DP	0	35	30951	0.074342	0	0.000000
DP	0	36	29146	0.070006	0	0.000000
DP	0	37	27737	0.066622	0	0.000000
DP	0	38	26741	0.064230	0	0.000000
DP	0	39	25105	0.060300	0	0.000000
DP	0	40	23351	0.056087	0	0.000000
DP	0	41	22243	0.053426	0	0.000000
DP	0	42	21912	0.052631	0	0.000000
DP	0	43	20116	0.048317	0	0.000000
DP	0	44	19347	0.046470	0	0.000000
DP	0	45	18327	0.044020	0	0.000000
DP	0	46	17101	0.041075	0	0.000000
DP	0	47	16616	0.039910	0	0.000000
DP	0	48	15799	0.037948	0	0.000000
DP	0	49	15332	0.036826	0	0.000000
DP	0	50	14282	0.034304	2	0.001314
DP	0	51	13561	0.032572	0	0.000000
DP	0	52	13004	0.031234	1	0.000657
DP	0	53	12297	0.029536	0	0.000000
DP	0	54	12108	0.029082	1	0.000657
DP	0	55	11498	0.027617	1	0.000657
DP	0	56	10950	0.026301	0	0.000000
DP	0	57	10711	0.025727	0	0.000000
DP	0	58	10187	0.024468	0	0.000000
DP	0	59	9533	0.022897	0	0.000000
DP	0	60	9583	0.023018	0	0.000000
DP	0	61	9290	0.022314	0	0.000000
DP	0	62	8634	0.020738	0	0.000000
DP	0	63	8497	0.020409	1	0.000657
DP	0	64	8239	0.019789	0	0.000000
DP	0	65	8200	0.019696	0	0.000000
DP	0	66	7865	0.018891	0	0.000000
DP	0	67	7673	0.018430	2	0.001314
DP	0	68	7245	0.017402	0	0.000000
DP	0	69	7346	0.017644	0	0.000000
DP	0	70	7215	0.017330	1	0.000657
DP	0	71	6951	0.016696	0	0.000000
DP	0	72	6522	0.015665	0	0.000000
DP	0	73	6707	0.016110	0	0.000000
DP	0	74	6482	0.015569	0	0.000000
DP	0	75	6560	0.015757	0	0.000000
DP	0	76	6263	0.015043	0	0.000000
DP	0	77	6044	0.014517	0	0.000000
DP	0	78	5882	0.014128	0	0.000000
DP	0	79	5985	0.014375	0	0.000000
DP	0	80	5789	0.013905	0	0.000000
DP	0	81	5678	0.013638	0	0.000000
DP	0	82	5690	0.013667	0	0.000000
DP	0	83	5472	0.013143	0	0.000000
DP	0	84	5463	0.013122	0	0.000000
DP	0	85	5335	0.012814	0	0.000000
DP	0	86	4966	0.011928	0	0.000000
DP	0	87	4973	0.011945	0	0.000000
DP	0	88	4811	0.011556	0	0.000000
DP	0	89	4845	0.011637	0	0.000000
DP	0	90	4643	0.011152	0	0.000000
DP	0	91	4570	0.010977	0	0.000000
DP	0	92	4492	0.010789	0	0.000000
DP	0	93	4448	0.010684	1	0.000657
DP	0	94	4390	0.010544	0	0.000000
DP	0	95	4290	0.010304	0	0.000000
DP	0	96	4122	0.009901	0	0.000000
DP	0	97	4049	0.009725	0	0.000000
DP	0	98	3979	0.009557	0	0.000000
DP	0	99	3864	0.009281	0	0.000000
DP	0	100	3709	0.008909	0	0.000000
DP	0	101	3686	0.008853	0	0.000000
DP	0	102	3481	0.008361	0	0.000000
DP	0	103	3546	0.008517	0	0.000000
DP	0	104	3491	0.008385	0	0.000000
DP	0	105	3588	0.008618	0	0.000000
DP	0	106	3454	0.008296	0	0.000000
DP	0	107	3264	0.007840	0	0.000000
DP	0	108	3330	0.007998	0	0.000000
DP	0	109	3163	0.007597	0	0.000000
DP	0	110	3124	0.007504	0	0.000000
DP	0	111	3194	0.007672	0	0.000000
DP	0	112	3011	0.007232	0	0.000000
DP	0	113	2943	0.007069	0	0.000000
DP	0	114	2861	0.006872	0	0.000000
DP	0	115	2850	0.006845	0	0.000000
DP	0	116	2666	0.006404	0	0.000000
DP	0	117	2740	0.006581	0	0.000000
DP	0	118	2816	0.006764	0	0.000000
DP	0	119	2687	0.006454	0	0.000000
DP	0	120	2594	0.006231	0	0.000000
DP	0	121	2511	0.006031	0	0.000000
DP	0	122	2403	0.005772	0	0.000000
DP	0	123	2468	0.005928	0	0.000000
DP	0	124	2320	0.005572	0	0.000000
DP	0	125	2224	0.005342	0	0.000000
DP	0	126	2279	0.005474	0	0.000000
DP	0	127	2423	0.005820	0	0.000000
DP	0	128	2163	0.005195	0	0.000000
DP	0	129	1993	0.004787	0	0.000000
DP	0	130	2067	0.004965	0	0.000000
DP	0	131	2049	0.004922	0	0.000000
DP	0	132	2035	0.004888	0	0.000000
DP	0	133	1940	0.004660	0	0.000000
DP	0	134	1894	0.004549	0	0.000000
DP	0	135	1861	0.004470	0	0.000000
DP	0	136	1768	0.004247	1	0.000657
DP	0	137	1733	0.004163	0	0.000000
DP	0	138	1592	0.003824	0	0.000000
DP	0	139	1749	0.004201	0	0.000000
DP	0	140	1595	0.003831	0	0.000000
DP	0	141	1611	0.003869	0	0.000000
DP	0	142	1472	0.003536	0	0.000000
DP	0	143	1564	0.003757	0	0.000000
DP	0	144	1366	0.003281	0	0.000000
DP	0	145	1350	0.003243	0	0.000000
DP	0	146	1247	0.002995	0	0.000000
DP	0	147	1190	0.002858	0	0.000000
DP	0	148	1264	0.003036	0	0.000000
DP	0	149	1076	0.002584	0	0.000000
DP	0	150	1105	0.002654	0	0.000000
DP	0	151	1034	0.002484	0	0.000000
DP	0	152	1185	0.002846	0	0.000000
DP	0	153	1049	0.002520	0	0.000000
DP	0	154	961	0.002308	0	0.000000
DP	0	155	869	0.002087	0	0.000000
DP	0	156	873	0.002097	1	0.000657
DP	0	157	888	0.002133	0	0.000000
DP	0	158	854	0.002051	0	0.000000
DP	0	159	715	0.001717	0	0.000000
DP	0	160	800	0.001922	0	0.000000
DP	0	161	684	0.001643	0	0.000000
DP	0	162	700	0.001681	0	0.000000
DP	0	163	690	0.001657	0	0.000000
DP	0	164	663	0.001592	0	0.000000
DP	0	165	625	0.001501	0	0.000000
DP	0	166	581	0.001396	0	0.000000
DP	0	167	516	0.001239	0	0.000000
DP	0	168	572	0.001374	0	0.000000
DP	0	169	507	0.001218	0	0.000000
DP	0	170	448	0.001076	0	0.000000
DP	0	171	461	0.001107	0	0.000000
DP	0	172	445	0.001069	0	0.000000
DP	0	173	433	0.001040	0	0.000000
DP	0	174	424	0.001018	0	0.000000
DP	0	175	345	0.000829	0	0.000000
DP	0	176	307	0.000737	0	0.000000
DP	0	177	323	0.000776	0	0.000000
DP	0	178	298	0.000716	0	0.000000
DP	0	179	281	0.000675	0	0.000000
DP	0	180	268	0.000644	0	0.000000
DP	0	181	255	0.000612	0	0.000000
DP	0	182	249	0.000598	0	0.000000
DP	0	183	241	0.000579	0	0.000000
DP	0	184	223	0.000536	0	0.000000
DP	0	185	214	0.000514	0	0.000000
DP	0	186	167	0.000401	0	0.000000
DP	0	187	189	0.000454	0	0.000000
DP	0	188	170	0.000408	0	0.000000
DP	0	189	165	0.000396	0	0.000000
DP	0	190	138	0.000331	1	0.000657
DP	0	191	176	0.000423	0	0.000000
DP	0	192	144	0.000346	0	0.000000
DP	0	193	160	0.000384	0	0.000000
DP	0	194	158	0.000380	0	0.000000
DP	0	195	106	0.000255	0	0.000000
DP	0	196	158	0.000380	0	0.000000
DP	0	197	116	0.000279	0	0.000000
DP	0	198	111	0.000267	0	0.000000
DP	0	199	82	0.000197	0	0.000000
DP	0	200	107	0.000257	0	0.000000
DP	0	201	93	0.000223	0	0.000000
DP	0	202	100	0.000240	0	0.000000
DP	0	203	97	0.000233	0	0.000000
DP	0	204	104	0.000250	0	0.000000
DP	0	205	83	0.000199	0	0.000000
DP	0	206	75	0.000180	0	0.000000
DP	0	207	71	0.000171	0	0.000000
DP	0	208	65	0.000156	0	0.000000
DP	0	209	66	0.000159	0	0.000000
DP	0	210	74	0.000178	0	0.000000
DP	0	211	65	0.000156	0	0.000000
DP	0	212	59	0.000142	0	0.000000
DP	0	213	52	0.000125	0	0.000000
DP	0	214	38	0.000091	0	0.000000
DP	0	215	52	0.000125	0	0.000000
DP	0	216	59	0.000142	0	0.000000
DP	0	217	38	0.000091	0	0.000000
DP	0	218	41	0.000098	0	0.000000
DP	0	219	41	0.000098	0	0.000000
DP	0	220	56	0.000135	0	0.000000
DP	0	221	32	0.000077	0	0.000000
DP	0	222	42	0.000101	0	0.000000
DP	0	223	52	0.000125	0	0.000000
DP	0	224	27	0.000065	0	0.000000
DP	0	225	24	0.000058	0	0.000000
DP	0	226	28	0.000067	0	0.000000
DP	0	227	22	0.000053	0	0.000000
DP	0	228	35	0.000084	0	0.000000
DP	0	229	24	0.000058	0	0.000000
DP	0	230	42	0.000101	0	0.000000
DP	0	231	26	0.000062	0	0.000000
DP	0	232	22	0.000053	0	0.000000
DP	0	233	40	0.000096	0	0.000000
DP	0	234	24	0.000058	0	0.000000
DP	0	235	17	0.000041	0	0.000000
DP	0	236	10	0.000024	0	0.000000
DP	0	237	16	0.000038	0	0.000000
DP	0	238	14	0.000034	0	0.000000
DP	0	239	11	0.000026	0	0.000000
DP	0	240	13	0.000031	0	0.000000
DP	0	241	18	0.000043	0	0.000000
DP	0	242	18	0.000043	0	0.000000
DP	0	243	12	0.000029	0	0.000000
DP	0	244	17	0.000041	0	0.000000
DP	0	245	11	0.000026	0	0.000000
DP	0	246	13	0.000031	0	0.000000
DP	0	247	10	0.000024	0	0.000000
DP	0	248	6	0.000014	0	0.000000
DP	0	249	13	0.000031	0	0.000000
DP	0	250	11	0.000026	0	0.000000
DP	0	251	7	0.000017	0	0.000000
DP	0	252	12	0.000029	0	0.000000
DP	0	253	4	0.000010	0	0.000000
DP	0	254	6	0.000014	0	0.000000
DP	0	255	4	0.000010	0	0.000000
DP	0	256	4	0.000010	0	0.000000
DP	0	257	7	0.000017	0	0.000000
DP	0	258	6	0.000014	0	0.000000
DP	0	259	7	0.000017	0	0.000000
DP	0	260	6	0.000014	0	0.000000
DP	0	261	10	0.000024	0	0.000000
DP	0	262	2	0.000005	0	0.000000
DP	0	263	5	0.000012	0	0.000000
DP	0	265	8	0.000019	1	0.000657
DP	0	266	3	0.000007	0	0.000000
DP	0	267	5	0.000012	0	0.000000
DP	0	268	3	0.000007	0	0.000000
DP	0	269	11	0.000026	0	0.000000
DP	0	270	1	0.000002	0	0.000000
DP	0	271	5	0.000012	0	0.000000
DP	0	272	2	0.000005	0	0.000000
DP	0	273	3	0.000007	0	0.000000
DP	0	274	1	0.000002	0	0.000000
DP	0	275	3	0.000007	0	0.000000
DP	0	276	5	0.000012	0	0.000000
DP	0	277	5	0.000012	0	0.000000
DP	0	278	4	0.000010	0	0.000000
DP	0	279	1	0.000002	0	0.000000
DP	0	280	3	0.000007	0	0.000000
DP	0	281	2	0.000005	0	0.000000
DP	0	282	3	0.000007	0	0.000000
DP	0	283	2	0.000005	0	0.000000
DP	0	284	3	0.000007	0	0.000000
DP	0	286	1	0.000002	0	0.000000
DP	0	288	10	0.000024	1	0.000657
DP	0	289	1	0.000002	0	0.000000
DP	0	290	2	0.000005	0	0.000000
DP	0	291	1	0.000002	0	0.000000
DP	0	292	2	0.000005	0	0.000000
DP	0	294	2	0.000005	0	0.000000
DP	0	295	2	0.000005	0	0.000000
DP	0	296	2	0.000005	0	0.000000
DP	0	297	3	0.000007	0	0.000000
DP	0	298	2	0.000005	0	0.000000
DP	0	299	2	0.000005	0	0.000000
DP	0	300	2	0.000005	0	0.000000
DP	0	301	3	0.000007	0	0.000000
DP	0	302	2	0.000005	0	0.000000
DP	0	303	1	0.000002	0	0.000000
DP	0	304	2	0.000005	0	0.000000
DP	0	306	1	0.000002	0	0.000000
DP	0	307	3	0.000007	0	0.000000
DP	0	308	2	0.000005	0	0.000000
DP	0	311	2	0.000005	0	0.000000
DP	0	312	2	0.000005	0	0.000000
DP	0	314	1	0.000002	0	0.000000
DP	0	315	3	0.000007	0	0.000000
DP	0	316	1	0.000002	0	0.000000
DP	0	319	1	0.000002	0	0.000000
DP	0	320	1	0.000002	0	0.000000
DP	0	323	1	0.000002	0	0.000000
DP	0	327	0	0.000000	1	0.000657
DP	0	332	2	0.000005	0	0.000000
DP	0	333	1	0.000002	0	0.000000
DP	0	335	1	0.000002	0	0.000000
DP	0	337	0	0.000000	1	0.000657
DP	0	341	1	0.000002	0	0.000000
DP	0	347	1	0.000002	0	0.000000
DP	0	348	1	0.000002	0	0.000000
DP	0	349	1	0.000002	0	0.000000
DP	0	351	2	0.000005	0	0.000000
DP	0	355	1	0.000002	0	0.000000
DP	0	369	1	0.000002	0	0.000000
DP	0	370	1	0.000002	0	0.000000
DP	0	372	1	0.000002	0	0.000000
DP	0	377	2	0.000005	0	0.000000
DP	0	385	1	0.000002	0	0.000000
DP	0	388	1	0.000002	0	0.000000
DP	0	389	1	0.000002	0	0.000000
DP	0	393	1	0.000002	0	0.000000
DP	0	394	1	0.000002	0	0.000000
DP	0	396	2	0.000005	0	0.000000
DP	0	400	1	0.000002	0	0.000000
DP	0	402	1	0.000002	0	0.000000
DP	0	412	2	0.000005	0	0.000000
DP	0	417	1	0.000002	0	0.000000
DP	0	418	1	0.000002	0	0.000000
DP	0	419	1	0.000002	0	0.000000
DP	0	420	1	0.000002	0	0.000000
DP	0	426	2	0.000005	0	0.000000
DP	0	428	1	0.000002	0	0.000000
DP	0	432	1	0.000002	0	0.000000
DP	0	436	1	0.000002	0	0.000000
DP	0	439	1	0.000002	0	0.000000
DP	0	440	1	0.000002	0	0.000000
DP	0	445	1	0.000002	0	0.000000
DP	0	454	1	0.000002	0	0.000000
DP	0	459	1	0.000002	0	0.000000
DP	0	460	1	0.000002	0	0.000000
DP	0	466	2	0.000005	0	0.000000
DP	0	469	1	0.000002	0	0.000000
DP	0	471	1	0.000002	0	0.000000
DP	0	477	0	0.000000	1	0.000657
DP	0	483	1	0.000002	0	0.000000
DP	0	484	1	0.000002	0	0.000000
DP	0	487	1	0.000002	0	0.000000
DP	0	>500	9	0.000022	152200	99.972412
# PSC, Per-sample counts. Note that the ref/het/hom counts include only SNPs, for indels see PSI. The rest include both SNPs and indels.
# PSC	[2]id	[3]sample	[4]nRefHom	[5]nNonRefHom	[6]nHets	[7]nTransitions	[8]nTransversions	[9]nIndels	[10]average depth	[11]nSingletons	[12]nHapRef	[13]nHapAlt	[14]nMissing
PSC	0	HG02491	0	0	0	0	0	0	7.0	0	0	0	152242
PSC	0	HG02597	0	0	0	0	0	0	7.6	0	149362	2250	630
PSC	0	HG02600	0	0	0	0	0	0	6.9	0	149370	2232	640
PSC	0	HG02775	0	0	0	0	0	0	6.5	0	0	0	152242
PSC	0	HG02725	0	0	0	0	0	0	0.0	0	0	0	152242
PSC	0	HG02737	0	0	0	0	0	0	0.0	0	0	0	152242
PSC	0	HG02648	0	0	0	0	0	0	7.0	0	149113	2547	582
PSC	0	HG02655	0	0	0	0	0	0	0.0	0	0	0	152242
PSC	0	HG02681	0	0	0	0	0	0	6.4	0	147798	3363	1081
PSC	0	HG02787	0	0	0	0	0	0	0.0	0	0	0	152242
PSC	0	HG03007	0	0	0	0	0	0	6.8	0	0	0	152242
PSC	0	HG03019	0	0	0	0	0	0	0.0	0	0	0	152242
PSC	0	HG03021	0	0	0	0	0	0	6.2	0	141761	3314	7167
PSC	0	HG03228	0	0	0	0	0	0	0.0	0	147194	4076	972
PSC	0	HG03235	0	0	0	0	0	0	7.3	0	0	0	152242
PSC	0	HG03487	0	0	0	0	0	0	7.0	0	147903	3406	933
PSC	0	HG03684	0	0	0	0	0	0	0.0	0	0	0	152242
PSC	0	HG03689	0	0	0	0	0	0	0.0	0	0	0	152242
PSC	0	HG03691	0	0	0	0	0	0	7.2	0	148748	2546	948
PSC	0	HG03696	0	0	0	0	0	0	6.7	0	147992	3223	1027
PSC	0	HG03709	0	0	0	0	0	0	0.0	0	0	0	152242
PSC	0	HG03711	0	0	0	0	0	0	6.5	0	149226	2390	626
PSC	0	HG03653	0	0	0	0	0	0	0.0	0	0	0	152242
PSC	0	HG03660	0	0	0	0	0	0	6.9	0	141801	3333	7108
PSC	0	HG03672	0	0	0	0	0	0	0.0	0	148269	3341	632
PSC	0	HG03639	0	0	0	0	0	0	7.8	0	149112	2493	637
PSC	0	HG03646	0	0	0	0	0	0	0.0	0	148237	3171	834
PSC	0	HG03595	0	0	0	0	0	0	0.0	0	0	0	152242
PSC	0	HG03603	0	0	0	0	0	0	6.6	0	149174	2392	676
PSC	0	HG03615	0	0	0	0	0	0	6.8	0	141468	3277	7497
PSC	0	HG03634	0	0	0	0	0	0	6.3	0	0	0	152242
PSC	0	HG03716	0	0	0	0	0	0	0.0	0	148248	3325	669
PSC	0	HG03730	0	0	0	0	0	0	6.8	0	0	0	152242
PSC	0	HG03742	0	0	0	0	0	0	7.0	0	147848	3240	1154
PSC	0	HG03754	0	0	0	0	0	0	6.9	0	0	0	152242
PSC	0	HG03792	0	0	0	0	0	0	6.2	0	148031	3358	853
PSC	0	HG03797	0	0	0	0	0	0	6.7	0	148733	2757	752
PSC	0	HG03800	0	0	0	0	0	0	6.8	0	148142	3371	729
PSC	0	HG03805	0	0	0	0	0	0	0.0	0	0	0	152242
PSC	0	HG03886	0	0	0	0	0	0	0.0	0	0	0	152242
PSC	0	HG03898	0	0	0	0	0	0	0.0	0	0	0	152242
PSC	0	HG03829	0	0	0	0	0	0	6.8	0	0	0	152242
PSC	0	HG03836	0	0	0	0	0	0	0.0	0	0	0	152242
PSC	0	HG03761	0	0	0	0	0	0	0.0	0	149379	2315	548
PSC	0	HG03773	0	0	0	0	0	0	7.3	0	148863	2717	662
PSC	0	HG03913	0	0	0	0	0	0	6.7	0	0	0	152242
PSC	0	HG03920	0	0	0	0	0	0	6.1	0	148193	3335	714
PSC	0	HG03812	0	0	0	0	0	0	7.2	0	147978	3541	723
PSC	0	HG03817	0	0	0	0	0	0	0.0	0	0	0	152242
PSC	0	HG03824	0	0	0	0	0	0	6.8	0	148102	3408	732
PSC	0	HG03867	0	0	0	0	0	0	0.0	0	147072	4243	927
PSC	0	HG03874	0	0	0	0	0	0	0.0	0	0	0	152242
PSC	0	HG03848	0	0	0	0	0	0	0.0	0	147980	3359	903
PSC	0	HG03850	0	0	0	0	0	0	7.3	0	147148	4168	926
PSC	0	HG03862	0	0	0	0	0	0	0.0	0	0	0	152242
PSC	0	HG03778	0	0	0	0	0	0	7.3	0	148220	3409	613
PSC	0	HG03780	0	0	0	0	0	0	0.0	0	0	0	152242
PSC	0	HG03785	0	0	0	0	0	0	8.9	0	147677	3421	1144
PSC	0	HG04098	0	0	0	0	0	0	0.0	0	149240	2339	663
PSC	0	HG04106	0	0	0	0	0	0	7.4	0	0	0	152242
PSC	0	HG04118	0	0	0	0	0	0	5.7	0	0	0	152242
PSC	0	HG04132	0	0	0	0	0	0	6.2	0	0	0	152242
PSC	0	HG04062	0	0	0	0	0	0	8.1	0	0	0	152242
PSC	0	HG04093	0	0	0	0	0	0	9.1	0	148215	3270	757
PSC	0	HG03925	0	0	0	0	0	0	0.0	0	0	0	152242
PSC	0	HG03937	0	0	0	0	0	0	0.0	0	0	0	152242
PSC	0	HG03944	0	0	0	0	0	0	0.0	0	0	0	152242
PSC	0	HG04029	0	0	0	0	0	0	7.0	0	0	0	152242
PSC	0	HG03949	0	0	0	0	0	0	0.0	0	0	0	152242
PSC	0	HG03951	0	0	0	0	0	0	0.0	0	0	0	152242
PSC	0	HG03963	0	0	0	0	0	0	7.2	0	149252	2464	526
PSC	0	HG03968	0	0	0	0	0	0	0.0	0	0	0	152242
PSC	0	HG04144	0	0	0	0	0	0	0.0	0	0	0	152242
PSC	0	HG04149	0	0	0	0	0	0	7.4	0	147910	3570	762
PSC	0	HG04156	0	0	0	0	0	0	7.3	0	0	0	152242
PSC	0	HG03999	0	0	0	0	0	0	6.9	0	148927	2629	686
PSC	0	HG04017	0	0	0	0	0	0	0.0	0	149238	2426	578
PSC	0	HG04202	0	0	0	0	0	0	6.8	0	0	0	152242
PSC	0	HG04214	0	0	0	0	0	0	0.0	0	0	0	152242
PSC	0	HG04182	0	0	0	0	0	0	0.0	0	148969	2563	710
PSC	0	HG04194	0	0	0	0	0	0	7.4	0	149409	2283	550
PSC	0	HG04219	0	0	0	0	0	0	0.0	0	149017	2593	632
PSC	0	HG04238	0	0	0	0	0	0	7.8	0	147533	3292	1417
PSC	0	HG01586	0	0	0	0	0	0	0.0	0	149077	2512	653
PSC	0	HG01593	0	0	0	0	0	0	0.0	0	0	0	152242
PSC	0	HG02661	0	0	0	0	0	0	0.0	0	0	0	152242
PSC	0	HG02604	0	0	0	0	0	0	8.6	0	0	0	152242
PSC	0	HG02685	0	0	0	0	0	0	7.8	0	0	0	152242
PSC	0	NA20850	0	0	0	0	0	0	0.0	0	149307	2364	571
PSC	0	NA21137	0	0	0	0	0	0	7.1	0	0	0	152242
PSC	0	HG02490	0	0	0	0	0	0	0.0	0	141952	3199	7091
PSC	0	NA21144	0	0	0	0	0	0	6.9	0	0	0	152242
PSC	0	NA20881	0	0	0	0	0	0	0.0	0	0	0	152242
PSC	0	NA20886	0	0	0	0	0	0	6.9	0	0	0	152242
PSC	0	NA20862	0	0	0	0	0	0	0.0	0	0	0	152242
PSC	0	HG02654	0	0	0	0	0	0	7.2	0	148045	3280	917
PSC	0	NA20867	0	0	0	0	0	0	0.0	0	148331	3214	697
PSC	0	NA20874	0	0	0	0	0	0	6.8	0	0	0	152242
PSC	0	HG02724	0	0	0	0	0	0	0.0	0	141896	3116	7230
PSC	0	NA20901	0	0	0	0	0	0	0.0	0	148140	3316	786
PSC	0	NA20906	0	0	0	0	0	0	7.1	0	0	0	152242
PSC	0	HG02731	0	0	0	0	0	0	6.5	0	0	0	152242
PSC	0	NA21086	0	0	0	0	0	0	7.7	0	0	0	152242
PSC	0	HG02736	0	0	0	0	0	0	7.1	0	149234	2403	605
PSC	0	NA21093	0	0	0	0	0	0	6.3	0	148157	3514	571
PSC	0	HG02793	0	0	0	0	0	0	0.0	0	0	0	152242
PSC	0	NA21098	0	0	0	0	0	0	6.7	0	149305	2306	631
PSC	0	NA21118	0	0	0	0	0	0	0.0	0	147092	4147	1003
PSC	0	NA21120	0	0	0	0	0	0	0.0	0	0	0	152242
PSC	0	NA21125	0	0	0	0	0	0	7.1	0	0	0	152242
PSC	0	HG02697	0	0	0	0	0	0	0.0	0	0	0	152242
PSC	0	NA21101	0	0	0	0	0	0	7.3	0	0	0	152242
PSC	0	HG02700	0	0	0	0	0	0	0.0	0	0	0	152242
PSC	0	NA21106	0	0	0	0	0	0	7.5	0	0	0	152242
PSC	0	NA21113	0	0	0	0	0	0	6.8	0	148256	3264	722
PSC	0	HG02774	0	0	0	0	0	0	0.0	0	147973	3359	910
PSC	0	HG02786	0	0	0	0	0	0	0.0	0	148209	3371	662
PSC	0	HG03006	0	0	0	0	0	0	7.3	0	126894	3249	22099
PSC	0	HG03018	0	0	0	0	0	0	6.6	0	141769	3257	7216
PSC	0	HG03234	0	0	0	0	0	0	6.5	0	149458	2100	684
PSC	0	HG03607	0	0	0	0	0	0	0.0	0	0	0	152242
PSC	0	HG03619	0	0	0	0	0	0	7.4	0	0	0	152242
PSC	0	HG03633	0	0	0	0	0	0	7.9	0	148279	3356	607
PSC	0	HG03640	0	0	0	0	0	0	0.0	0	0	0	152242
PSC	0	HG03645	0	0	0	0	0	0	0.0	0	0	0	152242
PSC	0	HG03594	0	0	0	0	0	0	0.0	0	148243	3202	797
PSC	0	HG03652	0	0	0	0	0	0	0.0	0	148940	2728	574
PSC	0	HG03690	0	0	0	0	0	0	0.0	0	0	0	152242
PSC	0	HG03695	0	0	0	0	0	0	0.0	0	148289	3277	676
PSC	0	HG03809	0	0	0	0	0	0	6.6	0	147987	3429	826
PSC	0	HG03753	0	0	0	0	0	0	7.0	0	148271	3269	702
PSC	0	HG03760	0	0	0	0	0	0	0.0	0	0	0	152242
PSC	0	HG03765	0	0	0	0	0	0	7.9	0	0	0	152242
PSC	0	HG03823	0	0	0	0	0	0	0.0	0	0	0	152242
PSC	0	HG03830	0	0	0	0	0	0	0.0	0	148464	3067	711
PSC	0	HG03722	0	0	0	0	0	0	0.0	0	0	0	152242
PSC	0	HG03727	0	0	0	0	0	0	6.7	0	149072	2603	567
PSC	0	HG03703	0	0	0	0	0	0	0.0	0	0	0	152242
PSC	0	HG03708	0	0	0	0	0	0	7.2	0	147778	3542	922
PSC	0	HG03789	0	0	0	0	0	0	9.3	0	0	0	152242
PSC	0	HG03796	0	0	0	0	0	0	6.4	0	0	0	152242
PSC	0	HG03772	0	0	0	0	0	0	0.0	0	0	0	152242
PSC	0	HG03777	0	0	0	0	0	0	0.0	0	148071	3490	681
PSC	0	HG03784	0	0	0	0	0	0	0.0	0	0	0	152242
PSC	0	HG03741	0	0	0	0	0	0	6.5	0	0	0	152242
PSC	0	HG03746	0	0	0	0	0	0	0.0	0	148022	3329	891
PSC	0	HG03943	0	0	0	0	0	0	7.4	0	148488	2831	923
PSC	0	HG03950	0	0	0	0	0	0	6.0	0	148250	3351	641
PSC	0	HG03955	0	0	0	0	0	0	0.0	0	0	0	152242
PSC	0	HG03967	0	0	0	0	0	0	0.0	0	149380	2342	520
PSC	0	HG04023	0	0	0	0	0	0	6.2	0	149375	2323	544
PSC	0	HG04035	0	0	0	0	0	0	9.2	0	0	0	152242
PSC	0	HG04042	0	0	0	0	0	0	8.1	0	0	0	152242
PSC	0	HG04047	0	0	0	0	0	0	8.9	0	0	0	152242
PSC	0	HG03885	0	0	0	0	0	0	0.0	0	148161	3377	704
PSC	0	HG03897	0	0	0	0	0	0	6.2	0	0	0	152242
PSC	0	HG03900	0	0	0	0	0	0	7.0	0	148299	3230	713
PSC	0	HG03854	0	0	0	0	0	0	7.2	0	147816	3492	934
PSC	0	HG03861	0	0	0	0	0	0	7.8	0	0	0	152242
PSC	0	HG03929	0	0	0	0	0	0	0.0	0	148312	3274	656
PSC	0	HG03931	0	0	0	0	0	0	0.0	0	0	0	152242
PSC	0	HG03905	0	0	0	0	0	0	0.0	0	141701	3369	7172
PSC	0	HG03917	0	0	0	0	0	0	0.0	0	147351	3966	925
PSC	0	HG03974	0	0	0	0	0	0	7.8	0	149016	2695	531
PSC	0	HG03986	0	0	0	0	0	0	8.6	0	0	0	152242
PSC	0	HG03866	0	0	0	0	0	0	0.0	0	149022	2635	585
PSC	0	HG03873	0	0	0	0	0	0	7.5	0	0	0	152242
PSC	0	HG03998	0	0	0	0	0	0	0.0	0	126912	3161	22169
PSC	0	HG04225	0	0	0	0	0	0	0.0	0	149338	2383	521
PSC	0	HG04155	0	0	0	0	0	0	6.5	0	146999	4051	1192
PSC	0	HG04162	0	0	0	0	0	0	0.0	0	0	0	152242
PSC	0	HG04174	0	0	0	0	0	0	6.3	0	0	0	152242
PSC	0	HG04100	0	0	0	0	0	0	8.6	0	148203	3376	663
PSC	0	HG04131	0	0	0	0	0	0	9.1	0	149318	2372	552
PSC	0	HG04054	0	0	0	0	0	0	0.0	0	0	0	152242
PSC	0	HG04059	0	0	0	0	0	0	6.6	0	0	0	152242
PSC	0	HG04061	0	0	0	0	0	0	0.0	0	148261	3297	684
PSC	0	HG04080	0	0	0	0	0	0	7.5	0	148273	3262	707
PSC	0	HG04186	0	0	0	0	0	0	0.0	0	0	0	152242
PSC	0	HG04150	0	0	0	0	0	0	6.9	0	0	0	152242
PSC	0	HG04198	0	0	0	0	0	0	6.5	0	148120	3462	660
PSC	0	HG04206	0	0	0	0	0	0	7.4	0	148246	3337	659
PSC	0	HG01589	0	0	0	0	0	0	0.0	0	147679	3390	1173
PSC	0	HG01583	0	0	0	0	0	0	0.0	0	148314	3298	630
PSC	0	HG02493	0	0	0	0	0	0	7.0	0	141752	3190	7300
PSC	0	HG02652	0	0	0	0	0	0	0.0	0	0	0	152242
PSC	0	HG02657	0	0	0	0	0	0	0.0	0	149242	2452	548
PSC	0	HG02727	0	0	0	0	0	0	0.0	0	149303	2312	627
PSC	0	HG02734	0	0	0	0	0	0	6.7	0	0	0	152242
PSC	0	HG02784	0	0	0	0	0	0	0.0	0	0	0	152242
PSC	0	HG02789	0	0	0	0	0	0	6.7	0	147494	3552	1196
PSC	0	HG02688	0	0	0	0	0	0	7.1	0	0	0	152242
PSC	0	HG02690	0	0	0	0	0	0	0.0	0	148064	3143	1035
PSC	0	HG03009	0	0	0	0	0	0	8.8	0	148031	3363	848
PSC	0	HG03016	0	0	0	0	0	0	0.0	0	0	0	152242
PSC	0	NA20847	0	0	0	0	0	0	6.3	0	0	0	152242
PSC	0	NA20854	0	0	0	0	0	0	0.0	0	0	0	152242
PSC	0	NA20892	0	0	0	0	0	0	0.0	0	0	0	152242
PSC	0	NA20897	0	0	0	0	0	0	0.0	0	149538	2160	544
PSC	0	NA20900	0	0	0	0	0	0	8.3	0	0	0	152242
PSC	0	NA20905	0	0	0	0	0	0	0.0	0	148046	3295	901
PSC	0	NA20859	0	0	0	0	0	0	0.0	0	0	0	152242
PSC	0	NA20861	0	0	0	0	0	0	11.1	0	148110	3373	759
PSC	0	NA20866	0	0	0	0	0	0	7.3	0	150385	1426	431
PSC	0	HG02649	0	0	0	0	0	0	0.0	0	0	0	152242
PSC	0	NA21097	0	0	0	0	0	0	6.9	0	0	0	152242
PSC	0	HG02651	0	0	0	0	0	0	6.5	0	148082	3297	863
PSC	0	NA21100	0	0	0	0	0	0	0.0	0	147245	4042	955
PSC	0	NA21105	0	0	0	0	0	0	7.7	0	149187	2514	541
PSC	0	NA20878	0	0	0	0	0	0	0.0	0	0	0	152242
PSC	0	HG02733	0	0	0	0	0	0	7.3	0	142137	2991	7114
PSC	0	NA20885	0	0	0	0	0	0	0.0	0	147741	3457	1044
PSC	0	NA21092	0	0	0	0	0	0	0.0	0	149356	2312	574
PSC	0	HG02699	0	0	0	0	0	0	0.0	0	149483	2183	576
PSC	0	HG02682	0	0	0	0	0	0	7.5	0	0	0	152242
PSC	0	HG02687	0	0	0	0	0	0	0.0	0	147680	3544	1018
PSC	0	HG02694	0	0	0	0	0	0	6.9	0	0	0	152242
PSC	0	HG02601	0	0	0	0	0	0	0.0	0	0	0	152242
PSC	0	NA21112	0	0	0	0	0	0	7.1	0	148232	3389	621
PSC	0	HG03237	0	0	0	0	0	0	6.9	0	141644	3286	7312
PSC	0	NA21117	0	0	0	0	0	0	10.6	0	147341	3889	1012
PSC	0	NA21124	0	0	0	0	0	0	0.0	0	147072	4220	950
PSC	0	HG02783	0	0	0	0	0	0	0.0	0	149090	2630	522
PSC	0	HG02790	0	0	0	0	0	0	7.2	0	0	0	152242
PSC	0	NA21129	0	0	0	0	0	0	0.0	0	149211	2384	647
PSC	0	HG03015	0	0	0	0	0	0	6.7	0	149287	2312	643
PSC	0	NA21143	0	0	0	0	0	0	7.1	0	0	0	152242
PSC	0	HG03022	0	0	0	0	0	0	0.0	0	0	0	152242
PSC	0	HG03491	0	0	0	0	0	0	7.2	0	0	0	152242
PSC	0	HG03698	0	0	0	0	0	0	7.2	0	0	0	152242
PSC	0	HG03706	0	0	0	0	0	0	0.0	0	0	0	152242
PSC	0	HG03713	0	0	0	0	0	0	6.9	0	149300	2326	616
PSC	0	HG03229	0	0	0	0	0	0	0.0	0	0	0	152242
PSC	0	HG03624	0	0	0	0	0	0	8.3	0	149356	2242	644
PSC	0	HG03629	0	0	0	0	0	0	7.2	0	149359	2306	577
PSC	0	HG03631	0	0	0	0	0	0	6.9	0	0	0	152242
PSC	0	HG03744	0	0	0	0	0	0	7.2	0	149207	2421	614
PSC	0	HG03667	0	0	0	0	0	0	0.0	0	149192	2416	634
PSC	0	HG03679	0	0	0	0	0	0	6.9	0	149343	2314	585
PSC	0	HG03681	0	0	0	0	0	0	0.0	0	148945	2679	618
PSC	0	HG03636	0	0	0	0	0	0	0.0	0	149292	2373	577
PSC	0	HG03643	0	0	0	0	0	0	7.4	0	0	0	152242
PSC	0	HG03650	0	0	0	0	0	0	0.0	0	0	0	152242
PSC	0	HG03718	0	0	0	0	0	0	0.0	0	148840	2651	751
PSC	0	HG03720	0	0	0	0	0	0	0.0	0	149142	2496	604
PSC	0	HG03725	0	0	0	0	0	0	0.0	0	149244	2539	459
PSC	0	HG03585	0	0	0	0	0	0	0.0	0	149125	2454	663
PSC	0	HG03600	0	0	0	0	0	0	7.0	0	148181	3384	677
PSC	0	HG03686	0	0	0	0	0	0	0.0	0	148365	3220	657
PSC	0	HG03693	0	0	0	0	0	0	6.4	0	147858	3523	861
PSC	0	HG03826	0	0	0	0	0	0	6.5	0	0	0	152242
PSC	0	HG03833	0	0	0	0	0	0	7.4	0	149176	2431	635
PSC	0	HG03838	0	0	0	0	0	0	7.7	0	0	0	152242
PSC	0	HG03888	0	0	0	0	0	0	0.0	0	0	0	152242
PSC	0	HG03890	0	0	0	0	0	0	0.0	0	148162	3206	874
PSC	0	HG03895	0	0	0	0	0	0	7.5	0	0	0	152242
PSC	0	HG03908	0	0	0	0	0	0	7.7	0	147661	3414	1167
PSC	0	HG03910	0	0	0	0	0	0	0.0	0	0	0	152242
PSC	0	HG03922	0	0	0	0	0	0	0.0	0	0	0	152242
PSC	0	HG03814	0	0	0	0	0	0	6.6	0	0	0	152242
PSC	0	HG03488	0	0	0	0	0	0	0.0	0	0	0	152242
PSC	0	HG03821	0	0	0	0	0	0	0.0	0	148196	3286	760
PSC	0	HG03756	0	0	0	0	0	0	6.9	0	0	0	152242
PSC	0	HG03770	0	0	0	0	0	0	0.0	0	0	0	152242
PSC	0	HG03775	0	0	0	0	0	0	0.0	0	149121	2470	651
PSC	0	HG03782	0	0	0	0	0	0	7.4	0	0	0	152242
PSC	0	HG03787	0	0	0	0	0	0	6.8	0	0	0	152242
PSC	0	HG03794	0	0	0	0	0	0	6.6	0	149042	2680	520
PSC	0	HG03799	0	0	0	0	0	0	6.8	0	0	0	152242
PSC	0	HG03802	0	0	0	0	0	0	6.9	0	0	0	152242
PSC	0	HG03869	0	0	0	0	0	0	0.0	0	148975	2704	563
PSC	0	HG03871	0	0	0	0	0	0	0.0	0	149113	2422	707
PSC	0	HG03857	0	0	0	0	0	0	6.4	0	0	0	152242
PSC	0	HG03864	0	0	0	0	0	0	0.0	0	148924	2750	568
PSC	0	HG04026	0	0	0	0	0	0	6.1	0	0	0	152242
PSC	0	HG04033	0	0	0	0	0	0	7.4	0	147596	3494	1152
PSC	0	HG04038	0	0	0	0	0	0	7.3	0	0	0	152242
PSC	0	HG03490	0	0	0	0	0	0	6.8	0	149315	2321	606
PSC	0	HG04134	0	0	0	0	0	0	7.3	0	148242	3293	707
PSC	0	HG04141	0	0	0	0	0	0	0.0	0	0	0	152242
PSC	0	HG04146	0	0	0	0	0	0	8.7	0	148255	3389	598
PSC	0	HG04153	0	0	0	0	0	0	12.4	0	0	0	152242
PSC	0	HG03934	0	0	0	0	0	0	0.0	0	0	0	152242
PSC	0	HG03941	0	0	0	0	0	0	7.2	0	148032	3568	642
PSC	0	HG03977	0	0	0	0	0	0	0.0	0	0	0	152242
PSC	0	HG03697	0	0	0	0	0	0	6.0	0	148198	3141	903
PSC	0	HG03989	0	0	0	0	0	0	7.5	0	0	0	152242
PSC	0	HG03700	0	0	0	0	0	0	0.0	0	0	0	152242
PSC	0	HG03991	0	0	0	0	0	0	7.5	0	148247	3360	635
PSC	0	HG03705	0	0	0	0	0	0	8.3	0	149363	2346	533
PSC	0	HG04158	0	0	0	0	0	0	0.0	0	149146	2526	570
PSC	0	HG03673	0	0	0	0	0	0	0.0	0	0	0	152242
PSC	0	HG04177	0	0	0	0	0	0	6.5	0	0	0	152242
PSC	0	HG03680	0	0	0	0	0	0	6.9	0	147987	3396	859
PSC	0	HG03953	0	0	0	0	0	0	7.3	0	148136	3356	750
PSC	0	HG03589	0	0	0	0	0	0	9.4	0	0	0	152242
PSC	0	HG03960	0	0	0	0	0	0	6.7	0	149507	2186	549
PSC	0	HG03965	0	0	0	0	0	0	0.0	0	147953	3380	909
PSC	0	HG03604	0	0	0	0	0	0	0.0	0	0	0	152242
PSC	0	HG03642	0	0	0	0	0	0	7.0	0	0	0	152242
PSC	0	HG04127	0	0	0	0	0	0	7.3	0	149295	2325	622
PSC	0	HG03611	0	0	0	0	0	0	0.0	0	0	0	152242
PSC	0	HG04002	0	0	0	0	0	0	6.4	0	148208	3428	606
PSC	0	HG03616	0	0	0	0	0	0	9.2	0	0	0	152242
PSC	0	HG04014	0	0	0	0	0	0	0.0	0	0	0	152242
PSC	0	HG03685	0	0	0	0	0	0	5.3	0	149360	2282	600
PSC	0	HG04019	0	0	0	0	0	0	0.0	0	149513	2200	529
PSC	0	HG03692	0	0	0	0	0	0	0.0	0	0	0	152242
PSC	0	HG04076	0	0	0	0	0	0	0.0	0	0	0	152242
PSC	0	HG03844	0	0	0	0	0	0	0.0	0	149126	2554	562
PSC	0	HG04090	0	0	0	0	0	0	0.0	0	0	0	152242
PSC	0	HG03849	0	0	0	0	0	0	0.0	0	0	0	152242
PSC	0	HG03851	0	0	0	0	0	0	8.4	0	141760	3232	7250
PSC	0	HG03856	0	0	0	0	0	0	0.0	0	149118	2577	547
PSC	0	HG03863	0	0	0	0	0	0	0.0	0	0	0	152242
PSC	0	HG03755	0	0	0	0	0	0	0.0	0	148267	3344	631
PSC	0	HG03762	0	0	0	0	0	0	10.3	0	0	0	152242
PSC	0	HG03767	0	0	0	0	0	0	0.0	0	147116	3200	1926
PSC	0	HG03832	0	0	0	0	0	0	6.4	0	0	0	152242
PSC	0	HG03837	0	0	0	0	0	0	7.1	0	148188	3223	831
PSC	0	HG04235	0	0	0	0	0	0	7.5	0	148342	3222	678
PSC	0	HG03731	0	0	0	0	0	0	6.7	0	0	0	152242
PSC	0	HG03736	0	0	0	0	0	0	6.9	0	0	0	152242
PSC	0	HG03743	0	0	0	0	0	0	0.0	0	149252	2409	581
PSC	0	HG03750	0	0	0	0	0	0	0.0	0	148992	2477	773
PSC	0	HG03868	0	0	0	0	0	0	7.3	0	0	0	152242
PSC	0	HG03870	0	0	0	0	0	0	0.0	0	147424	3366	1452
PSC	0	HG03875	0	0	0	0	0	0	6.7	0	148031	3416	795
PSC	0	HG03882	0	0	0	0	0	0	7.6	0	0	0	152242
PSC	0	HG03793	0	0	0	0	0	0	7.2	0	0	0	152242
PSC	0	HG03774	0	0	0	0	0	0	0.0	0	0	0	152242
PSC	0	HG03779	0	0	0	0	0	0	7.1	0	149305	2335	602
PSC	0	HG03781	0	0	0	0	0	0	0.0	0	0	0	152242
PSC	0	HG03786	0	0	0	0	0	0	7.6	0	148501	3085	656
PSC	0	HG04209	0	0	0	0	0	0	0.0	0	0	0	152242
PSC	0	HG03806	0	0	0	0	0	0	7.1	0	142012	3025	7205
PSC	0	HG04211	0	0	0	0	0	0	0.0	0	148176	3396	670
PSC	0	HG04216	0	0	0	0	0	0	0.0	0	0	0	152242
PSC	0	HG03717	0	0	0	0	0	0	7.2	0	0	0	152242
PSC	0	HG03729	0	0	0	0	0	0	0.0	0	148954	2748	540
PSC	0	HG03887	0	0	0	0	0	0	6.5	0	149401	2279	562
PSC	0	HG03894	0	0	0	0	0	0	0.0	0	0	0	152242
PSC	0	HG03899	0	0	0	0	0	0	9.2	0	149193	2428	621
PSC	0	HG03902	0	0	0	0	0	0	9.1	0	149429	2246	567
PSC	0	HG04189	0	0	0	0	0	0	0.0	0	0	0	152242
PSC	0	HG03995	0	0	0	0	0	0	6.9	0	0	0	152242
PSC	0	HG04191	0	0	0	0	0	0	7.2	0	148221	3398	623
PSC	0	HG04001	0	0	0	0	0	0	6.7	0	0	0	152242
PSC	0	HG04006	0	0	0	0	0	0	0.0	0	148230	3300	712
PSC	0	HG04018	0	0	0	0	0	0	7.5	0	0	0	152242
PSC	0	HG04020	0	0	0	0	0	0	6.8	0	149332	2349	561
PSC	0	HG04056	0	0	0	0	0	0	6.7	0	148956	2652	634
PSC	0	HG04063	0	0	0	0	0	0	0.0	0	0	0	152242
PSC	0	HG04070	0	0	0	0	0	0	0.0	0	0	0	152242
PSC	0	HG04075	0	0	0	0	0	0	7.4	0	0	0	152242
PSC	0	HG04094	0	0	0	0	0	0	6.9	0	148425	3054	763
PSC	0	HG04099	0	0	0	0	0	0	0.0	0	0	0	152242
PSC	0	HG04107	0	0	0	0	0	0	0.0	0	141923	3084	7235
PSC	0	HG03969	0	0	0	0	0	0	0.0	0	148075	3233	934
PSC	0	HG03971	0	0	0	0	0	0	5.9	0	148271	3276	695
PSC	0	HG03976	0	0	0	0	0	0	0.0	0	127264	3050	21928
PSC	0	HG03990	0	0	0	0	0	0	0.0	0	148397	3144	701
PSC	0	HG03907	0	0	0	0	0	0	7.7	0	0	0	152242
PSC	0	HG03914	0	0	0	0	0	0	0.0	0	148989	2716	537
PSC	0	HG03919	0	0	0	0	0	0	7.5	0	0	0	152242
PSC	0	HG03926	0	0	0	0	0	0	6.8	0	149349	2353	540
PSC	0	HG03940	0	0	0	0	0	0	0.0	0	0	0	152242
PSC	0	HG04025	0	0	0	0	0	0	0.0	0	0	0	152242
PSC	0	HG03945	0	0	0	0	0	0	7.1	0	0	0	152242
PSC	0	HG04195	0	0	0	0	0	0	6.7	0	0	0	152242
PSC	0	HG04210	0	0	0	0	0	0	6.5	0	147857	3385	1000
PSC	0	HG04164	0	0	0	0	0	0	0.0	0	148323	3313	606
PSC	0	HG04171	0	0	0	0	0	0	7.3	0	0	0	152242
PSC	0	HG04176	0	0	0	0	0	0	0.0	0	148188	3269	785
PSC	0	HG04222	0	0	0	0	0	0	0.0	0	148440	3183	619
PSC	0	HG04227	0	0	0	0	0	0	7.5	0	0	0	152242
PSC	0	HG04239	0	0	0	0	0	0	7.6	0	147706	3362	1174
PSC	0	HG04140	0	0	0	0	0	0	0.0	0	148376	3127	739
PSC	0	HG04152	0	0	0	0	0	0	7.3	0	149105	2549	588
PSC	0	HG04183	0	0	0	0	0	0	0.0	0	0	0	152242
PSC	0	HG04188	0	0	0	0	0	0	6.7	0	144858	3297	4087
PSC	0	NA20845	0	0	0	0	0	0	0.0	0	149053	2470	719
PSC	0	NA20852	0	0	0	0	0	0	0.0	0	149343	2308	591
PSC	0	NA20910	0	0	0	0	0	0	6.6	0	0	0	152242
PSC	0	NA21088	0	0	0	0	0	0	7.8	0	0	0	152242
PSC	0	NA21090	0	0	0	0	0	0	0.0	0	141883	3092	7267
PSC	0	NA21095	0	0	0	0	0	0	0.0	0	149346	2244	652
PSC	0	NA20864	0	0	0	0	0	0	0.0	0	149439	2253	550
PSC	0	NA20869	0	0	0	0	0	0	7.3	0	0	0	152242
PSC	0	NA20876	0	0	0	0	0	0	0.0	0	0	0	152242
PSC	0	NA20895	0	0	0	0	0	0	9.2	0	148887	2667	688
PSC	0	NA20903	0	0	0	0	0	0	6.8	0	149211	2429	602
PSC	0	NA20908	0	0	0	0	0	0	6.6	0	0	0	152242
PSC	0	NA21141	0	0	0	0	0	0	6.4	0	0	0	152242
PSC	0	NA21103	0	0	0	0	0	0	0.0	0	0	0	152242
PSC	0	NA21108	0	0	0	0	0	0	0.0	0	0	0	152242
PSC	0	NA21110	0	0	0	0	0	0	0.0	0	0	0	152242
PSC	0	NA20888	0	0	0	0	0	0	0.0	0	0	0	152242
PSC	0	NA20890	0	0	0	0	0	0	7.6	0	149267	2334	641
PSC	0	NA21115	0	0	0	0	0	0	0.0	0	149445	2250	547
PSC	0	NA21122	0	0	0	0	0	0	0.0	0	0	0	152242
PSC	0	NA21127	0	0	0	0	0	0	8.0	0	147268	4053	921
PSC	0	NA20863	0	0	0	0	0	0	7.0	0	148276	3326	640
PSC	0	NA20868	0	0	0	0	0	0	7.2	0	0	0	152242
PSC	0	NA20870	0	0	0	0	0	0	0.0	0	147802	3377	1063
PSC	0	NA20875	0	0	0	0	0	0	7.9	0	0	0	152242
PSC	0	NA21114	0	0	0	0	0	0	9.6	0	149358	2247	637
PSC	0	NA21119	0	0	0	0	0	0	6.9	0	147096	4195	951
PSC	0	NA21126	0	0	0	0	0	0	0.0	0	148318	3230	694
PSC	0	NA20894	0	0	0	0	0	0	0.0	0	0	0	152242
PSC	0	NA20899	0	0	0	0	0	0	7.5	0	0	0	152242
PSC	0	NA20902	0	0	0	0	0	0	7.5	0	0	0	152242
PSC	0	NA20849	0	0	0	0	0	0	0.0	0	0	0	152242
PSC	0	NA20851	0	0	0	0	0	0	6.9	0	0	0	152242
PSC	0	NA20856	0	0	0	0	0	0	7.3	0	0	0	152242
PSC	0	NA21099	0	0	0	0	0	0	7.5	0	148389	3226	627
PSC	0	NA21102	0	0	0	0	0	0	0.0	0	0	0	152242
PSC	0	NA21107	0	0	0	0	0	0	6.0	0	148379	3267	596
PSC	0	NA20882	0	0	0	0	0	0	7.4	0	0	0	152242
PSC	0	NA20887	0	0	0	0	0	0	0.0	0	149107	2534	601
PSC	0	NA21087	0	0	0	0	0	0	6.9	0	148216	3425	601
PSC	0	NA21094	0	0	0	0	0	0	7.4	0	147259	4110	873
PSC	0	NA21133	0	0	0	0	0	0	0.0	0	147191	4164	887
PSC	0	HG02494	0	0	0	0	0	0	0.0	0	0	0	152242
PSC	0	HG02603	0	0	0	0	0	0	0.0	0	149403	2280	559
PSC	0	HG02658	0	0	0	0	0	0	0.0	0	0	0	152242
PSC	0	HG02660	0	0	0	0	0	0	0.0	0	148987	2525	730
PSC	0	HG02728	0	0	0	0	0	0	7.0	0	0	0	152242
PSC	0	HG02696	0	0	0	0	0	0	0.0	0	148736	2697	809
PSC	0	HG02684	0	0	0	0	0	0	0.0	0	147825	3510	907
PSC	0	HG02691	0	0	0	0	0	0	6.0	0	0	0	152242
PSC	0	HG02778	0	0	0	0	0	0	7.1	0	0	0	152242
PSC	0	HG02780	0	0	0	0	0	0	0.0	0	149260	2390	592
PSC	0	HG02792	0	0	0	0	0	0	6.7	0	148203	3319	720
PSC	0	HG03012	0	0	0	0	0	0	7.0	0	141799	3206	7237
PSC	0	HG03238	0	0	0	0	0	0	8.1	0	0	0	152242
PSC	0	HG03606	0	0	0	0	0	0	0.0	0	149520	2171	551
PSC	0	HG03618	0	0	0	0	0	0	9.7	0	148089	3535	618
PSC	0	HG03625	0	0	0	0	0	0	6.5	0	0	0	152242
PSC	0	HG03644	0	0	0	0	0	0	6.8	0	148249	3314	679
PSC	0	HG03649	0	0	0	0	0	0	7.8	0	149299	2306	637
PSC	0	HG03699	0	0	0	0	0	0	0.0	0	149203	2488	551
PSC	0	HG03702	0	0	0	0	0	0	10.2	0	148954	2597	691
PSC	0	HG03663	0	0	0	0	0	0	7.9	0	149252	2349	641
PSC	0	HG03668	0	0	0	0	0	0	7.1	0	0	0	152242
PSC	0	HG03682	0	0	0	0	0	0	0.0	0	148996	2575	671
PSC	0	HG03687	0	0	0	0	0	0	6.9	0	149286	2240	716
PSC	0	HG03694	0	0	0	0	0	0	6.8	0	149197	2434	611
PSC	0	HG03593	0	0	0	0	0	0	9.1	0	146845	4196	1201
PSC	0	HG03598	0	0	0	0	0	0	7.2	0	0	0	152242
PSC	0	HG03788	0	0	0	0	0	0	0.0	0	148300	3277	665
PSC	0	HG03790	0	0	0	0	0	0	7.4	0	148196	3236	810
PSC	0	HG03803	0	0	0	0	0	0	0.0	0	149369	2273	600
PSC	0	HG03733	0	0	0	0	0	0	0.0	0	0	0	152242
PSC	0	HG03738	0	0	0	0	0	0	6.5	0	148125	3421	696
PSC	0	HG03740	0	0	0	0	0	0	0.0	0	149352	2366	524
PSC	0	HG03745	0	0	0	0	0	0	7.5	0	147938	3419	885
PSC	0	HG03752	0	0	0	0	0	0	7.6	0	0	0	152242
PSC	0	HG03757	0	0	0	0	0	0	6.4	0	0	0	152242
PSC	0	HG03771	0	0	0	0	0	0	0.0	0	149195	2482	565
PSC	0	HG03808	0	0	0	0	0	0	7.2	0	0	0	152242
PSC	0	HG03815	0	0	0	0	0	0	0.0	0	148397	3230	615
PSC	0	HG03714	0	0	0	0	0	0	0.0	0	0	0	152242
PSC	0	HG03721	0	0	0	0	0	0	0.0	0	0	0	152242
PSC	0	HG03846	0	0	0	0	0	0	8.8	0	148151	3379	712
PSC	0	HG03858	0	0	0	0	0	0	8.4	0	0	0	152242
PSC	0	HG03872	0	0	0	0	0	0	6.6	0	147556	3333	1353
PSC	0	HG04003	0	0	0	0	0	0	0.0	0	141988	3120	7134
PSC	0	HG04015	0	0	0	0	0	0	7.9	0	147890	3430	922
PSC	0	HG04022	0	0	0	0	0	0	10.6	0	148872	2648	722
PSC	0	HG03904	0	0	0	0	0	0	0.0	0	0	0	152242
PSC	0	HG03911	0	0	0	0	0	0	0.0	0	149431	2142	669
PSC	0	HG03916	0	0	0	0	0	0	0.0	0	0	0	152242
PSC	0	HG03928	0	0	0	0	0	0	0.0	0	0	0	152242
PSC	0	HG03973	0	0	0	0	0	0	7.3	0	0	0	152242
PSC	0	HG03978	0	0	0	0	0	0	0.0	0	149292	2353	597
PSC	0	HG03985	0	0	0	0	0	0	10.7	0	148478	3172	592
PSC	0	HG03884	0	0	0	0	0	0	6.3	0	0	0	152242
PSC	0	HG03896	0	0	0	0	0	0	0.0	0	149269	2360	613
PSC	0	HG04060	0	0	0	0	0	0	0.0	0	148256	3417	569
PSC	0	HG04096	0	0	0	0	0	0	6.8	0	149473	2192	577
PSC	0	HG04039	0	0	0	0	0	0	6.9	0	149229	2374	639
PSC	0	HG03947	0	0	0	0	0	0	0.0	0	0	0	152242
PSC	0	HG04229	0	0	0	0	0	0	0.0	0	149070	2327	845
PSC	0	HG04200	0	0	0	0	0	0	0.0	0	0	0	152242
PSC	0	HG04212	0	0	0	0	0	0	7.3	0	0	0	152242
PSC	0	HG04180	0	0	0	0	0	0	0.0	0	0	0	152242
PSC	0	HG04185	0	0	0	0	0	0	0.0	0	148209	3365	668
PSC	0	HG04192	0	0	0	0	0	0	8.6	0	0	0	152242
PSC	0	HG04159	0	0	0	0	0	0	0.0	0	0	0	152242
PSC	0	HG04161	0	0	0	0	0	0	10.5	0	148272	3359	611
PSC	0	HG04173	0	0	0	0	0	0	8.4	0	148067	3389	786
PSC	0	HG04135	0	0	0	0	0	0	0.0	0	0	0	152242
PSC	0	HG04147	0	0	0	0	0	0	7.8	0	0	0	152242
PSC	0	NA20877	0	0	0	0	0	0	0.0	0	0	0	152242
PSC	0	NA20884	0	0	0	0	0	0	0.0	0	141736	3307	7199
PSC	0	NA20889	0	0	0	0	0	0	0.0	0	147179	4067	996
PSC	0	NA20891	0	0	0	0	0	0	0.0	0	149337	2293	612
PSC	0	NA20911	0	0	0	0	0	0	0.0	0	147300	3919	1023
PSC	0	NA21089	0	0	0	0	0	0	6.9	0	0	0	152242
PSC	0	NA21091	0	0	0	0	0	0	6.7	0	147240	4057	945
PSC	0	NA20846	0	0	0	0	0	0	0.0	0	149265	2355	622
PSC	0	NA20853	0	0	0	0	0	0	0.0	0	0	0	152242
PSC	0	NA20858	0	0	0	0	0	0	12.6	0	147980	3320	942
PSC	0	NA21128	0	0	0	0	0	0	6.3	0	148365	3232	645
PSC	0	NA21130	0	0	0	0	0	0	6.7	0	141627	3273	7342
PSC	0	NA21135	0	0	0	0	0	0	0.0	0	148279	3146	817
PSC	0	NA21142	0	0	0	0	0	0	6.8	0	0	0	152242
PSC	0	NA21104	0	0	0	0	0	0	0.0	0	149270	2344	628
PSC	0	NA21109	0	0	0	0	0	0	0.0	0	148067	3327	848
PSC	0	NA21111	0	0	0	0	0	0	6.9	0	148199	3395	648
PSC	0	NA20896	0	0	0	0	0	0	8.1	0	0	0	152242
PSC	0	NA20904	0	0	0	0	0	0	7.6	0	149305	2392	545
PSC	0	NA21116	0	0	0	0	0	0	6.7	0	148081	3410	751
PSC	0	NA21123	0	0	0	0	0	0	7.5	0	147201	4161	880
PSC	0	NA20872	0	0	0	0	0	0	6.1	0	0	0	152242
# PSI, Per-Sample Indels
# PSI	[2]id	[3]sample	[4]in-frame	[5]out-frame	[6]not applicable	[7]out/(in+out) ratio	[8]nHets	[9]nAA
PSI	0	HG02491	0	0	0	0.00	0	0
PSI	0	HG02597	0	0	0	0.00	0	0
PSI	0	HG02600	0	0	0	0.00	0	0
PSI	0	HG02775	0	0	0	0.00	0	0
PSI	0	HG02725	0	0	0	0.00	0	0
PSI	0	HG02737	0	0	0	0.00	0	0
PSI	0	HG02648	0	0	0	0.00	0	0
PSI	0	HG02655	0	0	0	0.00	0	0
PSI	0	HG02681	0	0	0	0.00	0	0
PSI	0	HG02787	0	0	0	0.00	0	0
PSI	0	HG03007	0	0	0	0.00	0	0
PSI	0	HG03019	0	0	0	0.00	0	0
PSI	0	HG03021	0	0	0	0.00	0	0
PSI	0	HG03228	0	0	0	0.00	0	0
PSI	0	HG03235	0	0	0	0.00	0	0
PSI	0	HG03487	0	0	0	0.00	0	0
PSI	0	HG03684	0	0	0	0.00	0	0
PSI	0	HG03689	0	0	0	0.00	0	0
PSI	0	HG03691	0	0	0	0.00	0	0
PSI	0	HG03696	0	0	0	0.00	0	0
PSI	0	HG03709	0	0	0	0.00	0	0
PSI	0	HG03711	0	0	0	0.00	0	0
PSI	0	HG03653	0	0	0	0.00	0	0
PSI	0	HG03660	0	0	0	0.00	0	0
PSI	0	HG03672	0	0	0	0.00	0	0
PSI	0	HG03639	0	0	0	0.00	0	0
PSI	0	HG03646	0	0	0	0.00	0	0
PSI	0	HG03595	0	0	0	0.00	0	0
PSI	0	HG03603	0	0	0	0.00	0	0
PSI	0	HG03615	0	0	0	0.00	0	0
PSI	0	HG03634	0	0	0	0.00	0	0
PSI	0	HG03716	0	0	0	0.00	0	0
PSI	0	HG03730	0	0	0	0.00	0	0
PSI	0	HG03742	0	0	0	0.00	0	0
PSI	0	HG03754	0	0	0	0.00	0	0
PSI	0	HG03792	0	0	0	0.00	0	0
PSI	0	HG03797	0	0	0	0.00	0	0
PSI	0	HG03800	0	0	0	0.00	0	0
PSI	0	HG03805	0	0	0	0.00	0	0
PSI	0	HG03886	0	0	0	0.00	0	0
PSI	0	HG03898	0	0	0	0.00	0	0
PSI	0	HG03829	0	0	0	0.00	0	0
PSI	0	HG03836	0	0	0	0.00	0	0
PSI	0	HG03761	0	0	0	0.00	0	0
PSI	0	HG03773	0	0	0	0.00	0	0
PSI	0	HG03913	0	0	0	0.00	0	0
PSI	0	HG03920	0	0	0	0.00	0	0
PSI	0	HG03812	0	0	0	0.00	0	0
PSI	0	HG03817	0	0	0	0.00	0	0
PSI	0	HG03824	0	0	0	0.00	0	0
PSI	0	HG03867	0	0	0	0.00	0	0
PSI	0	HG03874	0	0	0	0.00	0	0
PSI	0	HG03848	0	0	0	0.00	0	0
PSI	0	HG03850	0	0	0	0.00	0	0
PSI	0	HG03862	0	0	0	0.00	0	0
PSI	0	HG03778	0	0	0	0.00	0	0
PSI	0	HG03780	0	0	0	0.00	0	0
PSI	0	HG03785	0	0	0	0.00	0	0
PSI	0	HG04098	0	0	0	0.00	0	0
PSI	0	HG04106	0	0	0	0.00	0	0
PSI	0	HG04118	0	0	0	0.00	0	0
PSI	0	HG04132	0	0	0	0.00	0	0
PSI	0	HG04062	0	0	0	0.00	0	0
PSI	0	HG04093	0	0	0	0.00	0	0
PSI	0	HG03925	0	0	0	0.00	0	0
PSI	0	HG03937	0	0	0	0.00	0	0
PSI	0	HG03944	0	0	0	0.00	0	0
PSI	0	HG04029	0	0	0	0.00	0	0
PSI	0	HG03949	0	0	0	0.00	0	0
PSI	0	HG03951	0	0	0	0.00	0	0
PSI	0	HG03963	0	0	0	0.00	0	0
PSI	0	HG03968	0	0	0	0.00	0	0
PSI	0	HG04144	0	0	0	0.00	0	0
PSI	0	HG04149	0	0	0	0.00	0	0
PSI	0	HG04156	0	0	0	0.00	0	0
PSI	0	HG03999	0	0	0	0.00	0	0
PSI	0	HG04017	0	0	0	0.00	0	0
PSI	0	HG04202	0	0	0	0.00	0	0
PSI	0	HG04214	0	0	0	0.00	0	0
PSI	0	HG04182	0	0	0	0.00	0	0
PSI	0	HG04194	0	0	0	0.00	0	0
PSI	0	HG04219	0	0	0	0.00	0	0
PSI	0	HG04238	0	0	0	0.00	0	0
PSI	0	HG01586	0	0	0	0.00	0	0
PSI	0	HG01593	0	0	0	0.00	0	0
PSI	0	HG02661	0	0	0	0.00	0	0
PSI	0	HG02604	0	0	0	0.00	0	0
PSI	0	HG02685	0	0	0	0.00	0	0
PSI	0	NA20850	0	0	0	0.00	0	0
PSI	0	NA21137	0	0	0	0.00	0	0
PSI	0	HG02490	0	0	0	0.00	0	0
PSI	0	NA21144	0	0	0	0.00	0	0
PSI	0	NA20881	0	0	0	0.00	0	0
PSI	0	NA20886	0	0	0	0.00	0	0
PSI	0	NA20862	0	0	0	0.00	0	0
PSI	0	HG02654	0	0	0	0.00	0	0
PSI	0	NA20867	0	0	0	0.00	0	0
PSI	0	NA20874	0	0	0	0.00	0	0
PSI	0	HG02724	0	0	0	0.00	0	0
PSI	0	NA20901	0	0	0	0.00	0	0
PSI	0	NA20906	0	0	0	0.00	0	0
PSI	0	HG02731	0	0	0	0.00	0	0
PSI	0	NA21086	0	0	0	0.00	0	0
PSI	0	HG02736	0	0	0	0.00	0	0
PSI	0	NA21093	0	0	0	0.00	0	0
PSI	0	HG02793	0	0	0	0.00	0	0
PSI	0	NA21098	0	0	0	0.00	0	0
PSI	0	NA21118	0	0	0	0.00	0	0
PSI	0	NA21120	0	0	0	0.00	0	0
PSI	0	NA21125	0	0	0	0.00	0	0
PSI	0	HG02697	0	0	0	0.00	0	0
PSI	0	NA21101	0	0	0	0.00	0	0
PSI	0	HG02700	0	0	0	0.00	0	0
PSI	0	NA21106	0	0	0	0.00	0	0
PSI	0	NA21113	0	0	0	0.00	0	0
PSI	0	HG02774	0	0	0	0.00	0	0
PSI	0	HG02786	0	0	0	0.00	0	0
PSI	0	HG03006	0	0	0	0.00	0	0
PSI	0	HG03018	0	0	0	0.00	0	0
PSI	0	HG03234	0	0	0	0.00	0	0
PSI	0	HG03607	0	0	0	0.00	0	0
PSI	0	HG03619	0	0	0	0.00	0	0
PSI	0	HG03633	0	0	0	0.00	0	0
PSI	0	HG03640	0	0	0	0.00	0	0
PSI	0	HG03645	0	0	0	0.00	0	0
PSI	0	HG03594	0	0	0	0.00	0	0
PSI	0	HG03652	0	0	0	0.00	0	0
PSI	0	HG03690	0	0	0	0.00	0	0
PSI	0	HG03695	0	0	0	0.00	0	0
PSI	0	HG03809	0	0	0	0.00	0	0
PSI	0	HG03753	0	0	0	0.00	0	0
PSI	0	HG03760	0	0	0	0.00	0	0
PSI	0	HG03765	0	0	0	0.00	0	0
PSI	0	HG03823	0	0	0	0.00	0	0
PSI	0	HG03830	0	0	0	0.00	0	0
PSI	0	HG03722	0	0	0	0.00	0	0
PSI	0	HG03727	0	0	0	0.00	0	0
PSI	0	HG03703	0	0	0	0.00	0	0
PSI	0	HG03708	0	0	0	0.00	0	0
PSI	0	HG03789	0	0	0	0.00	0	0
PSI	0	HG03796	0	0	0	0.00	0	0
PSI	0	HG03772	0	0	0	0.00	0	0
PSI	0	HG03777	0	0	0	0.00	0	0
PSI	0	HG03784	0	0	0	0.00	0	0
PSI	0	HG03741	0	0	0	0.00	0	0
PSI	0	HG03746	0	0	0	0.00	0	0
PSI	0	HG03943	0	0	0	0.00	0	0
PSI	0	HG03950	0	0	0	0.00	0	0
PSI	0	HG03955	0	0	0	0.00	0	0
PSI	0	HG03967	0	0	0	0.00	0	0
PSI	0	HG04023	0	0	0	0.00	0	0
PSI	0	HG04035	0	0	0	0.00	0	0
PSI	0	HG04042	0	0	0	0.00	0	0
PSI	0	HG04047	0	0	0	0.00	0	0
PSI	0	HG03885	0	0	0	0.00	0	0
PSI	0	HG03897	0	0	0	0.00	0	0
PSI	0	HG03900	0	0	0	0.00	0	0
PSI	0	HG03854	0	0	0	0.00	0	0
PSI	0	HG03861	0	0	0	0.00	0	0
PSI	0	HG03929	0	0	0	0.00	0	0
PSI	0	HG03931	0	0	0	0.00	0	0
PSI	0	HG03905	0	0	0	0.00	0	0
PSI	0	HG03917	0	0	0	0.00	0	0
PSI	0	HG03974	0	0	0	0.00	0	0
PSI	0	HG03986	0	0	0	0.00	0	0
PSI	0	HG03866	0	0	0	0.00	0	0
PSI	0	HG03873	0	0	0	0.00	0	0
PSI	0	HG03998	0	0	0	0.00	0	0
PSI	0	HG04225	0	0	0	0.00	0	0
PSI	0	HG04155	0	0	0	0.00	0	0
PSI	0	HG04162	0	0	0	0.00	0	0
PSI	0	HG04174	0	0	0	0.00	0	0
PSI	0	HG04100	0	0	0	0.00	0	0
PSI	0	HG04131	0	0	0	0.00	0	0
PSI	0	HG04054	0	0	0	0.00	0	0
PSI	0	HG04059	0	0	0	0.00	0	0
PSI	0	HG04061	0	0	0	0.00	0	0
PSI	0	HG04080	0	0	0	0.00	0	0
PSI	0	HG04186	0	0	0	0.00	0	0
PSI	0	HG04150	0	0	0	0.00	0	0
PSI	0	HG04198	0	0	0	0.00	0	0
PSI	0	HG04206	0	0	0	0.00	0	0
PSI	0	HG01589	0	0	0	0.00	0	0
PSI	0	HG01583	0	0	0	0.00	0	0
PSI	0	HG02493	0	0	0	0.00	0	0
PSI	0	HG02652	0	0	0	0.00	0	0
PSI	0	HG02657	0	0	0	0.00	0	0
PSI	0	HG02727	0	0	0	0.00	0	0
PSI	0	HG02734	0	0	0	0.00	0	0
PSI	0	HG02784	0	0	0	0.00	0	0
PSI	0	HG02789	0	0	0	0.00	0	0
PSI	0	HG02688	0	0	0	0.00	0	0
PSI	0	HG02690	0	0	0	0.00	0	0
PSI	0	HG03009	0	0	0	0.00	0	0
PSI	0	HG03016	0	0	0	0.00	0	0
PSI	0	NA20847	0	0	0	0.00	0	0
PSI	0	NA20854	0	0	0	0.00	0	0
PSI	0	NA20892	0	0	0	0.00	0	0
PSI	0	NA20897	0	0	0	0.00	0	0
PSI	0	NA20900	0	0	0	0.00	0	0
PSI	0	NA20905	0	0	0	0.00	0	0
PSI	0	NA20859	0	0	0	0.00	0	0
PSI	0	NA20861	0	0	0	0.00	0	0
PSI	0	NA20866	0	0	0	0.00	0	0
PSI	0	HG02649	0	0	0	0.00	0	0
PSI	0	NA21097	0	0	0	0.00	0	0
PSI	0	HG02651	0	0	0	0.00	0	0
PSI	0	NA21100	0	0	0	0.00	0	0
PSI	0	NA21105	0	0	0	0.00	0	0
PSI	0	NA20878	0	0	0	0.00	0	0
PSI	0	HG02733	0	0	0	0.00	0	0
PSI	0	NA20885	0	0	0	0.00	0	0
PSI	0	NA21092	0	0	0	0.00	0	0
PSI	0	HG02699	0	0	0	0.00	0	0
PSI	0	HG02682	0	0	0	0.00	0	0
PSI	0	HG02687	0	0	0	0.00	0	0
PSI	0	HG02694	0	0	0	0.00	0	0
PSI	0	HG02601	0	0	0	0.00	0	0
PSI	0	NA21112	0	0	0	0.00	0	0
PSI	0	HG03237	0	0	0	0.00	0	0
PSI	0	NA21117	0	0	0	0.00	0	0
PSI	0	NA21124	0	0	0	0.00	0	0
PSI	0	HG02783	0	0	0	0.00	0	0
PSI	0	HG02790	0	0	0	0.00	0	0
PSI	0	NA21129	0	0	0	0.00	0	0
PSI	0	HG03015	0	0	0	0.00	0	0
PSI	0	NA21143	0	0	0	0.00	0	0
PSI	0	HG03022	0	0	0	0.00	0	0
PSI	0	HG03491	0	0	0	0.00	0	0
PSI	0	HG03698	0	0	0	0.00	0	0
PSI	0	HG03706	0	0	0	0.00	0	0
PSI	0	HG03713	0	0	0	0.00	0	0
PSI	0	HG03229	0	0	0	0.00	0	0
PSI	0	HG03624	0	0	0	0.00	0	0
PSI	0	HG03629	0	0	0	0.00	0	0
PSI	0	HG03631	0	0	0	0.00	0	0
PSI	0	HG03744	0	0	0	0.00	0	0
PSI	0	HG03667	0	0	0	0.00	0	0
PSI	0	HG03679	0	0	0	0.00	0	0
PSI	0	HG03681	0	0	0	0.00	0	0
PSI	0	HG03636	0	0	0	0.00	0	0
PSI	0	HG03643	0	0	0	0.00	0	0
PSI	0	HG03650	0	0	0	0.00	0	0
PSI	0	HG03718	0	0	0	0.00	0	0
PSI	0	HG03720	0	0	0	0.00	0	0
PSI	0	HG03725	0	0	0	0.00	0	0
PSI	0	HG03585	0	0	0	0.00	0	0
PSI	0	HG03600	0	0	0	0.00	0	0
PSI	0	HG03686	0	0	0	0.00	0	0
PSI	0	HG03693	0	0	0	0.00	0	0
PSI	0	HG03826	0	0	0	0.00	0	0
PSI	0	HG03833	0	0	0	0.00	0	0
PSI	0	HG03838	0	0	0	0.00	0	0
PSI	0	HG03888	0	0	0	0.00	0	0
PSI	0	HG03890	0	0	0	0.00	0	0
PSI	0	HG03895	0	0	0	0.00	0	0
PSI	0	HG03908	0	0	0	0.00	0	0
PSI	0	HG03910	0	0	0	0.00	0	0
PSI	0	HG03922	0	0	0	0.00	0	0
PSI	0	HG03814	0	0	0	0.00	0	0
PSI	0	HG03488	0	0	0	0.00	0	0
PSI	0	HG03821	0	0	0	0.00	0	0
PSI	0	HG03756	0	0	0	0.00	0	0
PSI	0	HG03770	0	0	0	0.00	0	0
PSI	0	HG03775	0	0	0	0.00	0	0
PSI	0	HG03782	0	0	0	0.00	0	0
PSI	0	HG03787	0	0	0	0.00	0	0
PSI	0	HG03794	0	0	0	0.00	0	0
PSI	0	HG03799	0	0	0	0.00	0	0
PSI	0	HG03802	0	0	0	0.00	0	0
PSI	0	HG03869	0	0	0	0.00	0	0
PSI	0	HG03871	0	0	0	0.00	0	0
PSI	0	HG03857	0	0	0	0.00	0	0
PSI	0	HG03864	0	0	0	0.00	0	0
PSI	0	HG04026	0	0	0	0.00	0	0
PSI	0	HG04033	0	0	0	0.00	0	0
PSI	0	HG04038	0	0	0	0.00	0	0
PSI	0	HG03490	0	0	0	0.00	0	0
PSI	0	HG04134	0	0	0	0.00	0	0
PSI	0	HG04141	0	0	0	0.00	0	0
PSI	0	HG04146	0	0	0	0.00	0	0
PSI	0	HG04153	0	0	0	0.00	0	0
PSI	0	HG03934	0	0	0	0.00	0	0
PSI	0	HG03941	0	0	0	0.00	0	0
PSI	0	HG03977	0	0	0	0.00	0	0
PSI	0	HG03697	0	0	0	0.00	0	0
PSI	0	HG03989	0	0	0	0.00	0	0
PSI	0	HG03700	0	0	0	0.00	0	0
PSI	0	HG03991	0	0	0	0.00	0	0
PSI	0	HG03705	0	0	0	0.00	0	0
PSI	0	HG04158	0	0	0	0.00	0	0
PSI	0	HG03673	0	0	0	0.00	0	0
PSI	0	HG04177	0	0	0	0.00	0	0
PSI	0	HG03680	0	0	0	0.00	0	0
PSI	0	HG03953	0	0	0	0.00	0	0
PSI	0	HG03589	0	0	0	0.00	0	0
PSI	0	HG03960	0	0	0	0.00	0	0
PSI	0	HG03965	0	0	0	0.00	0	0
PSI	0	HG03604	0	0	0	0.00	0	0
PSI	0	HG03642	0	0	0	0.00	0	0
PSI	0	HG04127	0	0	0	0.00	0	0
PSI	0	HG03611	0	0	0	0.00	0	0
PSI	0	HG04002	0	0	0	0.00	0	0
PSI	0	HG03616	0	0	0	0.00	0	0
PSI	0	HG04014	0	0	0	0.00	0	0
PSI	0	HG03685	0	0	0	0.00	0	0
PSI	0	HG04019	0	0	0	0.00	0	0
PSI	0	HG03692	0	0	0	0.00	0	0
PSI	0	HG04076	0	0	0	0.00	0	0
PSI	0	HG03844	0	0	0	0.00	0	0
PSI	0	HG04090	0	0	0	0.00	0	0
PSI	0	HG03849	0	0	0	0.00	0	0
PSI	0	HG03851	0	0	0	0.00	0	0
PSI	0	HG03856	0	0	0	0.00	0	0
PSI	0	HG03863	0	0	0	0.00	0	0
PSI	0	HG03755	0	0	0	0.00	0	0
PSI	0	HG03762	0	0	0	0.00	0	0
PSI	0	HG03767	0	0	0	0.00	0	0
PSI	0	HG03832	0	0	0	0.00	0	0
PSI	0	HG03837	0	0	0	0.00	0	0
PSI	0	HG04235	0	0	0	0.00	0	0
PSI	0	HG03731	0	0	0	0.00	0	0
PSI	0	HG03736	0	0	0	0.00	0	0
PSI	0	HG03743	0	0	0	0.00	0	0
PSI	0	HG03750	0	0	0	0.00	0	0
PSI	0	HG03868	0	0	0	0.00	0	0
PSI	0	HG03870	0	0	0	0.00	0	0
PSI	0	HG03875	0	0	0	0.00	0	0
PSI	0	HG03882	0	0	0	0.00	0	0
PSI	0	HG03793	0	0	0	0.00	0	0
PSI	0	HG03774	0	0	0	0.00	0	0
PSI	0	HG03779	0	0	0	0.00	0	0
PSI	0	HG03781	0	0	0	0.00	0	0
PSI	0	HG03786	0	0	0	0.00	0	0
PSI	0	HG04209	0	0	0	0.00	0	0
PSI	0	HG03806	0	0	0	0.00	0	0
PSI	0	HG04211	0	0	0	0.00	0	0
PSI	0	HG04216	0	0	0	0.00	0	0
PSI	0	HG03717	0	0	0	0.00	0	0
PSI	0	HG03729	0	0	0	0.00	0	0
PSI	0	HG03887	0	0	0	0.00	0	0
PSI	0	HG03894	0	0	0	0.00	0	0
PSI	0	HG03899	0	0	0	0.00	0	0
PSI	0	HG03902	0	0	0	0.00	0	0
PSI	0	HG04189	0	0	0	0.00	0	0
PSI	0	HG03995	0	0	0	0.00	0	0
PSI	0	HG04191	0	0	0	0.00	0	0
PSI	0	HG04001	0	0	0	0.00	0	0
PSI	0	HG04006	0	0	0	0.00	0	0
PSI	0	HG04018	0	0	0	0.00	0	0
PSI	0	HG04020	0	0	0	0.00	0	0
PSI	0	HG04056	0	0	0	0.00	0	0
PSI	0	HG04063	0	0	0	0.00	0	0
PSI	0	HG04070	0	0	0	0.00	0	0
PSI	0	HG04075	0	0	0	0.00	0	0
PSI	0	HG04094	0	0	0	0.00	0	0
PSI	0	HG04099	0	0	0	0.00	0	0
PSI	0	HG04107	0	0	0	0.00	0	0
PSI	0	HG03969	0	0	0	0.00	0	0
PSI	0	HG03971	0	0	0	0.00	0	0
PSI	0	HG03976	0	0	0	0.00	0	0
PSI	0	HG03990	0	0	0	0.00	0	0
PSI	0	HG03907	0	0	0	0.00	0	0
PSI	0	HG03914	0	0	0	0.00	0	0
PSI	0	HG03919	0	0	0	0.00	0	0
PSI	0	HG03926	0	0	0	0.00	0	0
PSI	0	HG03940	0	0	0	0.00	0	0
PSI	0	HG04025	0	0	0	0.00	0	0
PSI	0	HG03945	0	0	0	0.00	0	0
PSI	0	HG04195	0	0	0	0.00	0	0
PSI	0	HG04210	0	0	0	0.00	0	0
PSI	0	HG04164	0	0	0	0.00	0	0
PSI	0	HG04171	0	0	0	0.00	0	0
PSI	0	HG04176	0	0	0	0.00	0	0
PSI	0	HG04222	0	0	0	0.00	0	0
PSI	0	HG04227	0	0	0	0.00	0	0
PSI	0	HG04239	0	0	0	0.00	0	0
PSI	0	HG04140	0	0	0	0.00	0	0
PSI	0	HG04152	0	0	0	0.00	0	0
PSI	0	HG04183	0	0	0	0.00	0	0
PSI	0	HG04188	0	0	0	0.00	0	0
PSI	0	NA20845	0	0	0	0.00	0	0
PSI	0	NA20852	0	0	0	0.00	0	0
PSI	0	NA20910	0	0	0	0.00	0	0
PSI	0	NA21088	0	0	0	0.00	0	0
PSI	0	NA21090	0	0	0	0.00	0	0
PSI	0	NA21095	0	0	0	0.00	0	0
PSI	0	NA20864	0	0	0	0.00	0	0
PSI	0	NA20869	0	0	0	0.00	0	0
PSI	0	NA20876	0	0	0	0.00	0	0
PSI	0	NA20895	0	0	0	0.00	0	0
PSI	0	NA20903	0	0	0	0.00	0	0
PSI	0	NA20908	0	0	0	0.00	0	0
PSI	0	NA21141	0	0	0	0.00	0	0
PSI	0	NA21103	0	0	0	0.00	0	0
PSI	0	NA21108	0	0	0	0.00	0	0
PSI	0	NA21110	0	0	0	0.00	0	0
PSI	0	NA20888	0	0	0	0.00	0	0
PSI	0	NA20890	0	0	0	0.00	0	0
PSI	0	NA21115	0	0	0	0.00	0	0
PSI	0	NA21122	0	0	0	0.00	0	0
PSI	0	NA21127	0	0	0	0.00	0	0
PSI	0	NA20863	0	0	0	0.00	0	0
PSI	0	NA20868	0	0	0	0.00	0	0
PSI	0	NA20870	0	0	0	0.00	0	0
PSI	0	NA20875	0	0	0	0.00	0	0
PSI	0	NA21114	0	0	0	0.00	0	0
PSI	0	NA21119	0	0	0	0.00	0	0
PSI	0	NA21126	0	0	0	0.00	0	0
PSI	0	NA20894	0	0	0	0.00	0	0
PSI	0	NA20899	0	0	0	0.00	0	0
PSI	0	NA20902	0	0	0	0.00	0	0
PSI	0	NA20849	0	0	0	0.00	0	0
PSI	0	NA20851	0	0	0	0.00	0	0
PSI	0	NA20856	0	0	0	0.00	0	0
PSI	0	NA21099	0	0	0	0.00	0	0
PSI	0	NA21102	0	0	0	0.00	0	0
PSI	0	NA21107	0	0	0	0.00	0	0
PSI	0	NA20882	0	0	0	0.00	0	0
PSI	0	NA20887	0	0	0	0.00	0	0
PSI	0	NA21087	0	0	0	0.00	0	0
PSI	0	NA21094	0	0	0	0.00	0	0
PSI	0	NA21133	0	0	0	0.00	0	0
PSI	0	HG02494	0	0	0	0.00	0	0
PSI	0	HG02603	0	0	0	0.00	0	0
PSI	0	HG02658	0	0	0	0.00	0	0
PSI	0	HG02660	0	0	0	0.00	0	0
PSI	0	HG02728	0	0	0	0.00	0	0
PSI	0	HG02696	0	0	0	0.00	0	0
PSI	0	HG02684	0	0	0	0.00	0	0
PSI	0	HG02691	0	0	0	0.00	0	0
PSI	0	HG02778	0	0	0	0.00	0	0
PSI	0	HG02780	0	0	0	0.00	0	0
PSI	0	HG02792	0	0	0	0.00	0	0
PSI	0	HG03012	0	0	0	0.00	0	0
PSI	0	HG03238	0	0	0	0.00	0	0
PSI	0	HG03606	0	0	0	0.00	0	0
PSI	0	HG03618	0	0	0	0.00	0	0
PSI	0	HG03625	0	0	0	0.00	0	0
PSI	0	HG03644	0	0	0	0.00	0	0
PSI	0	HG03649	0	0	0	0.00	0	0
PSI	0	HG03699	0	0	0	0.00	0	0
PSI	0	HG03702	0	0	0	0.00	0	0
PSI	0	HG03663	0	0	0	0.00	0	0
PSI	0	HG03668	0	0	0	0.00	0	0
PSI	0	HG03682	0	0	0	0.00	0	0
PSI	0	HG03687	0	0	0	0.00	0	0
PSI	0	HG03694	0	0	0	0.00	0	0
PSI	0	HG03593	0	0	0	0.00	0	0
PSI	0	HG03598	0	0	0	0.00	0	0
PSI	0	HG03788	0	0	0	0.00	0	0
PSI	0	HG03790	0	0	0	0.00	0	0
PSI	0	HG03803	0	0	0	0.00	0	0
PSI	0	HG03733	0	0	0	0.00	0	0
PSI	0	HG03738	0	0	0	0.00	0	0
PSI	0	HG03740	0	0	0	0.00	0	0
PSI	0	HG03745	0	0	0	0.00	0	0
PSI	0	HG03752	0	0	0	0.00	0	0
PSI	0	HG03757	0	0	0	0.00	0	0
PSI	0	HG03771	0	0	0	0.00	0	0
PSI	0	HG03808	0	0	0	0.00	0	0
PSI	0	HG03815	0	0	0	0.00	0	0
PSI	0	HG03714	0	0	0	0.00	0	0
PSI	0	HG03721	0	0	0	0.00	0	0
PSI	0	HG03846	0	0	0	0.00	0	0
PSI	0	HG03858	0	0	0	0.00	0	0
PSI	0	HG03872	0	0	0	0.00	0	0
PSI	0	HG04003	0	0	0	0.00	0	0
PSI	0	HG04015	0	0	0	0.00	0	0
PSI	0	HG04022	0	0	0	0.00	0	0
PSI	0	HG03904	0	0	0	0.00	0	0
PSI	0	HG03911	0	0	0	0.00	0	0
PSI	0	HG03916	0	0	0	0.00	0	0
PSI	0	HG03928	0	0	0	0.00	0	0
PSI	0	HG03973	0	0	0	0.00	0	0
PSI	0	HG03978	0	0	0	0.00	0	0
PSI	0	HG03985	0	0	0	0.00	0	0
PSI	0	HG03884	0	0	0	0.00	0	0
PSI	0	HG03896	0	0	0	0.00	0	0
PSI	0	HG04060	0	0	0	0.00	0	0
PSI	0	HG04096	0	0	0	0.00	0	0
PSI	0	HG04039	0	0	0	0.00	0	0
PSI	0	HG03947	0	0	0	0.00	0	0
PSI	0	HG04229	0	0	0	0.00	0	0
PSI	0	HG04200	0	0	0	0.00	0	0
PSI	0	HG04212	0	0	0	0.00	0	0
PSI	0	HG04180	0	0	0	0.00	0	0
PSI	0	HG04185	0	0	0	0.00	0	0
PSI	0	HG04192	0	0	0	0.00	0	0
PSI	0	HG04159	0	0	0	0.00	0	0
PSI	0	HG04161	0	0	0	0.00	0	0
PSI	0	HG04173	0	0	0	0.00	0	0
PSI	0	HG04135	0	0	0	0.00	0	0
PSI	0	HG04147	0	0	0	0.00	0	0
PSI	0	NA20877	0	0	0	0.00	0	0
PSI	0	NA20884	0	0	0	0.00	0	0
PSI	0	NA20889	0	0	0	0.00	0	0
PSI	0	NA20891	0	0	0	0.00	0	0
PSI	0	NA20911	0	0	0	0.00	0	0
PSI	0	NA21089	0	0	0	0.00	0	0
PSI	0	NA21091	0	0	0	0.00	0	0
PSI	0	NA20846	0	0	0	0.00	0	0
PSI	0	NA20853	0	0	0	0.00	0	0
PSI	0	NA20858	0	0	0	0.00	0	0
PSI	0	NA21128	0	0	0	0.00	0	0
PSI	0	NA21130	0	0	0	0.00	0	0
PSI	0	NA21135	0	0	0	0.00	0	0
PSI	0	NA21142	0	0	0	0.00	0	0
PSI	0	NA21104	0	0	0	0.00	0	0
PSI	0	NA21109	0	0	0	0.00	0	0
PSI	0	NA21111	0	0	0	0.00	0	0
PSI	0	NA20896	0	0	0	0.00	0	0
PSI	0	NA20904	0	0	0	0.00	0	0
PSI	0	NA21116	0	0	0	0.00	0	0
PSI	0	NA21123	0	0	0	0.00	0	0
PSI	0	NA20872	0	0	0	0.00	0	0
# HWE
# HWE	[2]id	[3]1st ALT allele frequency	[4]Number of observations	[5]25th percentile	[6]median	[7]75th percentile
