# This file was produced by plot-vcfstats, the command line was:
#   plot-vcfstats -m ./chm13_EUR/1kgp.chr1.recalibrated.snp_indel.pass.EUR.bcftools.stats.txt ./chm13_EUR/1kgp.chr10.recalibrated.snp_indel.pass.EUR.bcftools.stats.txt ./chm13_EUR/1kgp.chr11.recalibrated.snp_indel.pass.EUR.bcftools.stats.txt ./chm13_EUR/1kgp.chr12.recalibrated.snp_indel.pass.EUR.bcftools.stats.txt ./chm13_EUR/1kgp.chr13.recalibrated.snp_indel.pass.EUR.bcftools.stats.txt ./chm13_EUR/1kgp.chr14.recalibrated.snp_indel.pass.EUR.bcftools.stats.txt ./chm13_EUR/1kgp.chr15.recalibrated.snp_indel.pass.EUR.bcftools.stats.txt ./chm13_EUR/1kgp.chr16.recalibrated.snp_indel.pass.EUR.bcftools.stats.txt ./chm13_EUR/1kgp.chr17.recalibrated.snp_indel.pass.EUR.bcftools.stats.txt ./chm13_EUR/1kgp.chr18.recalibrated.snp_indel.pass.EUR.bcftools.stats.txt ./chm13_EUR/1kgp.chr19.recalibrated.snp_indel.pass.EUR.bcftools.stats.txt ./chm13_EUR/1kgp.chr2.recalibrated.snp_indel.pass.EUR.bcftools.stats.txt ./chm13_EUR/1kgp.chr20.recalibrated.snp_indel.pass.EUR.bcftools.stats.txt ./chm13_EUR/1kgp.chr21.recalibrated.snp_indel.pass.EUR.bcftools.stats.txt ./chm13_EUR/1kgp.chr22.recalibrated.snp_indel.pass.EUR.bcftools.stats.txt ./chm13_EUR/1kgp.chr3.recalibrated.snp_indel.pass.EUR.bcftools.stats.txt ./chm13_EUR/1kgp.chr4.recalibrated.snp_indel.pass.EUR.bcftools.stats.txt ./chm13_EUR/1kgp.chr5.recalibrated.snp_indel.pass.EUR.bcftools.stats.txt ./chm13_EUR/1kgp.chr6.recalibrated.snp_indel.pass.EUR.bcftools.stats.txt ./chm13_EUR/1kgp.chr7.recalibrated.snp_indel.pass.EUR.bcftools.stats.txt ./chm13_EUR/1kgp.chr8.recalibrated.snp_indel.pass.EUR.bcftools.stats.txt ./chm13_EUR/1kgp.chr9.recalibrated.snp_indel.pass.EUR.bcftools.stats.txt
#
# Definition of sets
# ID	[2]id	[3]tab-separated file names
ID	0	/cromwell_root/fc-51aefb1c-4e8e-4dcb-a59c-62e318ea351a/a756d5fb-4776-4caa-81f5-4e2e44fae699/bgzip_bcftools_index/*1.recalibrated.snp_indel.pass.EUR.vcf.gz
# SN, Summary numbers
# SN	[2]id	[3]key	[4]value
SN	0	number of samples:	633
SN	0	number of records:	113534318
SN	0	number of no-ALTs:	0
SN	0	number of SNPs:	103672128
SN	0	number of MNPs:	0
SN	0	number of indels:	11109273
SN	0	number of others:	1524772
SN	0	number of multiallelic sites:	8211016
SN	0	number of multiallelic SNP sites:	4343504
# # TSTV, transition/transversions:
# TSTV	[2]id	[3]ts	[4]tv	[5]ts/tv	[6]ts (1st ALT)	[7]tv (1st ALT)	[8]ts/tv (1st ALT)
TSTV	0	69088609	36749651	1.88	66946067	34337845	1.95
# Sis, Singleton stats
# SiS	[2]id	[3]allele count	[4]number of SNPs	[5]number of transitions	[6]number of transversions	[7]number of indels	[8]repeat-consistent	[9]repeat-inconsistent	[10]not applicable
SiS	0	1	10320865	6657818	3663047	1525181	0	0	1525181
# AF, Stats by non-reference allele frequency
# AF	[2]id	[3]allele frequency	[4]number of SNPs	[5]number of transitions	[6]number of transversions	[7]number of indels	[8]repeat-consistent	[9]repeat-inconsistent	[10]not applicable
AF	0	0.000000	91824969	59931336	31893633	11415449	0	0	11415449
AF	0	0.001580	2344307	1482669	861638	617411	0	0	617411
AF	0	0.003160	1077411	678705	398706	312624	0	0	312624
AF	0	0.004739	661450	419366	242084	195305	0	0	195305
AF	0	0.006319	471102	299816	171286	146219	0	0	146219
AF	0	0.007899	366930	234593	132337	117316	0	0	117316
AF	0	0.009479	292128	188282	103846	92343	0	0	92343
AF	0	0.011058	249288	161020	88268	81486	0	0	81486
AF	0	0.012638	210194	136151	74043	70074	0	0	70074
AF	0	0.014218	184710	119952	64758	62401	0	0	62401
AF	0	0.015798	163710	106529	57181	56105	0	0	56105
AF	0	0.017378	149178	97146	52032	52361	0	0	52361
AF	0	0.018957	132656	86607	46049	45566	0	0	45566
AF	0	0.020537	122550	80313	42237	42998	0	0	42998
AF	0	0.022117	114120	74858	39262	40140	0	0	40140
AF	0	0.023697	106216	69829	36387	37496	0	0	37496
AF	0	0.025276	102124	67001	35123	35802	0	0	35802
AF	0	0.026856	95108	62725	32383	33700	0	0	33700
AF	0	0.028436	89326	58974	30352	31908	0	0	31908
AF	0	0.030016	83936	55347	28589	30142	0	0	30142
AF	0	0.031596	79428	52453	26975	28680	0	0	28680
AF	0	0.033175	76250	50446	25804	27325	0	0	27325
AF	0	0.034755	72301	47531	24770	26213	0	0	26213
AF	0	0.036335	70549	46254	24295	26056	0	0	26056
AF	0	0.037915	68097	44671	23426	23532	0	0	23532
AF	0	0.039494	63828	42266	21562	23137	0	0	23137
AF	0	0.041074	59591	39264	20327	22527	0	0	22527
AF	0	0.042654	58372	38796	19576	21031	0	0	21031
AF	0	0.044234	57116	37723	19393	21055	0	0	21055
AF	0	0.045814	54256	35987	18269	20032	0	0	20032
AF	0	0.047393	52211	34484	17727	19338	0	0	19338
AF	0	0.048973	52611	34648	17963	19021	0	0	19021
AF	0	0.050553	50119	33125	16994	18441	0	0	18441
AF	0	0.052133	49496	32872	16624	17987	0	0	17987
AF	0	0.053712	48740	32360	16380	18037	0	0	18037
AF	0	0.055292	47205	31309	15896	17149	0	0	17149
AF	0	0.056872	46762	30999	15763	16750	0	0	16750
AF	0	0.058452	46104	30347	15757	16312	0	0	16312
AF	0	0.060032	45603	30185	15418	15906	0	0	15906
AF	0	0.061611	42464	28266	14198	15726	0	0	15726
AF	0	0.063191	42060	28030	14030	14971	0	0	14971
AF	0	0.064771	41510	27658	13852	14902	0	0	14902
AF	0	0.066351	40420	26644	13776	14436	0	0	14436
AF	0	0.067930	39315	26019	13296	14249	0	0	14249
AF	0	0.069510	37267	25012	12255	13925	0	0	13925
AF	0	0.071090	36894	24423	12471	13401	0	0	13401
AF	0	0.072670	35585	23748	11837	13093	0	0	13093
AF	0	0.074250	35541	23609	11932	13434	0	0	13434
AF	0	0.075829	34679	23279	11400	12322	0	0	12322
AF	0	0.077409	34702	23224	11478	12582	0	0	12582
AF	0	0.078989	32801	21929	10872	12172	0	0	12172
AF	0	0.080569	36189	23972	12217	12390	0	0	12390
AF	0	0.082148	33862	22796	11066	12068	0	0	12068
AF	0	0.083728	34385	22951	11434	12273	0	0	12273
AF	0	0.085308	32134	21369	10765	11139	0	0	11139
AF	0	0.086888	31040	20641	10399	11216	0	0	11216
AF	0	0.088468	31039	20842	10197	11095	0	0	11095
AF	0	0.090047	32301	21768	10533	11049	0	0	11049
AF	0	0.091627	30026	20037	9989	10681	0	0	10681
AF	0	0.093207	30146	20147	9999	10682	0	0	10682
AF	0	0.094787	30002	19843	10159	10626	0	0	10626
AF	0	0.096367	30052	20026	10026	10619	0	0	10619
AF	0	0.097946	30288	20231	10057	10330	0	0	10330
AF	0	0.099526	29955	19944	10011	10375	0	0	10375
AF	0	0.101106	29254	19541	9713	9956	0	0	9956
AF	0	0.102686	30001	19984	10017	9902	0	0	9902
AF	0	0.104265	28376	19083	9293	9912	0	0	9912
AF	0	0.105845	28121	18661	9460	9850	0	0	9850
AF	0	0.107425	27295	18018	9277	9668	0	0	9668
AF	0	0.109005	28025	18600	9425	9516	0	0	9516
AF	0	0.110585	27013	18044	8969	9140	0	0	9140
AF	0	0.112164	26568	17860	8708	9325	0	0	9325
AF	0	0.113744	26105	17469	8636	9047	0	0	9047
AF	0	0.115324	26353	17646	8707	8911	0	0	8911
AF	0	0.116904	25206	16913	8293	8755	0	0	8755
AF	0	0.118483	25236	16939	8297	8695	0	0	8695
AF	0	0.120063	24630	16401	8229	8546	0	0	8546
AF	0	0.121643	25191	16827	8364	8406	0	0	8406
AF	0	0.123223	24696	16461	8235	8167	0	0	8167
AF	0	0.124803	24093	16214	7879	8141	0	0	8141
AF	0	0.126382	24098	16018	8080	8088	0	0	8088
AF	0	0.127962	23616	15847	7769	7983	0	0	7983
AF	0	0.129542	24278	16217	8061	8191	0	0	8191
AF	0	0.131122	23241	15569	7672	7895	0	0	7895
AF	0	0.132701	23119	15462	7657	7983	0	0	7983
AF	0	0.134281	22015	14820	7195	7153	0	0	7153
AF	0	0.135861	21073	14031	7042	7519	0	0	7519
AF	0	0.137441	21576	14391	7185	7388	0	0	7388
AF	0	0.139021	22541	15030	7511	7510	0	0	7510
AF	0	0.140600	22197	14920	7277	7330	0	0	7330
AF	0	0.142180	21403	14124	7279	7229	0	0	7229
AF	0	0.143760	22207	14900	7307	7249	0	0	7249
AF	0	0.145340	21987	14799	7188	7103	0	0	7103
AF	0	0.146919	21377	14112	7265	7114	0	0	7114
AF	0	0.148499	20088	13377	6711	6825	0	0	6825
AF	0	0.150079	21405	14255	7150	7118	0	0	7118
AF	0	0.151659	20857	14008	6849	6478	0	0	6478
AF	0	0.153239	20584	13805	6779	6903	0	0	6903
AF	0	0.154818	20838	13964	6874	6753	0	0	6753
AF	0	0.156398	20680	13842	6838	6732	0	0	6732
AF	0	0.157978	20411	13614	6797	6579	0	0	6579
AF	0	0.159558	21186	14245	6941	6751	0	0	6751
AF	0	0.161137	20014	13440	6574	6347	0	0	6347
AF	0	0.162717	20723	13861	6862	6529	0	0	6529
AF	0	0.164297	19764	13187	6577	6433	0	0	6433
AF	0	0.165877	19210	12744	6466	6157	0	0	6157
AF	0	0.167457	19255	12866	6389	6265	0	0	6265
AF	0	0.169036	20810	13920	6890	6438	0	0	6438
AF	0	0.170616	19501	12993	6508	6031	0	0	6031
AF	0	0.172196	18783	12508	6275	6025	0	0	6025
AF	0	0.173776	19064	12713	6351	6006	0	0	6006
AF	0	0.175355	18690	12386	6304	6318	0	0	6318
AF	0	0.176935	19984	13443	6541	6242	0	0	6242
AF	0	0.178515	18235	12305	5930	5905	0	0	5905
AF	0	0.180095	18585	12380	6205	5797	0	0	5797
AF	0	0.181675	18429	12276	6153	5847	0	0	5847
AF	0	0.183254	17851	11877	5974	5749	0	0	5749
AF	0	0.184834	18684	12513	6171	5631	0	0	5631
AF	0	0.186414	17714	11859	5855	5649	0	0	5649
AF	0	0.187994	18220	12127	6093	5563	0	0	5563
AF	0	0.189573	18345	12080	6265	5742	0	0	5742
AF	0	0.191153	19525	12837	6688	5609	0	0	5609
AF	0	0.192733	21581	14145	7436	5756	0	0	5756
AF	0	0.194313	18587	12377	6210	5710	0	0	5710
AF	0	0.195893	18172	12090	6082	5504	0	0	5504
AF	0	0.197472	17192	11426	5766	5251	0	0	5251
AF	0	0.199052	16829	11079	5750	5222	0	0	5222
AF	0	0.200632	17010	11312	5698	5273	0	0	5273
AF	0	0.202212	16345	10923	5422	5162	0	0	5162
AF	0	0.203791	16057	10706	5351	5134	0	0	5134
AF	0	0.205371	16432	11024	5408	5021	0	0	5021
AF	0	0.206951	16792	11237	5555	5131	0	0	5131
AF	0	0.208531	15965	10688	5277	4980	0	0	4980
AF	0	0.210111	15670	10571	5099	4990	0	0	4990
AF	0	0.211690	16727	11186	5541	5085	0	0	5085
AF	0	0.213270	16768	11272	5496	5041	0	0	5041
AF	0	0.214850	16717	11212	5505	5012	0	0	5012
AF	0	0.216430	16246	10879	5367	4838	0	0	4838
AF	0	0.218009	15908	10653	5255	4894	0	0	4894
AF	0	0.219589	16239	10879	5360	4881	0	0	4881
AF	0	0.221169	15942	10720	5222	4778	0	0	4778
AF	0	0.222749	15509	10399	5110	4823	0	0	4823
AF	0	0.224329	14627	9794	4833	4612	0	0	4612
AF	0	0.225908	15304	10263	5041	4717	0	0	4717
AF	0	0.227488	14923	10002	4921	4622	0	0	4622
AF	0	0.229068	14987	10004	4983	4509	0	0	4509
AF	0	0.230648	15597	10459	5138	4440	0	0	4440
AF	0	0.232227	15284	10180	5104	4395	0	0	4395
AF	0	0.233807	14792	9845	4947	4549	0	0	4549
AF	0	0.235387	17115	11642	5473	4747	0	0	4747
AF	0	0.236967	15033	10095	4938	4547	0	0	4547
AF	0	0.238547	14791	9982	4809	4539	0	0	4539
AF	0	0.240126	14971	10083	4888	4370	0	0	4370
AF	0	0.241706	14778	9880	4898	4443	0	0	4443
AF	0	0.243286	14384	9637	4747	4209	0	0	4209
AF	0	0.244866	14521	9784	4737	4260	0	0	4260
AF	0	0.246445	13352	8912	4440	4019	0	0	4019
AF	0	0.248025	13857	9399	4458	4081	0	0	4081
AF	0	0.249605	14263	9452	4811	4361	0	0	4361
AF	0	0.251185	14415	9643	4772	4080	0	0	4080
AF	0	0.252765	13954	9349	4605	4177	0	0	4177
AF	0	0.254344	14010	9392	4618	4095	0	0	4095
AF	0	0.255924	14197	9549	4648	4109	0	0	4109
AF	0	0.257504	13989	9392	4597	4031	0	0	4031
AF	0	0.259084	13837	9281	4556	4033	0	0	4033
AF	0	0.260664	13572	9141	4431	4041	0	0	4041
AF	0	0.262243	13555	9155	4400	3901	0	0	3901
AF	0	0.263823	13314	8931	4383	3953	0	0	3953
AF	0	0.265403	14153	9429	4724	3965	0	0	3965
AF	0	0.266983	13935	9367	4568	4016	0	0	4016
AF	0	0.268562	13660	9187	4473	3861	0	0	3861
AF	0	0.270142	14313	9677	4636	4047	0	0	4047
AF	0	0.271722	14133	9508	4625	3915	0	0	3915
AF	0	0.273302	13583	9099	4484	3773	0	0	3773
AF	0	0.274882	13426	9000	4426	3847	0	0	3847
AF	0	0.276461	13779	9194	4585	3941	0	0	3941
AF	0	0.278041	12836	8582	4254	3788	0	0	3788
AF	0	0.279621	13339	8936	4403	3644	0	0	3644
AF	0	0.281201	13037	8691	4346	3689	0	0	3689
AF	0	0.282780	13396	9058	4338	3715	0	0	3715
AF	0	0.284360	13621	9116	4505	3856	0	0	3856
AF	0	0.285940	12815	8586	4229	3600	0	0	3600
AF	0	0.287520	12606	8493	4113	3559	0	0	3559
AF	0	0.289100	12495	8345	4150	3576	0	0	3576
AF	0	0.290679	12318	8285	4033	3649	0	0	3649
AF	0	0.292259	12498	8355	4143	3511	0	0	3511
AF	0	0.293839	11942	7946	3996	3445	0	0	3445
AF	0	0.295419	12480	8354	4126	3416	0	0	3416
AF	0	0.296998	11734	7851	3883	3423	0	0	3423
AF	0	0.298578	12501	8336	4165	3429	0	0	3429
AF	0	0.300158	12311	8241	4070	3392	0	0	3392
AF	0	0.301738	11781	7831	3950	3322	0	0	3322
AF	0	0.303318	12329	8260	4069	3358	0	0	3358
AF	0	0.304897	11082	7456	3626	3240	0	0	3240
AF	0	0.306477	11986	8067	3919	3338	0	0	3338
AF	0	0.308057	12198	8191	4007	3259	0	0	3259
AF	0	0.309637	11862	7939	3923	3256	0	0	3256
AF	0	0.311216	11892	7937	3955	3305	0	0	3305
AF	0	0.312796	11873	7993	3880	3144	0	0	3144
AF	0	0.314376	11756	7923	3833	3286	0	0	3286
AF	0	0.315956	12289	8222	4067	3183	0	0	3183
AF	0	0.317536	11743	7846	3897	3227	0	0	3227
AF	0	0.319115	11917	7894	4023	3237	0	0	3237
AF	0	0.320695	11334	7595	3739	3059	0	0	3059
AF	0	0.322275	11459	7774	3685	3155	0	0	3155
AF	0	0.323855	11722	7843	3879	3096	0	0	3096
AF	0	0.325434	11728	7895	3833	3146	0	0	3146
AF	0	0.327014	12759	8635	4124	3207	0	0	3207
AF	0	0.328594	11780	7860	3920	3163	0	0	3163
AF	0	0.330174	11478	7673	3805	3056	0	0	3056
AF	0	0.331754	11826	7876	3950	2998	0	0	2998
AF	0	0.333333	10774	7308	3466	3049	0	0	3049
AF	0	0.334913	11166	7550	3616	2925	0	0	2925
AF	0	0.336493	11385	7608	3777	3101	0	0	3101
AF	0	0.338073	10743	7211	3532	2822	0	0	2822
AF	0	0.339652	10987	7371	3616	2946	0	0	2946
AF	0	0.341232	10966	7309	3657	2930	0	0	2930
AF	0	0.342812	11245	7563	3682	3022	0	0	3022
AF	0	0.344392	10995	7385	3610	2966	0	0	2966
AF	0	0.345972	10975	7384	3591	2877	0	0	2877
AF	0	0.347551	10818	7223	3595	2864	0	0	2864
AF	0	0.349131	10024	6753	3271	2863	0	0	2863
AF	0	0.350711	10464	7028	3436	2785	0	0	2785
AF	0	0.352291	10059	6673	3386	2703	0	0	2703
AF	0	0.353870	10512	6983	3529	2736	0	0	2736
AF	0	0.355450	10309	6886	3423	2807	0	0	2807
AF	0	0.357030	10880	7306	3574	2903	0	0	2903
AF	0	0.358610	10764	7323	3441	2745	0	0	2745
AF	0	0.360190	10253	6921	3332	2807	0	0	2807
AF	0	0.361769	10274	6909	3365	2734	0	0	2734
AF	0	0.363349	10477	7007	3470	2718	0	0	2718
AF	0	0.364929	10700	7139	3561	2800	0	0	2800
AF	0	0.366509	10033	6779	3254	2592	0	0	2592
AF	0	0.368088	10263	6820	3443	2671	0	0	2671
AF	0	0.369668	10174	6859	3315	2640	0	0	2640
AF	0	0.371248	10131	6805	3326	2660	0	0	2660
AF	0	0.372828	10255	6856	3399	2628	0	0	2628
AF	0	0.374408	10736	7131	3605	2717	0	0	2717
AF	0	0.375987	10119	6692	3427	2553	0	0	2553
AF	0	0.377567	10030	6734	3296	2627	0	0	2627
AF	0	0.379147	10107	6753	3354	2549	0	0	2549
AF	0	0.380727	9882	6595	3287	2608	0	0	2608
AF	0	0.382306	9906	6673	3233	2609	0	0	2609
AF	0	0.383886	9768	6528	3240	2534	0	0	2534
AF	0	0.385466	9273	6172	3101	2452	0	0	2452
AF	0	0.387046	9763	6455	3308	2604	0	0	2604
AF	0	0.388626	9912	6664	3248	2520	0	0	2520
AF	0	0.390205	10144	6715	3429	2540	0	0	2540
AF	0	0.391785	9907	6667	3240	2463	0	0	2463
AF	0	0.393365	9675	6481	3194	2495	0	0	2495
AF	0	0.394945	9835	6648	3187	2533	0	0	2533
AF	0	0.396524	9491	6356	3135	2442	0	0	2442
AF	0	0.398104	9255	6239	3016	2423	0	0	2423
AF	0	0.399684	9140	6235	2905	2411	0	0	2411
AF	0	0.401264	9910	6624	3286	2526	0	0	2526
AF	0	0.402844	9703	6469	3234	2465	0	0	2465
AF	0	0.404423	9510	6382	3128	2368	0	0	2368
AF	0	0.406003	9288	6175	3113	2315	0	0	2315
AF	0	0.407583	9598	6438	3160	2470	0	0	2470
AF	0	0.409163	8963	6006	2957	2280	0	0	2280
AF	0	0.410742	9310	6293	3017	2274	0	0	2274
AF	0	0.412322	9770	6558	3212	2340	0	0	2340
AF	0	0.413902	9364	6208	3156	2368	0	0	2368
AF	0	0.415482	9436	6296	3140	2303	0	0	2303
AF	0	0.417062	9746	6498	3248	2328	0	0	2328
AF	0	0.418641	9620	6427	3193	2302	0	0	2302
AF	0	0.420221	8744	5906	2838	2307	0	0	2307
AF	0	0.421801	9253	6226	3027	2282	0	0	2282
AF	0	0.423381	8879	5951	2928	2319	0	0	2319
AF	0	0.424961	8611	5815	2796	2219	0	0	2219
AF	0	0.426540	8420	5642	2778	2256	0	0	2256
AF	0	0.428120	9109	6099	3010	2280	0	0	2280
AF	0	0.429700	9068	6059	3009	2190	0	0	2190
AF	0	0.431280	8576	5735	2841	2174	0	0	2174
AF	0	0.432859	8669	5851	2818	2162	0	0	2162
AF	0	0.434439	9216	6122	3094	2217	0	0	2217
AF	0	0.436019	8709	5795	2914	2289	0	0	2289
AF	0	0.437599	8964	6042	2922	2227	0	0	2227
AF	0	0.439179	8763	5857	2906	2094	0	0	2094
AF	0	0.440758	8950	5909	3041	2022	0	0	2022
AF	0	0.442338	8852	5874	2978	2128	0	0	2128
AF	0	0.443918	8693	5857	2836	2113	0	0	2113
AF	0	0.445498	8604	5738	2866	2052	0	0	2052
AF	0	0.447077	8298	5573	2725	1993	0	0	1993
AF	0	0.448657	8288	5507	2781	2019	0	0	2019
AF	0	0.450237	8406	5638	2768	2075	0	0	2075
AF	0	0.451817	8879	5952	2927	2124	0	0	2124
AF	0	0.453397	7955	5373	2582	2017	0	0	2017
AF	0	0.454976	8844	5936	2908	2011	0	0	2011
AF	0	0.456556	8297	5569	2728	1998	0	0	1998
AF	0	0.458136	8189	5532	2657	2027	0	0	2027
AF	0	0.459716	8446	5685	2761	2018	0	0	2018
AF	0	0.461295	7709	5189	2520	1951	0	0	1951
AF	0	0.462875	8353	5580	2773	2023	0	0	2023
AF	0	0.464455	8437	5655	2782	1972	0	0	1972
AF	0	0.466035	8544	5676	2868	1997	0	0	1997
AF	0	0.467615	8420	5666	2754	1969	0	0	1969
AF	0	0.469194	8344	5624	2720	1876	0	0	1876
AF	0	0.470774	8049	5285	2764	1864	0	0	1864
AF	0	0.472354	8115	5441	2674	1861	0	0	1861
AF	0	0.473934	8798	5898	2900	2038	0	0	2038
AF	0	0.475513	8450	5692	2758	1908	0	0	1908
AF	0	0.477093	9116	6011	3105	1982	0	0	1982
AF	0	0.478673	8642	5849	2793	1976	0	0	1976
AF	0	0.480253	8961	5961	3000	1911	0	0	1911
AF	0	0.481833	8412	5636	2776	2027	0	0	2027
AF	0	0.483412	8209	5458	2751	1882	0	0	1882
AF	0	0.484992	8596	5783	2813	1921	0	0	1921
AF	0	0.486572	8480	5648	2832	1874	0	0	1874
AF	0	0.488152	8088	5448	2640	1917	0	0	1917
AF	0	0.489731	8519	5700	2819	1842	0	0	1842
AF	0	0.491311	7924	5254	2670	1797	0	0	1797
AF	0	0.492891	8571	5648	2923	1823	0	0	1823
AF	0	0.494471	7917	5296	2621	1782	0	0	1782
AF	0	0.496051	7776	5202	2574	1662	0	0	1662
AF	0	0.497630	7716	5183	2533	1721	0	0	1721
AF	0	0.499210	11909	8041	3868	2716	0	0	2716
AF	0	0.500790	7843	5218	2625	1778	0	0	1778
AF	0	0.502370	7381	4958	2423	1675	0	0	1675
AF	0	0.503949	7677	5156	2521	1801	0	0	1801
AF	0	0.505529	7457	5026	2431	1717	0	0	1717
AF	0	0.507109	7124	4785	2339	1642	0	0	1642
AF	0	0.508689	7238	4882	2356	1750	0	0	1750
AF	0	0.510269	7188	4870	2318	1677	0	0	1677
AF	0	0.511848	7607	5081	2526	1633	0	0	1633
AF	0	0.513428	8163	5461	2702	1712	0	0	1712
AF	0	0.515008	7550	5023	2527	1665	0	0	1665
AF	0	0.516588	7664	5107	2557	1614	0	0	1614
AF	0	0.518167	7976	5251	2725	1679	0	0	1679
AF	0	0.519747	7960	5343	2617	1727	0	0	1727
AF	0	0.521327	7533	5084	2449	1727	0	0	1727
AF	0	0.522907	7577	5160	2417	1629	0	0	1629
AF	0	0.524487	6775	4590	2185	1649	0	0	1649
AF	0	0.526066	6911	4621	2290	1512	0	0	1512
AF	0	0.527646	6966	4700	2266	1549	0	0	1549
AF	0	0.529226	7214	4867	2347	1635	0	0	1635
AF	0	0.530806	7616	5023	2593	1643	0	0	1643
AF	0	0.532385	7102	4764	2338	1560	0	0	1560
AF	0	0.533965	6858	4625	2233	1608	0	0	1608
AF	0	0.535545	6992	4670	2322	1629	0	0	1629
AF	0	0.537125	6734	4484	2250	1526	0	0	1526
AF	0	0.538705	7751	5178	2573	1560	0	0	1560
AF	0	0.540284	7051	4791	2260	1579	0	0	1579
AF	0	0.541864	7420	4993	2427	1616	0	0	1616
AF	0	0.543444	6793	4562	2231	1551	0	0	1551
AF	0	0.545024	6802	4544	2258	1540	0	0	1540
AF	0	0.546603	6746	4581	2165	1530	0	0	1530
AF	0	0.548183	7061	4676	2385	1541	0	0	1541
AF	0	0.549763	7484	5028	2456	1686	0	0	1686
AF	0	0.551343	7219	4853	2366	1556	0	0	1556
AF	0	0.552923	7556	5131	2425	1434	0	0	1434
AF	0	0.554502	7411	5067	2344	1534	0	0	1534
AF	0	0.556082	6818	4596	2222	1463	0	0	1463
AF	0	0.557662	7085	4765	2320	1441	0	0	1441
AF	0	0.559242	7074	4800	2274	1445	0	0	1445
AF	0	0.560821	6526	4408	2118	1481	0	0	1481
AF	0	0.562401	6922	4692	2230	1440	0	0	1440
AF	0	0.563981	6795	4509	2286	1453	0	0	1453
AF	0	0.565561	6422	4310	2112	1449	0	0	1449
AF	0	0.567141	6627	4438	2189	1352	0	0	1352
AF	0	0.568720	6488	4385	2103	1351	0	0	1351
AF	0	0.570300	7067	4803	2264	1498	0	0	1498
AF	0	0.571880	6756	4518	2238	1393	0	0	1393
AF	0	0.573460	6611	4419	2192	1435	0	0	1435
AF	0	0.575039	6487	4332	2155	1368	0	0	1368
AF	0	0.576619	6953	4680	2273	1419	0	0	1419
AF	0	0.578199	6845	4611	2234	1425	0	0	1425
AF	0	0.579779	6883	4662	2221	1373	0	0	1373
AF	0	0.581359	6416	4311	2105	1336	0	0	1336
AF	0	0.582938	6861	4658	2203	1437	0	0	1437
AF	0	0.584518	6831	4587	2244	1407	0	0	1407
AF	0	0.586098	6763	4554	2209	1354	0	0	1354
AF	0	0.587678	6538	4446	2092	1365	0	0	1365
AF	0	0.589258	6512	4406	2106	1313	0	0	1313
AF	0	0.590837	6103	4041	2062	1344	0	0	1344
AF	0	0.592417	6364	4310	2054	1352	0	0	1352
AF	0	0.593997	6553	4448	2105	1405	0	0	1405
AF	0	0.595577	6253	4169	2084	1361	0	0	1361
AF	0	0.597156	6754	4579	2175	1347	0	0	1347
AF	0	0.598736	5705	3861	1844	1268	0	0	1268
AF	0	0.600316	6590	4501	2089	1256	0	0	1256
AF	0	0.601896	5999	4078	1921	1306	0	0	1306
AF	0	0.603476	6306	4287	2019	1326	0	0	1326
AF	0	0.605055	6810	4564	2246	1256	0	0	1256
AF	0	0.606635	6676	4509	2167	1284	0	0	1284
AF	0	0.608215	6554	4383	2171	1312	0	0	1312
AF	0	0.609795	6168	4109	2059	1293	0	0	1293
AF	0	0.611374	6371	4255	2116	1279	0	0	1279
AF	0	0.612954	5939	3985	1954	1228	0	0	1228
AF	0	0.614534	6111	4159	1952	1284	0	0	1284
AF	0	0.616114	6270	4279	1991	1281	0	0	1281
AF	0	0.617694	5898	3960	1938	1226	0	0	1226
AF	0	0.619273	5881	3979	1902	1292	0	0	1292
AF	0	0.620853	5904	4012	1892	1232	0	0	1232
AF	0	0.622433	6294	4218	2076	1292	0	0	1292
AF	0	0.624013	5947	3994	1953	1225	0	0	1225
AF	0	0.625592	5928	3930	1998	1228	0	0	1228
AF	0	0.627172	5759	3945	1814	1195	0	0	1195
AF	0	0.628752	6325	4322	2003	1194	0	0	1194
AF	0	0.630332	5952	3985	1967	1136	0	0	1136
AF	0	0.631912	5717	3796	1921	1158	0	0	1158
AF	0	0.633491	5787	3865	1922	1186	0	0	1186
AF	0	0.635071	6063	4076	1987	1152	0	0	1152
AF	0	0.636651	5897	3993	1904	1178	0	0	1178
AF	0	0.638231	6055	4058	1997	1146	0	0	1146
AF	0	0.639810	6123	4136	1987	1174	0	0	1174
AF	0	0.641390	5798	3859	1939	1093	0	0	1093
AF	0	0.642970	5916	3971	1945	1067	0	0	1067
AF	0	0.644550	6140	4045	2095	1129	0	0	1129
AF	0	0.646130	5806	3882	1924	1167	0	0	1167
AF	0	0.647709	5858	4004	1854	1139	0	0	1139
AF	0	0.649289	6000	4080	1920	1135	0	0	1135
AF	0	0.650869	5116	3450	1666	1077	0	0	1077
AF	0	0.652449	5412	3642	1770	1057	0	0	1057
AF	0	0.654028	5724	3847	1877	1106	0	0	1106
AF	0	0.655608	5538	3659	1879	1035	0	0	1035
AF	0	0.657188	5426	3627	1799	1120	0	0	1120
AF	0	0.658768	5654	3765	1889	1063	0	0	1063
AF	0	0.660348	5707	3879	1828	1135	0	0	1135
AF	0	0.661927	5498	3733	1765	1015	0	0	1015
AF	0	0.663507	5539	3793	1746	1060	0	0	1060
AF	0	0.665087	5538	3641	1897	1047	0	0	1047
AF	0	0.666667	5567	3718	1849	1046	0	0	1046
AF	0	0.668246	5920	3966	1954	1100	0	0	1100
AF	0	0.669826	5913	3913	2000	1075	0	0	1075
AF	0	0.671406	5373	3641	1732	1047	0	0	1047
AF	0	0.672986	5339	3576	1763	1046	0	0	1046
AF	0	0.674566	5542	3791	1751	1064	0	0	1064
AF	0	0.676145	5482	3693	1789	1029	0	0	1029
AF	0	0.677725	5967	4024	1943	1001	0	0	1001
AF	0	0.679305	5994	3999	1995	1161	0	0	1161
AF	0	0.680885	5011	3380	1631	1025	0	0	1025
AF	0	0.682464	4958	3332	1626	943	0	0	943
AF	0	0.684044	5289	3587	1702	967	0	0	967
AF	0	0.685624	5376	3619	1757	1069	0	0	1069
AF	0	0.687204	5168	3426	1742	949	0	0	949
AF	0	0.688784	5506	3714	1792	998	0	0	998
AF	0	0.690363	5206	3515	1691	1035	0	0	1035
AF	0	0.691943	5145	3498	1647	965	0	0	965
AF	0	0.693523	5169	3480	1689	964	0	0	964
AF	0	0.695103	4896	3299	1597	964	0	0	964
AF	0	0.696682	5130	3481	1649	967	0	0	967
AF	0	0.698262	5119	3467	1652	895	0	0	895
AF	0	0.699842	4769	3186	1583	923	0	0	923
AF	0	0.701422	5091	3548	1543	922	0	0	922
AF	0	0.703002	5180	3503	1677	933	0	0	933
AF	0	0.704581	5386	3603	1783	935	0	0	935
AF	0	0.706161	5024	3382	1642	976	0	0	976
AF	0	0.707741	5427	3673	1754	921	0	0	921
AF	0	0.709321	4869	3266	1603	917	0	0	917
AF	0	0.710900	4947	3349	1598	886	0	0	886
AF	0	0.712480	4773	3204	1569	896	0	0	896
AF	0	0.714060	4891	3308	1583	885	0	0	885
AF	0	0.715640	4741	3226	1515	858	0	0	858
AF	0	0.717220	5035	3379	1656	941	0	0	941
AF	0	0.718799	4785	3220	1565	929	0	0	929
AF	0	0.720379	5108	3452	1656	936	0	0	936
AF	0	0.721959	4846	3234	1612	911	0	0	911
AF	0	0.723539	4919	3299	1620	840	0	0	840
AF	0	0.725118	4913	3370	1543	874	0	0	874
AF	0	0.726698	4777	3225	1552	834	0	0	834
AF	0	0.728278	4824	3225	1599	844	0	0	844
AF	0	0.729858	4911	3288	1623	895	0	0	895
AF	0	0.731438	4852	3298	1554	845	0	0	845
AF	0	0.733017	4947	3368	1579	870	0	0	870
AF	0	0.734597	4973	3270	1703	812	0	0	812
AF	0	0.736177	4400	2921	1479	780	0	0	780
AF	0	0.737757	4700	3134	1566	859	0	0	859
AF	0	0.739336	4700	3140	1560	855	0	0	855
AF	0	0.740916	4425	3014	1411	801	0	0	801
AF	0	0.742496	4602	3042	1560	836	0	0	836
AF	0	0.744076	4746	3198	1548	835	0	0	835
AF	0	0.745656	4966	3320	1646	804	0	0	804
AF	0	0.747235	4920	3255	1665	836	0	0	836
AF	0	0.748815	4988	3306	1682	832	0	0	832
AF	0	0.750395	4914	3329	1585	828	0	0	828
AF	0	0.751975	4865	3291	1574	786	0	0	786
AF	0	0.753555	4279	2871	1408	769	0	0	769
AF	0	0.755134	4467	2961	1506	827	0	0	827
AF	0	0.756714	4733	3231	1502	831	0	0	831
AF	0	0.758294	4869	3225	1644	802	0	0	802
AF	0	0.759874	4294	2881	1413	714	0	0	714
AF	0	0.761453	4282	2831	1451	736	0	0	736
AF	0	0.763033	4439	2982	1457	743	0	0	743
AF	0	0.764613	4396	2883	1513	786	0	0	786
AF	0	0.766193	4321	2912	1409	786	0	0	786
AF	0	0.767773	4566	3075	1491	731	0	0	731
AF	0	0.769352	4553	3073	1480	724	0	0	724
AF	0	0.770932	4191	2785	1406	752	0	0	752
AF	0	0.772512	4149	2820	1329	704	0	0	704
AF	0	0.774092	4040	2704	1336	718	0	0	718
AF	0	0.775671	4046	2722	1324	672	0	0	672
AF	0	0.777251	4035	2689	1346	684	0	0	684
AF	0	0.778831	4117	2798	1319	772	0	0	772
AF	0	0.780411	4266	2882	1384	687	0	0	687
AF	0	0.781991	4355	2880	1475	727	0	0	727
AF	0	0.783570	4222	2848	1374	676	0	0	676
AF	0	0.785150	4076	2762	1314	719	0	0	719
AF	0	0.786730	4416	3000	1416	732	0	0	732
AF	0	0.788310	3955	2676	1279	714	0	0	714
AF	0	0.789889	4201	2790	1411	725	0	0	725
AF	0	0.791469	4188	2849	1339	685	0	0	685
AF	0	0.793049	4352	2946	1406	711	0	0	711
AF	0	0.794629	3911	2602	1309	671	0	0	671
AF	0	0.796209	4311	2936	1375	677	0	0	677
AF	0	0.797788	4236	2856	1380	750	0	0	750
AF	0	0.799368	4170	2819	1351	693	0	0	693
AF	0	0.800948	4003	2716	1287	648	0	0	648
AF	0	0.802528	4044	2740	1304	673	0	0	673
AF	0	0.804107	4048	2723	1325	645	0	0	645
AF	0	0.805687	4149	2745	1404	679	0	0	679
AF	0	0.807267	4617	3137	1480	730	0	0	730
AF	0	0.808847	4157	2811	1346	662	0	0	662
AF	0	0.810427	4111	2823	1288	615	0	0	615
AF	0	0.812006	3877	2646	1231	659	0	0	659
AF	0	0.813586	4034	2708	1326	647	0	0	647
AF	0	0.815166	4111	2771	1340	559	0	0	559
AF	0	0.816746	3786	2508	1278	620	0	0	620
AF	0	0.818325	3734	2514	1220	637	0	0	637
AF	0	0.819905	3878	2597	1281	591	0	0	591
AF	0	0.821485	3833	2592	1241	661	0	0	661
AF	0	0.823065	3833	2641	1192	648	0	0	648
AF	0	0.824645	3666	2472	1194	580	0	0	580
AF	0	0.826224	4114	2765	1349	646	0	0	646
AF	0	0.827804	4337	2942	1395	675	0	0	675
AF	0	0.829384	3802	2565	1237	555	0	0	555
AF	0	0.830964	3767	2549	1218	560	0	0	560
AF	0	0.832543	3603	2475	1128	589	0	0	589
AF	0	0.834123	3872	2617	1255	578	0	0	578
AF	0	0.835703	3787	2579	1208	590	0	0	590
AF	0	0.837283	3606	2479	1127	574	0	0	574
AF	0	0.838863	3586	2433	1153	570	0	0	570
AF	0	0.840442	3861	2577	1284	561	0	0	561
AF	0	0.842022	3121	2103	1018	531	0	0	531
AF	0	0.843602	3292	2241	1051	509	0	0	509
AF	0	0.845182	3556	2391	1165	585	0	0	585
AF	0	0.846761	3348	2278	1070	597	0	0	597
AF	0	0.848341	3542	2411	1131	548	0	0	548
AF	0	0.849921	3452	2335	1117	498	0	0	498
AF	0	0.851501	3006	2063	943	541	0	0	541
AF	0	0.853081	3542	2425	1117	541	0	0	541
AF	0	0.854660	3419	2276	1143	506	0	0	506
AF	0	0.856240	3532	2432	1100	536	0	0	536
AF	0	0.857820	3703	2500	1203	561	0	0	561
AF	0	0.859400	3711	2509	1202	504	0	0	504
AF	0	0.860979	3558	2456	1102	559	0	0	559
AF	0	0.862559	3302	2248	1054	473	0	0	473
AF	0	0.864139	3409	2266	1143	493	0	0	493
AF	0	0.865719	3381	2284	1097	494	0	0	494
AF	0	0.867299	3223	2152	1071	493	0	0	493
AF	0	0.868878	3238	2199	1039	470	0	0	470
AF	0	0.870458	3216	2210	1006	487	0	0	487
AF	0	0.872038	3877	2601	1276	491	0	0	491
AF	0	0.873618	3285	2176	1109	549	0	0	549
AF	0	0.875197	3351	2231	1120	529	0	0	529
AF	0	0.876777	3583	2416	1167	500	0	0	500
AF	0	0.878357	3084	2099	985	483	0	0	483
AF	0	0.879937	3449	2341	1108	502	0	0	502
AF	0	0.881517	3022	2034	988	465	0	0	465
AF	0	0.883096	3376	2293	1083	527	0	0	527
AF	0	0.884676	3391	2313	1078	536	0	0	536
AF	0	0.886256	3137	2137	1000	492	0	0	492
AF	0	0.887836	2937	2032	905	450	0	0	450
AF	0	0.889415	2912	2016	896	473	0	0	473
AF	0	0.890995	3100	2057	1043	464	0	0	464
AF	0	0.892575	3031	2036	995	425	0	0	425
AF	0	0.894155	3099	2122	977	441	0	0	441
AF	0	0.895735	2861	1942	919	411	0	0	411
AF	0	0.897314	2613	1802	811	372	0	0	372
AF	0	0.898894	2974	2075	899	389	0	0	389
AF	0	0.900474	2927	1990	937	404	0	0	404
AF	0	0.902054	3096	2089	1007	419	0	0	419
AF	0	0.903633	2953	2012	941	398	0	0	398
AF	0	0.905213	3091	2054	1037	419	0	0	419
AF	0	0.906793	2736	1809	927	396	0	0	396
AF	0	0.908373	2829	1915	914	367	0	0	367
AF	0	0.909953	3004	2012	992	431	0	0	431
AF	0	0.911532	2711	1856	855	403	0	0	403
AF	0	0.913112	2713	1840	873	384	0	0	384
AF	0	0.914692	2745	1878	867	358	0	0	358
AF	0	0.916272	2754	1867	887	387	0	0	387
AF	0	0.917852	2711	1872	839	384	0	0	384
AF	0	0.919431	3227	2207	1020	417	0	0	417
AF	0	0.921011	2543	1725	818	357	0	0	357
AF	0	0.922591	2708	1850	858	376	0	0	376
AF	0	0.924171	2874	1953	921	425	0	0	425
AF	0	0.925750	2296	1569	727	370	0	0	370
AF	0	0.927330	2566	1726	840	344	0	0	344
AF	0	0.928910	2676	1884	792	363	0	0	363
AF	0	0.930490	2415	1637	778	361	0	0	361
AF	0	0.932070	3021	2075	946	402	0	0	402
AF	0	0.933649	2712	1858	854	315	0	0	315
AF	0	0.935229	2789	1946	843	383	0	0	383
AF	0	0.936809	2658	1840	818	354	0	0	354
AF	0	0.938389	2545	1714	831	310	0	0	310
AF	0	0.939968	2436	1656	780	312	0	0	312
AF	0	0.941548	2481	1694	787	343	0	0	343
AF	0	0.943128	2583	1744	839	345	0	0	345
AF	0	0.944708	2823	1889	934	347	0	0	347
AF	0	0.946288	2534	1692	842	316	0	0	316
AF	0	0.947867	2548	1755	793	284	0	0	284
AF	0	0.949447	2348	1597	751	319	0	0	319
AF	0	0.951027	2283	1507	776	305	0	0	305
AF	0	0.952607	2348	1571	777	321	0	0	321
AF	0	0.954186	2433	1682	751	344	0	0	344
AF	0	0.955766	2282	1544	738	313	0	0	313
AF	0	0.957346	2440	1637	803	304	0	0	304
AF	0	0.958926	2247	1522	725	311	0	0	311
AF	0	0.960506	2325	1610	715	278	0	0	278
AF	0	0.962085	2503	1720	783	270	0	0	270
AF	0	0.963665	2518	1758	760	296	0	0	296
AF	0	0.965245	2374	1641	733	318	0	0	318
AF	0	0.966825	2304	1572	732	290	0	0	290
AF	0	0.968404	2342	1586	756	287	0	0	287
AF	0	0.969984	2358	1631	727	286	0	0	286
AF	0	0.971564	2998	2069	929	351	0	0	351
AF	0	0.973144	2189	1523	666	261	0	0	261
AF	0	0.974724	2572	1776	796	298	0	0	298
AF	0	0.976303	2242	1571	671	275	0	0	275
AF	0	0.977883	2376	1595	781	301	0	0	301
AF	0	0.979463	2598	1778	820	312	0	0	312
AF	0	0.981043	2354	1612	742	293	0	0	293
AF	0	0.982622	2481	1702	779	277	0	0	277
AF	0	0.984202	2550	1795	755	289	0	0	289
AF	0	0.985782	2162	1489	673	291	0	0	291
AF	0	0.987362	2447	1675	772	284	0	0	284
AF	0	0.988942	2393	1667	726	279	0	0	279
AF	0	0.990521	2382	1664	718	297	0	0	297
AF	0	0.992101	2645	1793	852	291	0	0	291
AF	0	0.993681	2922	2039	883	377	0	0	377
AF	0	0.995261	3430	2285	1145	398	0	0	398
AF	0	0.996840	4598	3146	1452	523	0	0	523
AF	0	0.998420	11762	7496	4266	752	0	0	752
# IDD, InDel distribution
# IDD	[2]id	[3]length (deletions negative)	[4]number of sites	[5]number of genotypes	[6]mean VAF
IDD	0	-60	81323
IDD	0	-59	1420
IDD	0	-58	2054
IDD	0	-57	1593
IDD	0	-56	2537
IDD	0	-55	2071
IDD	0	-54	2832
IDD	0	-53	1745
IDD	0	-52	2943
IDD	0	-51	2106
IDD	0	-50	3738
IDD	0	-49	2597
IDD	0	-48	4286
IDD	0	-47	2369
IDD	0	-46	3662
IDD	0	-45	3648
IDD	0	-44	4806
IDD	0	-43	3040
IDD	0	-42	5582
IDD	0	-41	3568
IDD	0	-40	7939
IDD	0	-39	4448
IDD	0	-38	6466
IDD	0	-37	5016
IDD	0	-36	9166
IDD	0	-35	6813
IDD	0	-34	9285
IDD	0	-33	6951
IDD	0	-32	12983
IDD	0	-31	7656
IDD	0	-30	15884
IDD	0	-29	9562
IDD	0	-28	18916
IDD	0	-27	12792
IDD	0	-26	20222
IDD	0	-25	17018
IDD	0	-24	30833
IDD	0	-23	17672
IDD	0	-22	27898
IDD	0	-21	21565
IDD	0	-20	48716
IDD	0	-19	25766
IDD	0	-18	46288
IDD	0	-17	31924
IDD	0	-16	68505
IDD	0	-15	57967
IDD	0	-14	71235
IDD	0	-13	54431
IDD	0	-12	127005
IDD	0	-11	72563
IDD	0	-10	145966
IDD	0	-9	98771
IDD	0	-8	197501
IDD	0	-7	135035
IDD	0	-6	273589
IDD	0	-5	378366
IDD	0	-4	1004207
IDD	0	-3	848981
IDD	0	-2	1494331
IDD	0	-1	3402409
IDD	0	1	2821329
IDD	0	2	1130354
IDD	0	3	439241
IDD	0	4	561469
IDD	0	5	207947
IDD	0	6	221984
IDD	0	7	79904
IDD	0	8	179141
IDD	0	9	63015
IDD	0	10	102411
IDD	0	11	36278
IDD	0	12	92106
IDD	0	13	27062
IDD	0	14	43595
IDD	0	15	37017
IDD	0	16	49924
IDD	0	17	20196
IDD	0	18	34545
IDD	0	19	17749
IDD	0	20	38352
IDD	0	21	16634
IDD	0	22	21345
IDD	0	23	13742
IDD	0	24	24831
IDD	0	25	14310
IDD	0	26	17352
IDD	0	27	10876
IDD	0	28	16603
IDD	0	29	8914
IDD	0	30	15121
IDD	0	31	7412
IDD	0	32	12164
IDD	0	33	6493
IDD	0	34	9100
IDD	0	35	6251
IDD	0	36	8763
IDD	0	37	4778
IDD	0	38	6530
IDD	0	39	4243
IDD	0	40	6818
IDD	0	41	3156
IDD	0	42	5218
IDD	0	43	3282
IDD	0	44	4404
IDD	0	45	3219
IDD	0	46	3701
IDD	0	47	2375
IDD	0	48	4167
IDD	0	49	2738
IDD	0	50	3803
IDD	0	51	2251
IDD	0	52	3298
IDD	0	53	1830
IDD	0	54	3126
IDD	0	55	2033
IDD	0	56	2885
IDD	0	57	1746
IDD	0	58	2367
IDD	0	59	1850
IDD	0	60	54160
# ST, Substitution types
# ST	[2]id	[3]type	[4]count
ST	0	A>C	4188156
ST	0	A>G	14206262
ST	0	A>T	4005697
ST	0	C>A	5436384
ST	0	C>G	4742333
ST	0	C>T	20344289
ST	0	G>A	20380769
ST	0	G>C	4731174
ST	0	G>T	5416627
ST	0	T>A	4042321
ST	0	T>C	14157289
ST	0	T>G	4186959
# DP, Depth distribution
# DP	[2]id	[3]bin	[4]number of genotypes	[5]fraction of genotypes (%)	[6]number of sites	[7]fraction of sites (%)
DP	0	1	0	0	3	2.64237285505163e-06
DP	0	2	0	0	27	2.37813556954647e-05
DP	0	3	0	0	19	1.67350280819937e-05
DP	0	4	0	0	27	2.37813556954647e-05
DP	0	5	0	0	19	1.67350280819937e-05
DP	0	6	0	0	35	3.08276833089357e-05
DP	0	7	0	0	33	2.9066101405568e-05
DP	0	8	0	0	26	2.29005647437808e-05
DP	0	9	0	0	35	3.08276833089357e-05
DP	0	10	0	0	45	3.96355928257745e-05
DP	0	11	0	0	27	2.37813556954647e-05
DP	0	12	0	0	42	3.69932199707229e-05
DP	0	13	0	0	41	3.6112429019039e-05
DP	0	14	0	0	30	2.64237285505163e-05
DP	0	15	0	0	44	3.87548018740906e-05
DP	0	16	0	0	32	2.81853104538841e-05
DP	0	17	0	0	39	3.43508471156712e-05
DP	0	18	0	0	40	3.52316380673551e-05
DP	0	19	0	0	42	3.69932199707229e-05
DP	0	20	0	0	39	3.43508471156712e-05
DP	0	21	0	0	37	3.25892652123035e-05
DP	0	22	0	0	39	3.43508471156712e-05
DP	0	23	0	0	41	3.6112429019039e-05
DP	0	24	0	0	42	3.69932199707229e-05
DP	0	25	0	0	38	3.34700561639874e-05
DP	0	26	0	0	37	3.25892652123035e-05
DP	0	27	0	0	38	3.34700561639874e-05
DP	0	28	0	0	38	3.34700561639874e-05
DP	0	29	0	0	40	3.52316380673551e-05
DP	0	30	0	0	46	4.05163837774584e-05
DP	0	31	0	0	39	3.43508471156712e-05
DP	0	32	0	0	36	3.17084742606196e-05
DP	0	33	0	0	37	3.25892652123035e-05
DP	0	34	0	0	44	3.87548018740906e-05
DP	0	35	0	0	49	4.315875663251e-05
DP	0	36	0	0	35	3.08276833089357e-05
DP	0	37	0	0	45	3.96355928257745e-05
DP	0	38	0	0	32	2.81853104538841e-05
DP	0	39	0	0	38	3.34700561639874e-05
DP	0	40	0	0	35	3.08276833089357e-05
DP	0	41	0	0	42	3.69932199707229e-05
DP	0	42	0	0	44	3.87548018740906e-05
DP	0	43	0	0	34	2.99468923572518e-05
DP	0	44	0	0	48	4.22779656808261e-05
DP	0	45	0	0	38	3.34700561639874e-05
DP	0	46	0	0	41	3.6112429019039e-05
DP	0	47	0	0	34	2.99468923572518e-05
DP	0	48	0	0	45	3.96355928257745e-05
DP	0	49	0	0	46	4.05163837774584e-05
DP	0	50	0	0	35	3.08276833089357e-05
DP	0	51	0	0	30	2.64237285505163e-05
DP	0	52	0	0	33	2.9066101405568e-05
DP	0	53	0	0	28	2.46621466471486e-05
DP	0	54	0	0	38	3.34700561639874e-05
DP	0	55	0	0	39	3.43508471156712e-05
DP	0	56	0	0	31	2.73045195022002e-05
DP	0	57	0	0	35	3.08276833089357e-05
DP	0	58	0	0	40	3.52316380673551e-05
DP	0	59	0	0	33	2.9066101405568e-05
DP	0	60	0	0	23	2.02581918887292e-05
DP	0	61	0	0	36	3.17084742606196e-05
DP	0	62	0	0	44	3.87548018740906e-05
DP	0	63	0	0	31	2.73045195022002e-05
DP	0	64	0	0	33	2.9066101405568e-05
DP	0	65	0	0	29	2.55429375988325e-05
DP	0	66	0	0	36	3.17084742606196e-05
DP	0	67	0	0	37	3.25892652123035e-05
DP	0	68	0	0	39	3.43508471156712e-05
DP	0	69	0	0	37	3.25892652123035e-05
DP	0	70	0	0	36	3.17084742606196e-05
DP	0	71	0	0	34	2.99468923572518e-05
DP	0	72	0	0	42	3.69932199707229e-05
DP	0	73	0	0	29	2.55429375988325e-05
DP	0	74	0	0	33	2.9066101405568e-05
DP	0	75	0	0	43	3.78740109224067e-05
DP	0	76	0	0	26	2.29005647437808e-05
DP	0	77	0	0	30	2.64237285505163e-05
DP	0	78	0	0	35	3.08276833089357e-05
DP	0	79	0	0	38	3.34700561639874e-05
DP	0	80	0	0	30	2.64237285505163e-05
DP	0	81	0	0	42	3.69932199707229e-05
DP	0	82	0	0	30	2.64237285505163e-05
DP	0	83	0	0	30	2.64237285505163e-05
DP	0	84	0	0	30	2.64237285505163e-05
DP	0	85	0	0	27	2.37813556954647e-05
DP	0	86	0	0	43	3.78740109224067e-05
DP	0	87	0	0	27	2.37813556954647e-05
DP	0	88	0	0	42	3.69932199707229e-05
DP	0	89	0	0	31	2.73045195022002e-05
DP	0	90	0	0	25	2.20197737920969e-05
DP	0	91	0	0	30	2.64237285505163e-05
DP	0	92	0	0	36	3.17084742606196e-05
DP	0	93	0	0	24	2.11389828404131e-05
DP	0	94	0	0	38	3.34700561639874e-05
DP	0	95	0	0	22	1.93774009370453e-05
DP	0	96	0	0	48	4.22779656808261e-05
DP	0	97	0	0	27	2.37813556954647e-05
DP	0	98	0	0	38	3.34700561639874e-05
DP	0	99	0	0	34	2.99468923572518e-05
DP	0	100	0	0	38	3.34700561639874e-05
DP	0	101	0	0	35	3.08276833089357e-05
DP	0	102	0	0	32	2.81853104538841e-05
DP	0	103	0	0	29	2.55429375988325e-05
DP	0	104	0	0	34	2.99468923572518e-05
DP	0	105	0	0	33	2.9066101405568e-05
DP	0	106	0	0	35	3.08276833089357e-05
DP	0	107	0	0	49	4.315875663251e-05
DP	0	108	0	0	27	2.37813556954647e-05
DP	0	109	0	0	25	2.20197737920969e-05
DP	0	110	0	0	41	3.6112429019039e-05
DP	0	111	0	0	26	2.29005647437808e-05
DP	0	112	0	0	36	3.17084742606196e-05
DP	0	113	0	0	33	2.9066101405568e-05
DP	0	114	0	0	30	2.64237285505163e-05
DP	0	115	0	0	40	3.52316380673551e-05
DP	0	116	0	0	26	2.29005647437808e-05
DP	0	117	0	0	26	2.29005647437808e-05
DP	0	118	0	0	32	2.81853104538841e-05
DP	0	119	0	0	30	2.64237285505163e-05
DP	0	120	0	0	31	2.73045195022002e-05
DP	0	121	0	0	33	2.9066101405568e-05
DP	0	122	0	0	31	2.73045195022002e-05
DP	0	123	0	0	38	3.34700561639874e-05
DP	0	124	0	0	41	3.6112429019039e-05
DP	0	125	0	0	35	3.08276833089357e-05
DP	0	126	0	0	23	2.02581918887292e-05
DP	0	127	0	0	29	2.55429375988325e-05
DP	0	128	0	0	33	2.9066101405568e-05
DP	0	129	0	0	29	2.55429375988325e-05
DP	0	130	0	0	29	2.55429375988325e-05
DP	0	131	0	0	26	2.29005647437808e-05
DP	0	132	0	0	26	2.29005647437808e-05
DP	0	133	0	0	36	3.17084742606196e-05
DP	0	134	0	0	24	2.11389828404131e-05
DP	0	135	0	0	28	2.46621466471486e-05
DP	0	136	0	0	19	1.67350280819937e-05
DP	0	137	0	0	26	2.29005647437808e-05
DP	0	138	0	0	36	3.17084742606196e-05
DP	0	139	0	0	30	2.64237285505163e-05
DP	0	140	0	0	42	3.69932199707229e-05
DP	0	141	0	0	28	2.46621466471486e-05
DP	0	142	0	0	26	2.29005647437808e-05
DP	0	143	0	0	20	1.76158190336776e-05
DP	0	144	0	0	30	2.64237285505163e-05
DP	0	145	0	0	25	2.20197737920969e-05
DP	0	146	0	0	27	2.37813556954647e-05
DP	0	147	0	0	31	2.73045195022002e-05
DP	0	148	0	0	27	2.37813556954647e-05
DP	0	149	0	0	43	3.78740109224067e-05
DP	0	150	0	0	27	2.37813556954647e-05
DP	0	151	0	0	28	2.46621466471486e-05
DP	0	152	0	0	34	2.99468923572518e-05
DP	0	153	0	0	24	2.11389828404131e-05
DP	0	154	0	0	33	2.9066101405568e-05
DP	0	155	0	0	25	2.20197737920969e-05
DP	0	156	0	0	20	1.76158190336776e-05
DP	0	157	0	0	35	3.08276833089357e-05
DP	0	158	0	0	31	2.73045195022002e-05
DP	0	159	0	0	24	2.11389828404131e-05
DP	0	160	0	0	24	2.11389828404131e-05
DP	0	161	0	0	19	1.67350280819937e-05
DP	0	162	0	0	26	2.29005647437808e-05
DP	0	163	0	0	29	2.55429375988325e-05
DP	0	164	0	0	27	2.37813556954647e-05
DP	0	165	0	0	19	1.67350280819937e-05
DP	0	166	0	0	36	3.17084742606196e-05
DP	0	167	0	0	35	3.08276833089357e-05
DP	0	168	0	0	29	2.55429375988325e-05
DP	0	169	0	0	32	2.81853104538841e-05
DP	0	170	0	0	24	2.11389828404131e-05
DP	0	171	0	0	23	2.02581918887292e-05
DP	0	172	0	0	23	2.02581918887292e-05
DP	0	173	0	0	23	2.02581918887292e-05
DP	0	174	0	0	16	1.4092655226942e-05
DP	0	175	0	0	32	2.81853104538841e-05
DP	0	176	0	0	25	2.20197737920969e-05
DP	0	177	0	0	25	2.20197737920969e-05
DP	0	178	0	0	16	1.4092655226942e-05
DP	0	179	0	0	25	2.20197737920969e-05
DP	0	180	0	0	27	2.37813556954647e-05
DP	0	181	0	0	18	1.58542371303098e-05
DP	0	182	0	0	20	1.76158190336776e-05
DP	0	183	0	0	26	2.29005647437808e-05
DP	0	184	0	0	29	2.55429375988325e-05
DP	0	185	0	0	23	2.02581918887292e-05
DP	0	186	0	0	31	2.73045195022002e-05
DP	0	187	0	0	23	2.02581918887292e-05
DP	0	188	0	0	21	1.84966099853614e-05
DP	0	189	0	0	31	2.73045195022002e-05
DP	0	190	0	0	29	2.55429375988325e-05
DP	0	191	0	0	29	2.55429375988325e-05
DP	0	192	0	0	33	2.9066101405568e-05
DP	0	193	0	0	22	1.93774009370453e-05
DP	0	194	0	0	26	2.29005647437808e-05
DP	0	195	0	0	24	2.11389828404131e-05
DP	0	196	0	0	28	2.46621466471486e-05
DP	0	197	0	0	20	1.76158190336776e-05
DP	0	198	0	0	23	2.02581918887292e-05
DP	0	199	0	0	26	2.29005647437808e-05
DP	0	200	0	0	21	1.84966099853614e-05
DP	0	201	0	0	26	2.29005647437808e-05
DP	0	202	0	0	13	1.14502823718904e-05
DP	0	203	0	0	27	2.37813556954647e-05
DP	0	204	0	0	25	2.20197737920969e-05
DP	0	205	0	0	26	2.29005647437808e-05
DP	0	206	0	0	20	1.76158190336776e-05
DP	0	207	0	0	27	2.37813556954647e-05
DP	0	208	0	0	16	1.4092655226942e-05
DP	0	209	0	0	30	2.64237285505163e-05
DP	0	210	0	0	18	1.58542371303098e-05
DP	0	211	0	0	26	2.29005647437808e-05
DP	0	212	0	0	23	2.02581918887292e-05
DP	0	213	0	0	28	2.46621466471486e-05
DP	0	214	0	0	19	1.67350280819937e-05
DP	0	215	0	0	21	1.84966099853614e-05
DP	0	216	0	0	19	1.67350280819937e-05
DP	0	217	0	0	25	2.20197737920969e-05
DP	0	218	0	0	18	1.58542371303098e-05
DP	0	219	0	0	18	1.58542371303098e-05
DP	0	220	0	0	24	2.11389828404131e-05
DP	0	221	0	0	19	1.67350280819937e-05
DP	0	222	0	0	18	1.58542371303098e-05
DP	0	223	0	0	19	1.67350280819937e-05
DP	0	224	0	0	28	2.46621466471486e-05
DP	0	225	0	0	30	2.64237285505163e-05
DP	0	226	0	0	14	1.23310733235743e-05
DP	0	227	0	0	17	1.49734461786259e-05
DP	0	228	0	0	30	2.64237285505163e-05
DP	0	229	0	0	21	1.84966099853614e-05
DP	0	230	0	0	23	2.02581918887292e-05
DP	0	231	0	0	18	1.58542371303098e-05
DP	0	232	0	0	16	1.4092655226942e-05
DP	0	233	0	0	22	1.93774009370453e-05
DP	0	234	0	0	22	1.93774009370453e-05
DP	0	235	0	0	25	2.20197737920969e-05
DP	0	236	0	0	22	1.93774009370453e-05
DP	0	237	0	0	23	2.02581918887292e-05
DP	0	238	0	0	24	2.11389828404131e-05
DP	0	239	0	0	21	1.84966099853614e-05
DP	0	240	0	0	29	2.55429375988325e-05
DP	0	241	0	0	16	1.4092655226942e-05
DP	0	242	0	0	32	2.81853104538841e-05
DP	0	243	0	0	26	2.29005647437808e-05
DP	0	244	0	0	21	1.84966099853614e-05
DP	0	245	0	0	23	2.02581918887292e-05
DP	0	246	0	0	18	1.58542371303098e-05
DP	0	247	0	0	26	2.29005647437808e-05
DP	0	248	0	0	20	1.76158190336776e-05
DP	0	249	0	0	23	2.02581918887292e-05
DP	0	250	0	0	21	1.84966099853614e-05
DP	0	251	0	0	18	1.58542371303098e-05
DP	0	252	0	0	14	1.23310733235743e-05
DP	0	253	0	0	14	1.23310733235743e-05
DP	0	254	0	0	24	2.11389828404131e-05
DP	0	255	0	0	24	2.11389828404131e-05
DP	0	256	0	0	31	2.73045195022002e-05
DP	0	257	0	0	18	1.58542371303098e-05
DP	0	258	0	0	22	1.93774009370453e-05
DP	0	259	0	0	27	2.37813556954647e-05
DP	0	260	0	0	22	1.93774009370453e-05
DP	0	261	0	0	23	2.02581918887292e-05
DP	0	262	0	0	18	1.58542371303098e-05
DP	0	263	0	0	13	1.14502823718904e-05
DP	0	264	0	0	24	2.11389828404131e-05
DP	0	265	0	0	24	2.11389828404131e-05
DP	0	266	0	0	24	2.11389828404131e-05
DP	0	267	0	0	17	1.49734461786259e-05
DP	0	268	0	0	26	2.29005647437808e-05
DP	0	269	0	0	21	1.84966099853614e-05
DP	0	270	0	0	17	1.49734461786259e-05
DP	0	271	0	0	30	2.64237285505163e-05
DP	0	272	0	0	22	1.93774009370453e-05
DP	0	273	0	0	27	2.37813556954647e-05
DP	0	274	0	0	18	1.58542371303098e-05
DP	0	275	0	0	21	1.84966099853614e-05
DP	0	276	0	0	23	2.02581918887292e-05
DP	0	277	0	0	15	1.32118642752582e-05
DP	0	278	0	0	22	1.93774009370453e-05
DP	0	279	0	0	25	2.20197737920969e-05
DP	0	280	0	0	23	2.02581918887292e-05
DP	0	281	0	0	22	1.93774009370453e-05
DP	0	282	0	0	29	2.55429375988325e-05
DP	0	283	0	0	22	1.93774009370453e-05
DP	0	284	0	0	27	2.37813556954647e-05
DP	0	285	0	0	19	1.67350280819937e-05
DP	0	286	0	0	17	1.49734461786259e-05
DP	0	287	0	0	25	2.20197737920969e-05
DP	0	288	0	0	23	2.02581918887292e-05
DP	0	289	0	0	20	1.76158190336776e-05
DP	0	290	0	0	24	2.11389828404131e-05
DP	0	291	0	0	22	1.93774009370453e-05
DP	0	292	0	0	20	1.76158190336776e-05
DP	0	293	0	0	18	1.58542371303098e-05
DP	0	294	0	0	14	1.23310733235743e-05
DP	0	295	0	0	24	2.11389828404131e-05
DP	0	296	0	0	11	9.68870046852265e-06
DP	0	297	0	0	14	1.23310733235743e-05
DP	0	298	0	0	27	2.37813556954647e-05
DP	0	299	0	0	9	7.9271185651549e-06
DP	0	300	0	0	15	1.32118642752582e-05
DP	0	301	0	0	14	1.23310733235743e-05
DP	0	302	0	0	26	2.29005647437808e-05
DP	0	303	0	0	23	2.02581918887292e-05
DP	0	304	0	0	14	1.23310733235743e-05
DP	0	305	0	0	23	2.02581918887292e-05
DP	0	306	0	0	19	1.67350280819937e-05
DP	0	307	0	0	15	1.32118642752582e-05
DP	0	308	0	0	17	1.49734461786259e-05
DP	0	309	0	0	29	2.55429375988325e-05
DP	0	310	0	0	14	1.23310733235743e-05
DP	0	311	0	0	19	1.67350280819937e-05
DP	0	312	0	0	21	1.84966099853614e-05
DP	0	313	0	0	23	2.02581918887292e-05
DP	0	314	0	0	20	1.76158190336776e-05
DP	0	315	0	0	11	9.68870046852265e-06
DP	0	316	0	0	19	1.67350280819937e-05
DP	0	317	0	0	19	1.67350280819937e-05
DP	0	318	0	0	23	2.02581918887292e-05
DP	0	319	0	0	14	1.23310733235743e-05
DP	0	320	0	0	19	1.67350280819937e-05
DP	0	321	0	0	20	1.76158190336776e-05
DP	0	322	0	0	14	1.23310733235743e-05
DP	0	323	0	0	26	2.29005647437808e-05
DP	0	324	0	0	23	2.02581918887292e-05
DP	0	325	0	0	14	1.23310733235743e-05
DP	0	326	0	0	28	2.46621466471486e-05
DP	0	327	0	0	15	1.32118642752582e-05
DP	0	328	0	0	22	1.93774009370453e-05
DP	0	329	0	0	23	2.02581918887292e-05
DP	0	330	0	0	22	1.93774009370453e-05
DP	0	331	0	0	19	1.67350280819937e-05
DP	0	332	0	0	21	1.84966099853614e-05
DP	0	333	0	0	17	1.49734461786259e-05
DP	0	334	0	0	24	2.11389828404131e-05
DP	0	335	0	0	26	2.29005647437808e-05
DP	0	336	0	0	25	2.20197737920969e-05
DP	0	337	0	0	19	1.67350280819937e-05
DP	0	338	0	0	23	2.02581918887292e-05
DP	0	339	0	0	16	1.4092655226942e-05
DP	0	340	0	0	11	9.68870046852265e-06
DP	0	341	0	0	26	2.29005647437808e-05
DP	0	342	0	0	14	1.23310733235743e-05
DP	0	343	0	0	13	1.14502823718904e-05
DP	0	344	0	0	18	1.58542371303098e-05
DP	0	345	0	0	14	1.23310733235743e-05
DP	0	346	0	0	24	2.11389828404131e-05
DP	0	347	0	0	16	1.4092655226942e-05
DP	0	348	0	0	13	1.14502823718904e-05
DP	0	349	0	0	18	1.58542371303098e-05
DP	0	350	0	0	17	1.49734461786259e-05
DP	0	351	0	0	12	1.05694914202065e-05
DP	0	352	0	0	14	1.23310733235743e-05
DP	0	353	0	0	17	1.49734461786259e-05
DP	0	354	0	0	17	1.49734461786259e-05
DP	0	355	0	0	19	1.67350280819937e-05
DP	0	356	0	0	16	1.4092655226942e-05
DP	0	357	0	0	16	1.4092655226942e-05
DP	0	358	0	0	17	1.49734461786259e-05
DP	0	359	0	0	19	1.67350280819937e-05
DP	0	360	0	0	13	1.14502823718904e-05
DP	0	361	0	0	12	1.05694914202065e-05
DP	0	362	0	0	10	8.80790951683878e-06
DP	0	363	0	0	13	1.14502823718904e-05
DP	0	364	0	0	19	1.67350280819937e-05
DP	0	365	0	0	17	1.49734461786259e-05
DP	0	366	0	0	19	1.67350280819937e-05
DP	0	367	0	0	16	1.4092655226942e-05
DP	0	368	0	0	16	1.4092655226942e-05
DP	0	369	0	0	19	1.67350280819937e-05
DP	0	370	0	0	25	2.20197737920969e-05
DP	0	371	0	0	17	1.49734461786259e-05
DP	0	372	0	0	21	1.84966099853614e-05
DP	0	373	0	0	22	1.93774009370453e-05
DP	0	374	0	0	15	1.32118642752582e-05
DP	0	375	0	0	12	1.05694914202065e-05
DP	0	376	0	0	19	1.67350280819937e-05
DP	0	377	0	0	21	1.84966099853614e-05
DP	0	378	0	0	24	2.11389828404131e-05
DP	0	379	0	0	20	1.76158190336776e-05
DP	0	380	0	0	14	1.23310733235743e-05
DP	0	381	0	0	18	1.58542371303098e-05
DP	0	382	0	0	13	1.14502823718904e-05
DP	0	383	0	0	20	1.76158190336776e-05
DP	0	384	0	0	10	8.80790951683878e-06
DP	0	385	0	0	20	1.76158190336776e-05
DP	0	386	0	0	17	1.49734461786259e-05
DP	0	387	0	0	12	1.05694914202065e-05
DP	0	388	0	0	16	1.4092655226942e-05
DP	0	389	0	0	14	1.23310733235743e-05
DP	0	390	0	0	16	1.4092655226942e-05
DP	0	391	0	0	25	2.20197737920969e-05
DP	0	392	0	0	16	1.4092655226942e-05
DP	0	393	0	0	15	1.32118642752582e-05
DP	0	394	0	0	13	1.14502823718904e-05
DP	0	395	0	0	22	1.93774009370453e-05
DP	0	396	0	0	17	1.49734461786259e-05
DP	0	397	0	0	18	1.58542371303098e-05
DP	0	398	0	0	16	1.4092655226942e-05
DP	0	399	0	0	17	1.49734461786259e-05
DP	0	400	0	0	19	1.67350280819937e-05
DP	0	401	0	0	17	1.49734461786259e-05
DP	0	402	0	0	23	2.02581918887292e-05
DP	0	403	0	0	19	1.67350280819937e-05
DP	0	404	0	0	13	1.14502823718904e-05
DP	0	405	0	0	15	1.32118642752582e-05
DP	0	406	0	0	24	2.11389828404131e-05
DP	0	407	0	0	12	1.05694914202065e-05
DP	0	408	0	0	9	7.9271185651549e-06
DP	0	409	0	0	20	1.76158190336776e-05
DP	0	410	0	0	12	1.05694914202065e-05
DP	0	411	0	0	23	2.02581918887292e-05
DP	0	412	0	0	17	1.49734461786259e-05
DP	0	413	0	0	12	1.05694914202065e-05
DP	0	414	0	0	15	1.32118642752582e-05
DP	0	415	0	0	19	1.67350280819937e-05
DP	0	416	0	0	14	1.23310733235743e-05
DP	0	417	0	0	18	1.58542371303098e-05
DP	0	418	0	0	14	1.23310733235743e-05
DP	0	419	0	0	16	1.4092655226942e-05
DP	0	420	0	0	19	1.67350280819937e-05
DP	0	421	0	0	21	1.84966099853614e-05
DP	0	422	0	0	19	1.67350280819937e-05
DP	0	423	0	0	13	1.14502823718904e-05
DP	0	424	0	0	10	8.80790951683878e-06
DP	0	425	0	0	21	1.84966099853614e-05
DP	0	426	0	0	14	1.23310733235743e-05
DP	0	427	0	0	22	1.93774009370453e-05
DP	0	428	0	0	18	1.58542371303098e-05
DP	0	429	0	0	17	1.49734461786259e-05
DP	0	430	0	0	18	1.58542371303098e-05
DP	0	431	0	0	13	1.14502823718904e-05
DP	0	432	0	0	21	1.84966099853614e-05
DP	0	433	0	0	20	1.76158190336776e-05
DP	0	434	0	0	15	1.32118642752582e-05
DP	0	435	0	0	13	1.14502823718904e-05
DP	0	436	0	0	20	1.76158190336776e-05
DP	0	437	0	0	17	1.49734461786259e-05
DP	0	438	0	0	19	1.67350280819937e-05
DP	0	439	0	0	14	1.23310733235743e-05
DP	0	440	0	0	16	1.4092655226942e-05
DP	0	441	0	0	18	1.58542371303098e-05
DP	0	442	0	0	19	1.67350280819937e-05
DP	0	443	0	0	16	1.4092655226942e-05
DP	0	444	0	0	14	1.23310733235743e-05
DP	0	445	0	0	14	1.23310733235743e-05
DP	0	446	0	0	15	1.32118642752582e-05
DP	0	447	0	0	20	1.76158190336776e-05
DP	0	448	0	0	11	9.68870046852265e-06
DP	0	449	0	0	21	1.84966099853614e-05
DP	0	450	0	0	15	1.32118642752582e-05
DP	0	451	0	0	16	1.4092655226942e-05
DP	0	452	0	0	25	2.20197737920969e-05
DP	0	453	0	0	13	1.14502823718904e-05
DP	0	454	0	0	9	7.9271185651549e-06
DP	0	455	0	0	18	1.58542371303098e-05
DP	0	456	0	0	14	1.23310733235743e-05
DP	0	457	0	0	17	1.49734461786259e-05
DP	0	458	0	0	14	1.23310733235743e-05
DP	0	459	0	0	15	1.32118642752582e-05
DP	0	460	0	0	20	1.76158190336776e-05
DP	0	461	0	0	21	1.84966099853614e-05
DP	0	462	0	0	12	1.05694914202065e-05
DP	0	463	0	0	21	1.84966099853614e-05
DP	0	464	0	0	13	1.14502823718904e-05
DP	0	465	0	0	13	1.14502823718904e-05
DP	0	466	0	0	16	1.4092655226942e-05
DP	0	467	0	0	23	2.02581918887292e-05
DP	0	468	0	0	12	1.05694914202065e-05
DP	0	469	0	0	9	7.9271185651549e-06
DP	0	470	0	0	16	1.4092655226942e-05
DP	0	471	0	0	12	1.05694914202065e-05
DP	0	472	0	0	16	1.4092655226942e-05
DP	0	473	0	0	18	1.58542371303098e-05
DP	0	474	0	0	12	1.05694914202065e-05
DP	0	475	0	0	11	9.68870046852265e-06
DP	0	476	0	0	10	8.80790951683878e-06
DP	0	477	0	0	15	1.32118642752582e-05
DP	0	478	0	0	18	1.58542371303098e-05
DP	0	479	0	0	14	1.23310733235743e-05
DP	0	480	0	0	12	1.05694914202065e-05
DP	0	481	0	0	21	1.84966099853614e-05
DP	0	482	0	0	14	1.23310733235743e-05
DP	0	483	0	0	12	1.05694914202065e-05
DP	0	484	0	0	17	1.49734461786259e-05
DP	0	485	0	0	12	1.05694914202065e-05
DP	0	486	0	0	18	1.58542371303098e-05
DP	0	487	0	0	12	1.05694914202065e-05
DP	0	488	0	0	14	1.23310733235743e-05
DP	0	489	0	0	19	1.67350280819937e-05
DP	0	490	0	0	15	1.32118642752582e-05
DP	0	491	0	0	15	1.32118642752582e-05
DP	0	492	0	0	9	7.9271185651549e-06
DP	0	493	0	0	12	1.05694914202065e-05
DP	0	494	0	0	19	1.67350280819937e-05
DP	0	495	0	0	14	1.23310733235743e-05
DP	0	496	0	0	14	1.23310733235743e-05
DP	0	497	0	0	9	7.9271185651549e-06
DP	0	498	0	0	15	1.32118642752582e-05
DP	0	499	0	0	12	1.05694914202065e-05
DP	0	500	0	0	16	1.4092655226942e-05
DP	0	>500	0	0	113522398	99.9895009718559
# QUAL, Stats by quality
# QUAL	[2]id	[3]Quality	[4]number of SNPs	[5]number of transitions (1st ALT)	[6]number of transversions (1st ALT)	[7]number of indels
QUAL	0	30	49027	21529	25417	4312
QUAL	0	31	50147	21145	25926	4157
QUAL	0	32	27915	10153	15034	3505
QUAL	0	33	51886	22870	26505	4637
QUAL	0	34	44995	18896	23094	4007
QUAL	0	35	26366	9682	14081	3366
QUAL	0	36	52717	23361	26893	4638
QUAL	0	37	40601	17038	20805	3983
QUAL	0	38	25787	9879	13353	3348
QUAL	0	39	53189	23921	26795	4422
QUAL	0	40	37173	15820	18703	3720
QUAL	0	41	24571	9268	12931	3164
QUAL	0	42	52407	23704	26319	4410
QUAL	0	43	34262	14646	17012	3731
QUAL	0	44	23762	9153	12200	3205
QUAL	0	45	51103	23222	25548	4368
QUAL	0	46	33590	14403	16587	3648
QUAL	0	47	23452	9210	11938	3111
QUAL	0	48	49737	22449	24874	4367
QUAL	0	49	33687	14464	16587	3519
QUAL	0	50	24569	9651	12273	3058
QUAL	0	51	48973	21844	24487	4034
QUAL	0	52	33574	14446	16380	3357
QUAL	0	53	23782	9582	11684	2783
QUAL	0	54	45858	20728	22720	3840
QUAL	0	55	32846	14653	15847	3174
QUAL	0	56	22786	9490	11091	2754
QUAL	0	57	42176	18912	21097	3743
QUAL	0	58	33159	14738	16111	2981
QUAL	0	59	22074	9118	10951	2617
QUAL	0	60	39224	17641	19446	3569
QUAL	0	61	33138	15023	16063	3036
QUAL	0	62	22146	9438	10783	2529
QUAL	0	63	35996	16263	17809	3379
QUAL	0	64	33907	15542	16362	2911
QUAL	0	65	21203	9171	10246	2479
QUAL	0	66	33960	15489	16644	3323
QUAL	0	67	33650	15448	16275	2871
QUAL	0	68	21364	9343	10205	2497
QUAL	0	69	31351	14370	15171	3251
QUAL	0	70	34303	16004	16465	2859
QUAL	0	71	20692	8940	10031	2451
QUAL	0	72	29780	13598	14396	3182
QUAL	0	73	34615	16196	16611	2932
QUAL	0	74	20680	9000	9896	2299
QUAL	0	75	28356	13292	13387	3071
QUAL	0	76	34556	16206	16590	2908
QUAL	0	77	20407	9010	9735	2381
QUAL	0	78	27701	13170	12911	3233
QUAL	0	79	34995	16512	16772	2774
QUAL	0	80	20290	9087	9604	2408
QUAL	0	81	27106	12828	12657	3110
QUAL	0	82	34112	16149	16268	2771
QUAL	0	83	19937	8923	9394	2315
QUAL	0	84	26862	12918	12321	3174
QUAL	0	85	33865	16248	15927	2645
QUAL	0	86	19374	8680	9185	2293
QUAL	0	87	26572	12682	12279	3049
QUAL	0	88	32962	15802	15500	2657
QUAL	0	89	19062	8534	9062	2186
QUAL	0	90	26351	12852	12117	3107
QUAL	0	91	32681	15716	15361	2558
QUAL	0	92	18841	8561	8703	2145
QUAL	0	93	26699	12774	12350	2970
QUAL	0	94	31860	15444	14726	2452
QUAL	0	95	18721	8478	8722	2074
QUAL	0	96	27639	13426	12720	3051
QUAL	0	97	30635	15334	13668	2444
QUAL	0	98	18464	8526	8491	2097
QUAL	0	99	26629	12692	12496	2910
QUAL	0	100	31114	15539	14032	2375
QUAL	0	101	18506	8721	8400	2096
QUAL	0	102	26814	12945	12439	2873
QUAL	0	103	30114	15194	13424	2455
QUAL	0	104	18710	8946	8369	2026
QUAL	0	105	27829	13541	12915	2904
QUAL	0	106	28839	14725	12674	2354
QUAL	0	107	19066	9213	8450	2108
QUAL	0	108	28019	13798	12929	2771
QUAL	0	109	28389	14521	12358	2433
QUAL	0	110	19454	9642	8480	1945
QUAL	0	111	28612	13856	13425	2905
QUAL	0	112	27139	14079	11642	2453
QUAL	0	113	20014	9928	8656	2173
QUAL	0	114	29701	14574	13784	2912
QUAL	0	115	25901	13483	11019	2359
QUAL	0	116	20431	10322	8758	2019
QUAL	0	117	29724	14842	13476	2886
QUAL	0	118	24619	12781	10438	2398
QUAL	0	119	21564	10800	9386	1993
QUAL	0	120	30700	15609	13776	2869
QUAL	0	121	23171	11947	9833	2521
QUAL	0	122	22258	11556	9438	1992
QUAL	0	123	30927	15927	13647	2846
QUAL	0	124	22459	11487	9641	2353
QUAL	0	125	23285	11928	10041	2049
QUAL	0	126	31643	16372	13948	2957
QUAL	0	127	21155	10789	9016	2397
QUAL	0	128	24251	12501	10419	2027
QUAL	0	129	32243	16987	13937	2934
QUAL	0	130	20480	10547	8656	2293
QUAL	0	131	25152	12995	10854	2033
QUAL	0	132	32925	17763	13859	2899
QUAL	0	133	20477	10761	8502	2368
QUAL	0	134	25861	13401	11224	1994
QUAL	0	135	33472	18306	13853	3019
QUAL	0	136	20304	10625	8388	2365
QUAL	0	137	27193	14139	11759	1925
QUAL	0	138	34007	19043	13705	2937
QUAL	0	139	20181	10581	8295	2301
QUAL	0	140	28064	14502	12319	1987
QUAL	0	141	33201	18635	13279	2846
QUAL	0	142	21017	11083	8739	2413
QUAL	0	143	28937	15281	12503	2022
QUAL	0	144	32566	18450	12841	2807
QUAL	0	145	22042	11853	8967	2384
QUAL	0	146	30086	15813	13109	1911
QUAL	0	147	31219	17494	12428	2934
QUAL	0	148	22824	12371	9158	2356
QUAL	0	149	32186	17129	13808	2150
QUAL	0	150	29154	16315	11610	2824
QUAL	0	151	23362	12664	9396	2476
QUAL	0	152	33580	18167	14217	2049
QUAL	0	153	27239	15315	10726	2819
QUAL	0	154	24021	13066	9706	2520
QUAL	0	155	36270	19815	15215	2150
QUAL	0	156	25420	14152	10055	2911
QUAL	0	157	24951	13745	9926	2503
QUAL	0	158	38607	21398	15950	2147
QUAL	0	159	23680	13091	9441	2896
QUAL	0	160	25872	14229	10438	2513
QUAL	0	161	41339	23594	16442	2235
QUAL	0	162	22702	12378	9150	2997
QUAL	0	163	26170	14411	10539	2565
QUAL	0	164	44272	25508	17562	2263
QUAL	0	165	21758	11977	8665	2958
QUAL	0	166	27107	14947	10975	2503
QUAL	0	167	46557	27408	17917	2242
QUAL	0	168	22295	12190	8919	3025
QUAL	0	169	27480	15033	11229	2504
QUAL	0	170	48399	28663	18548	2285
QUAL	0	171	22714	12602	8992	2988
QUAL	0	172	28805	15927	11698	2604
QUAL	0	173	49282	29354	18685	2343
QUAL	0	174	23558	13157	9204	3171
QUAL	0	175	30618	16939	12387	2455
QUAL	0	176	48625	29150	18211	2340
QUAL	0	177	24988	14117	9650	3128
QUAL	0	178	32185	17931	13098	2489
QUAL	0	179	46687	28006	17483	2348
QUAL	0	180	26172	14864	10105	3159
QUAL	0	181	35065	19612	14213	2581
QUAL	0	182	43662	26089	16380	2513
QUAL	0	183	26809	15411	10169	3207
QUAL	0	184	38402	21868	15268	2629
QUAL	0	185	39970	23801	14997	2532
QUAL	0	186	27698	16052	10485	3118
QUAL	0	187	42777	24640	16908	2621
QUAL	0	188	36692	21807	13731	2540
QUAL	0	189	28313	16527	10581	3165
QUAL	0	190	47441	27869	18321	2621
QUAL	0	191	34075	19850	13030	2572
QUAL	0	192	28528	16539	10803	3192
QUAL	0	193	52262	30970	20004	2676
QUAL	0	194	32277	18638	12483	2743
QUAL	0	195	28803	16926	10690	3222
QUAL	0	196	57573	34741	21584	2636
QUAL	0	197	31876	18400	12307	2736
QUAL	0	198	28956	16936	10816	3410
QUAL	0	199	62412	37977	23153	2555
QUAL	0	200	32789	18971	12567	2751
QUAL	0	201	29035	17023	10841	3489
QUAL	0	202	65707	40487	23977	2601
QUAL	0	203	34719	20110	13353	2739
QUAL	0	204	29530	17363	11041	3671
QUAL	0	205	67196	41518	24457	2643
QUAL	0	206	38123	22318	14621	2888
QUAL	0	207	29394	17382	10921	3762
QUAL	0	208	66761	41573	23914	2780
QUAL	0	209	42009	24945	15904	2772
QUAL	0	210	29912	17479	11267	4075
QUAL	0	211	63732	39806	22689	2672
QUAL	0	212	46367	27505	17581	2786
QUAL	0	213	30282	17740	11452	4004
QUAL	0	214	59297	36742	21384	2726
QUAL	0	215	51645	31198	19233	2815
QUAL	0	216	31195	18388	11684	4106
QUAL	0	217	54045	33449	19376	2774
QUAL	0	218	57219	34716	21262	2813
QUAL	0	219	32980	19497	12314	4199
QUAL	0	220	49032	30302	17496	2839
QUAL	0	221	63710	39265	23198	2874
QUAL	0	222	34551	20685	12713	4121
QUAL	0	223	44029	26831	15965	2866
QUAL	0	224	70077	43273	25462	2914
QUAL	0	225	35776	21624	12978	4074
QUAL	0	226	40802	24866	14715	2908
QUAL	0	227	76094	47384	27404	3059
QUAL	0	228	38198	23109	13989	4073
QUAL	0	229	38961	23663	14133	3111
QUAL	0	230	81712	51254	29101	3025
QUAL	0	231	40683	24763	14665	3983
QUAL	0	232	38418	23132	14149	3115
QUAL	0	233	86078	54226	30514	3135
QUAL	0	234	43212	26421	15549	3926
QUAL	0	235	39256	23640	14518	3151
QUAL	0	236	88209	55534	31376	3120
QUAL	0	237	44625	27593	15832	4089
QUAL	0	238	41486	25133	15236	3340
QUAL	0	239	87404	55137	30956	3197
QUAL	0	240	45892	28499	16247	4006
QUAL	0	241	44948	27326	16444	3428
QUAL	0	242	83960	53053	29613	3160
QUAL	0	243	47252	29373	16706	4089
QUAL	0	244	50125	30652	18302	3455
QUAL	0	245	77835	49075	27501	3406
QUAL	0	246	48251	30164	16960	4362
QUAL	0	247	56398	34546	20605	3537
QUAL	0	248	69880	44022	24679	3410
QUAL	0	249	48996	30434	17364	4499
QUAL	0	250	63879	39573	23059	3620
QUAL	0	251	61922	38778	21968	3595
QUAL	0	252	50325	31307	17777	4598
QUAL	0	253	73721	46300	26120	3655
QUAL	0	254	54035	33606	19219	3585
QUAL	0	255	52480	32754	18516	4683
QUAL	0	256	83041	52120	29591	3728
QUAL	0	257	45551	28114	16256	3645
QUAL	0	258	54840	34218	19533	4736
QUAL	0	259	94653	60006	33256	3871
QUAL	0	260	47105	29500	16467	3733
QUAL	0	261	52649	32454	18977	4718
QUAL	0	262	103388	65979	36054	3835
QUAL	0	263	49904	31120	17512	3671
QUAL	0	264	50669	31303	18246	4623
QUAL	0	265	110198	70325	38444	3857
QUAL	0	266	52329	32851	18296	3731
QUAL	0	267	51290	31585	18501	4644
QUAL	0	268	111996	71555	39097	3862
QUAL	0	269	55169	34511	19438	3688
QUAL	0	270	53917	33313	19490	4676
QUAL	0	271	111052	71086	38576	3947
QUAL	0	272	56963	35921	19798	3775
QUAL	0	273	57924	35873	20883	4858
QUAL	0	274	106166	67953	36836	3844
QUAL	0	275	58368	36999	20127	3890
QUAL	0	276	63855	39809	22795	4890
QUAL	0	277	97163	61938	33890	3920
QUAL	0	278	58976	37378	20396	3982
QUAL	0	279	72264	45271	25749	4946
QUAL	0	280	87640	55854	30470	4011
QUAL	0	281	58964	37540	20207	4125
QUAL	0	282	82730	52259	29165	5083
QUAL	0	283	76481	48627	26559	3982
QUAL	0	284	58641	37522	19966	4278
QUAL	0	285	96026	60845	33824	5448
QUAL	0	286	66854	42297	23275	4005
QUAL	0	287	58623	37082	20299	4410
QUAL	0	288	109865	70253	38248	5666
QUAL	0	289	59958	37876	20800	4055
QUAL	0	290	58795	37339	20227	4512
QUAL	0	291	122728	78459	42800	5889
QUAL	0	292	55308	34875	19228	4015
QUAL	0	293	58678	37280	20209	4474
QUAL	0	294	135118	86913	46741	6099
QUAL	0	295	54385	34099	19041	4101
QUAL	0	296	59651	37989	20465	4510
QUAL	0	297	142501	91722	49316	6118
QUAL	0	298	55413	34908	19214	4168
QUAL	0	299	60425	38068	21219	4439
QUAL	0	300	145560	93528	50548	6066
QUAL	0	301	56997	36190	19605	4242
QUAL	0	302	63949	40416	22262	4538
QUAL	0	303	144445	93287	49671	5911
QUAL	0	304	60079	38364	20421	4391
QUAL	0	305	67796	42790	23780	4634
QUAL	0	306	135578	87200	46858	5780
QUAL	0	307	62461	39755	21479	4352
QUAL	0	308	73882	46788	25860	4617
QUAL	0	309	123914	79795	42703	5571
QUAL	0	310	64488	41107	22158	4526
QUAL	0	311	82699	52583	28867	4674
QUAL	0	312	109542	70569	37601	5375
QUAL	0	313	66995	43183	22486	4614
QUAL	0	314	93223	59497	32445	4712
QUAL	0	315	95384	61128	32937	5380
QUAL	0	316	69265	44240	23719	4734
QUAL	0	317	106813	68657	36800	4740
QUAL	0	318	82769	52820	28657	5299
QUAL	0	319	69972	45116	23620	4901
QUAL	0	320	121368	78065	41918	4781
QUAL	0	321	74573	47154	26171	5355
QUAL	0	322	70919	45891	23747	5047
QUAL	0	323	136301	87988	46908	4822
QUAL	0	324	69950	44291	24417	5500
QUAL	0	325	70701	45853	23688	5119
QUAL	0	326	149318	96703	51130	4934
QUAL	0	327	69619	44180	24181	5999
QUAL	0	328	70726	45453	24088	5254
QUAL	0	329	157754	102258	54037	5017
QUAL	0	330	72617	46110	25223	6210
QUAL	0	331	70539	45538	23818	5467
QUAL	0	332	160752	104390	54924	5216
QUAL	0	333	78249	49777	27199	6435
QUAL	0	334	70047	44891	23944	5555
QUAL	0	335	156703	102060	53133	5043
QUAL	0	336	84909	54082	29444	6710
QUAL	0	337	69636	44714	23733	5360
QUAL	0	338	148824	96733	50690	5192
QUAL	0	339	93000	59572	32117	6806
QUAL	0	340	69147	44346	23595	5234
QUAL	0	341	136788	88774	46610	5114
QUAL	0	342	103257	66411	35484	6870
QUAL	0	343	69383	44456	23729	5037
QUAL	0	344	121810	79097	41309	5269
QUAL	0	345	115064	74277	39417	6626
QUAL	0	346	69937	44567	24164	4890
QUAL	0	347	106612	68951	36364	5364
QUAL	0	348	127560	82315	43840	6258
QUAL	0	349	72108	46312	24530	4799
QUAL	0	350	93538	60484	31814	5380
QUAL	0	351	139156	90223	47447	6220
QUAL	0	352	74416	47803	25327	4741
QUAL	0	353	83374	53883	28252	5583
QUAL	0	354	152031	98651	51910	5978
QUAL	0	355	77056	49678	26047	5016
QUAL	0	356	77214	49727	26334	5534
QUAL	0	357	161728	104852	55338	6092
QUAL	0	358	79980	51693	27038	4963
QUAL	0	359	74489	47872	25446	5624
QUAL	0	360	168809	109591	57707	6250
QUAL	0	361	82933	53628	27996	4983
QUAL	0	362	74929	48137	25613	5617
QUAL	0	363	164713	106571	56701	6686
QUAL	0	364	91817	59735	30761	5087
QUAL	0	365	76364	49016	26089	5437
QUAL	0	366	158674	102646	54478	7125
QUAL	0	367	95989	62708	31993	5183
QUAL	0	368	80845	52166	27509	5386
QUAL	0	369	148082	95660	50962	7751
QUAL	0	370	97398	64074	31991	5189
QUAL	0	371	85617	55039	29261	5516
QUAL	0	372	97295	62494	33525	8106
QUAL	0	373	136383	89523	45400	5230
QUAL	0	374	96931	62801	32885	5429
QUAL	0	375	86571	55709	29622	8471
QUAL	0	376	129979	85154	43441	5260
QUAL	0	377	108291	70104	36852	5048
QUAL	0	378	81580	52402	27985	8815
QUAL	0	379	118961	77509	40037	5148
QUAL	0	380	123033	80040	41630	5090
QUAL	0	381	80478	51778	27463	8883
QUAL	0	382	105489	68748	35387	5214
QUAL	0	383	138633	89804	47361	4957
QUAL	0	384	80704	51868	27582	8728
QUAL	0	385	94306	61214	31813	5438
QUAL	0	386	152682	99780	51458	4838
QUAL	0	387	82963	53572	28129	8625
QUAL	0	388	86899	56298	29362	5623
QUAL	0	389	164978	107456	55991	4888
QUAL	0	390	84125	54272	28566	8240
QUAL	0	391	80900	52317	27381	5594
QUAL	0	392	174619	113851	59245	4825
QUAL	0	393	87032	56554	29158	7869
QUAL	0	394	80459	51742	27536	5835
QUAL	0	395	175353	114438	59425	4615
QUAL	0	396	88163	57343	29475	7736
QUAL	0	397	81974	52901	27889	6129
QUAL	0	398	171031	111356	58162	4769
QUAL	0	399	88661	57588	29787	7398
QUAL	0	400	86906	56113	29575	6238
QUAL	0	401	160513	104705	54334	4804
QUAL	0	402	89087	57719	30095	7286
QUAL	0	403	93190	60171	31721	6465
QUAL	0	404	145811	94895	49558	4740
QUAL	0	405	89219	58251	29744	7565
QUAL	0	406	102867	66736	34842	6349
QUAL	0	407	128342	83208	43785	4956
QUAL	0	408	88920	57951	29712	7855
QUAL	0	409	115250	74756	39207	6195
QUAL	0	410	111913	72769	37868	5020
QUAL	0	411	88453	57560	29662	8355
QUAL	0	412	128934	83764	43795	6197
QUAL	0	413	96653	62744	32688	5143
QUAL	0	414	87892	57265	29499	8793
QUAL	0	415	144868	94703	48793	6033
QUAL	0	416	86037	55746	29052	4969
QUAL	0	417	87452	56567	29703	9049
QUAL	0	418	159105	104051	53618	5881
QUAL	0	419	79119	51250	26703	5013
QUAL	0	420	86653	56333	29178	9533
QUAL	0	421	170312	111317	57528	5675
QUAL	0	422	75515	48804	25485	5140
QUAL	0	423	86813	56026	29590	9749
QUAL	0	424	178011	116174	60379	5635
QUAL	0	425	74642	48450	24993	5176
QUAL	0	426	86779	56153	29447	9650
QUAL	0	427	178437	116994	59975	5708
QUAL	0	428	76620	49621	25755	5265
QUAL	0	429	87387	56378	29900	9142
QUAL	0	430	173654	113630	58565	5776
QUAL	0	431	78554	50839	26517	5334
QUAL	0	432	89883	57952	30745	8875
QUAL	0	433	162003	105769	54869	5778
QUAL	0	434	79768	51707	26864	5298
QUAL	0	435	94137	60872	32122	8206
QUAL	0	436	146155	95626	49202	5880
QUAL	0	437	81794	53240	27347	5392
QUAL	0	438	100641	65512	33906	7908
QUAL	0	439	129989	84664	44033	5856
QUAL	0	440	83812	54777	27817	5498
QUAL	0	441	110211	71555	37401	7994
QUAL	0	442	112828	73092	38497	6016
QUAL	0	443	85156	55696	28296	5472
QUAL	0	444	122045	79430	41385	7658
QUAL	0	445	97187	62926	33002	5871
QUAL	0	446	85769	56320	28326	5441
QUAL	0	447	134298	87490	45504	7860
QUAL	0	448	87602	56806	29679	5960
QUAL	0	449	86115	56535	28411	5391
QUAL	0	450	147027	96203	49517	8382
QUAL	0	451	82572	53377	28046	5875
QUAL	0	452	85902	56364	28397	5345
QUAL	0	453	156758	102422	52956	8977
QUAL	0	454	80383	52043	27200	5815
QUAL	0	455	84359	55098	28140	5380
QUAL	0	456	162534	106276	54847	9445
QUAL	0	457	81355	52857	27356	5763
QUAL	0	458	83413	54312	27999	5173
QUAL	0	459	162190	106140	54686	10050
QUAL	0	460	83650	53981	28506	5890
QUAL	0	461	81847	53390	27326	5222
QUAL	0	462	157792	103047	53339	10278
QUAL	0	463	88102	57381	29525	5822
QUAL	0	464	80249	52304	26866	5216
QUAL	0	465	147596	96469	49849	10219
QUAL	0	466	93283	60697	31439	5913
QUAL	0	467	78101	50924	26148	5238
QUAL	0	468	133779	87626	44883	10076
QUAL	0	469	100154	65258	33707	5786
QUAL	0	470	77046	50115	25853	5064
QUAL	0	471	119646	77767	40740	9725
QUAL	0	472	109265	71327	36706	5869
QUAL	0	473	76207	49555	25534	5172
QUAL	0	474	105183	68700	35311	9343
QUAL	0	475	117601	76745	39628	5839
QUAL	0	476	76525	49956	25516	4978
QUAL	0	477	93057	60324	31585	8917
QUAL	0	478	123836	81311	41306	5821
QUAL	0	479	78972	51825	26101	4902
QUAL	0	480	85336	55668	28606	8368
QUAL	0	481	129839	84753	43847	5929
QUAL	0	482	81784	53711	26931	5042
QUAL	0	483	79082	51456	26607	7995
QUAL	0	484	130205	85032	43932	5709
QUAL	0	485	87703	58084	28503	4736
QUAL	0	486	74962	48156	25718	8060
QUAL	0	487	114127	74344	38607	5838
QUAL	0	488	111430	73532	36722	4966
QUAL	0	489	72820	47013	24784	8315
QUAL	0	490	96831	63032	32633	5840
QUAL	0	491	129679	85729	42719	4894
QUAL	0	492	73928	47713	25219	8800
QUAL	0	493	88199	57722	29389	5848
QUAL	0	494	133056	87442	44357	5002
QUAL	0	495	76455	49268	26108	9298
QUAL	0	496	83008	54002	27895	5935
QUAL	0	497	127863	84084	42591	5235
QUAL	0	498	81412	52402	27923	9866
QUAL	0	499	79398	51654	26729	5784
QUAL	0	500	117976	77179	39678	5302
QUAL	0	501	87291	56369	29792	10502
QUAL	0	502	76221	49652	25555	5643
QUAL	0	503	106064	69346	35611	5404
QUAL	0	504	94959	61739	32130	10665
QUAL	0	505	73237	47704	24477	5624
QUAL	0	506	92723	60585	31151	5297
QUAL	0	507	105972	69302	35548	10688
QUAL	0	508	70997	46373	23663	5560
QUAL	0	509	81967	53539	27433	5343
QUAL	0	510	115022	75004	38853	10232
QUAL	0	511	70168	45768	23407	5418
QUAL	0	512	75733	49606	25148	5309
QUAL	0	513	122200	80013	41024	9598
QUAL	0	514	69951	45461	23424	5244
QUAL	0	515	71373	46747	23692	5473
QUAL	0	516	127048	83486	42461	9019
QUAL	0	517	69680	45695	22938	5182
QUAL	0	518	69579	45667	22940	5145
QUAL	0	519	128600	84397	43041	8395
QUAL	0	520	70491	46102	23377	5081
QUAL	0	521	69036	44857	23230	5394
QUAL	0	522	127972	83776	43000	7850
QUAL	0	523	70308	46121	23187	4962
QUAL	0	524	69278	45205	23111	5286
QUAL	0	525	122294	80034	41163	7704
QUAL	0	526	70825	46515	23324	5068
QUAL	0	527	70574	46070	23556	5410
QUAL	0	528	114445	74836	38558	7734
QUAL	0	529	70603	46343	23261	5055
QUAL	0	530	74187	48349	24822	5466
QUAL	0	531	105217	68666	35517	8156
QUAL	0	532	68719	45180	22582	5070
QUAL	0	533	78075	51071	26042	5500
QUAL	0	534	93826	60941	31823	8607
QUAL	0	535	69144	45544	22663	5323
QUAL	0	536	83652	54704	27977	5375
QUAL	0	537	83469	54309	28107	9258
QUAL	0	538	67714	44486	22355	5330
QUAL	0	539	91070	59421	30655	5451
QUAL	0	540	74514	48493	25091	10028
QUAL	0	541	67216	44083	22172	5315
QUAL	0	542	97523	63987	32508	5255
QUAL	0	543	68554	44204	23391	10225
QUAL	0	544	66289	43564	21870	5298
QUAL	0	545	103970	68332	34612	5079
QUAL	0	546	64110	41368	21818	10589
QUAL	0	547	65615	42923	21723	5193
QUAL	0	548	108580	71378	36165	5104
QUAL	0	549	61401	39860	20617	10314
QUAL	0	550	64495	42102	21446	5064
QUAL	0	551	111053	72839	37195	4966
QUAL	0	552	60902	39307	20623	10042
QUAL	0	553	64045	41960	21179	4989
QUAL	0	554	110321	72629	36675	4689
QUAL	0	555	61086	39658	20479	9471
QUAL	0	556	63961	41812	21205	5079
QUAL	0	557	105248	68911	35301	4591
QUAL	0	558	60473	39454	20149	8755
QUAL	0	559	64204	42050	21309	4942
QUAL	0	560	97623	63926	32667	4657
QUAL	0	561	62572	40904	20799	8471
QUAL	0	562	66187	43450	21829	5005
QUAL	0	563	89003	58468	29556	4604
QUAL	0	564	62812	40892	21030	7788
QUAL	0	565	68438	44700	22804	5041
QUAL	0	566	80000	52323	26689	4693
QUAL	0	567	62521	40677	20950	7698
QUAL	0	568	72249	47096	24253	5046
QUAL	0	569	72436	47494	24072	4786
QUAL	0	570	61962	40285	20803	7639
QUAL	0	571	76543	50391	25269	5130
QUAL	0	572	65483	42787	21809	4819
QUAL	0	573	61674	40434	20370	7787
QUAL	0	574	82345	54230	27196	5069
QUAL	0	575	61139	39829	20450	4956
QUAL	0	576	61051	39727	20484	8322
QUAL	0	577	85625	56209	28474	5201
QUAL	0	578	58168	38032	19256	5060
QUAL	0	579	60944	39579	20508	8671
QUAL	0	580	88966	58341	29671	5015
QUAL	0	581	57146	37365	18882	5145
QUAL	0	582	60347	39253	20211	9260
QUAL	0	583	90484	59404	30138	5161
QUAL	0	584	56900	37124	18963	5030
QUAL	0	585	59740	38696	20252	9604
QUAL	0	586	88842	58272	29633	5034
QUAL	0	587	57682	37801	19057	5045
QUAL	0	588	59007	38283	19863	9566
QUAL	0	589	85136	56032	28190	4717
QUAL	0	590	59061	38591	19586	5084
QUAL	0	591	57855	37365	19630	9439
QUAL	0	592	80078	52765	26434	4610
QUAL	0	593	61174	39889	20443	4942
QUAL	0	594	56490	36586	19045	9191
QUAL	0	595	74499	48786	24822	4474
QUAL	0	596	62199	40718	20615	4981
QUAL	0	597	56125	36387	18933	8713
QUAL	0	598	68551	44957	22722	4495
QUAL	0	599	63507	41517	21161	4827
QUAL	0	600	56381	36811	18783	8137
QUAL	0	601	63239	41242	21164	4283
QUAL	0	602	64165	41857	21483	4684
QUAL	0	603	55147	36054	18332	7730
QUAL	0	604	58222	37991	19419	4499
QUAL	0	605	58802	38412	19559	4758
QUAL	0	606	66054	43028	22165	7183
QUAL	0	607	55382	36116	18504	4344
QUAL	0	608	57063	37580	18736	4640
QUAL	0	609	69711	45599	23228	7038
QUAL	0	610	53065	34427	17814	4674
QUAL	0	611	55977	36949	18263	4468
QUAL	0	612	73069	48033	24156	7116
QUAL	0	613	51664	33703	17139	4473
QUAL	0	614	55117	36102	18188	4502
QUAL	0	615	73849	48239	24766	7418
QUAL	0	616	50855	33095	17002	4526
QUAL	0	617	54424	35863	17800	4413
QUAL	0	618	73587	48210	24566	7857
QUAL	0	619	51365	33508	17066	4796
QUAL	0	620	53741	35374	17559	4384
QUAL	0	621	71392	46463	24089	8206
QUAL	0	622	51876	33860	17215	4820
QUAL	0	623	52267	34236	17291	4426
QUAL	0	624	66830	43523	22419	8689
QUAL	0	625	55386	36140	18447	4754
QUAL	0	626	51343	33661	16909	4195
QUAL	0	627	62605	40825	21022	9181
QUAL	0	628	57012	37289	18946	4745
QUAL	0	629	49633	32538	16356	4283
QUAL	0	630	59166	38646	19722	9209
QUAL	0	631	58814	38572	19474	4575
QUAL	0	632	49193	32193	16200	4138
QUAL	0	633	56068	36574	18733	9087
QUAL	0	634	60582	39546	20201	4484
QUAL	0	635	48355	31630	15978	4128
QUAL	0	636	53573	35077	17656	8645
QUAL	0	637	62207	40829	20535	4275
QUAL	0	638	47714	31431	15567	4100
QUAL	0	639	51338	33311	17293	8139
QUAL	0	640	63329	41489	21015	4352
QUAL	0	641	47106	30899	15470	3955
QUAL	0	642	49699	32411	16540	7587
QUAL	0	643	64108	42059	21238	4324
QUAL	0	644	46665	30416	15515	4020
QUAL	0	645	49535	32268	16554	7094
QUAL	0	646	64153	41910	21469	4377
QUAL	0	647	46017	30131	15129	3917
QUAL	0	648	48598	31654	16203	6679
QUAL	0	649	63863	41917	21132	4368
QUAL	0	650	45920	30295	14886	4058
QUAL	0	651	48873	31851	16260	6195
QUAL	0	652	61980	40452	20780	4329
QUAL	0	653	45675	29974	14975	4062
QUAL	0	654	49055	31879	16443	6294
QUAL	0	655	59174	38681	19726	4324
QUAL	0	656	45285	29743	14828	4174
QUAL	0	657	49803	32281	16782	6468
QUAL	0	658	57167	37233	19153	4372
QUAL	0	659	45658	29815	15151	4371
QUAL	0	660	51607	33528	17364	6731
QUAL	0	661	53683	35306	17663	4355
QUAL	0	662	45222	29729	14757	4412
QUAL	0	663	52754	34436	17636	7129
QUAL	0	664	51016	33366	16898	4334
QUAL	0	665	44904	29583	14683	4620
QUAL	0	666	54145	35217	18214	7647
QUAL	0	667	48334	31592	16038	4367
QUAL	0	668	44672	29311	14674	4377
QUAL	0	669	55082	35952	18399	7781
QUAL	0	670	46508	30343	15437	4226
QUAL	0	671	44566	29320	14545	4296
QUAL	0	672	57230	37310	19166	7972
QUAL	0	673	44655	29257	14727	4134
QUAL	0	674	44542	29231	14639	4119
QUAL	0	675	58240	37906	19613	7776
QUAL	0	676	44116	28861	14594	4039
QUAL	0	677	43956	28750	14534	4085
QUAL	0	678	57851	37683	19397	7569
QUAL	0	679	44238	28906	14600	3923
QUAL	0	680	44340	29230	14448	3879
QUAL	0	681	56937	37141	19005	7097
QUAL	0	682	43746	28652	14416	3883
QUAL	0	683	43995	28785	14514	3653
QUAL	0	684	56178	36806	18607	6589
QUAL	0	685	43013	28266	14025	3929
QUAL	0	686	44011	28861	14444	3619
QUAL	0	687	54514	35802	17987	6169
QUAL	0	688	42434	27815	13923	4039
QUAL	0	689	44544	29332	14540	3553
QUAL	0	690	53131	34726	17714	5953
QUAL	0	691	42820	27988	14189	3964
QUAL	0	692	44531	29294	14571	3605
QUAL	0	693	51086	33481	16930	5970
QUAL	0	694	42841	28111	14049	4048
QUAL	0	695	46086	30279	15113	3579
QUAL	0	696	49061	32024	16353	5819
QUAL	0	697	42636	27799	14195	4105
QUAL	0	698	46630	30691	15292	3566
QUAL	0	699	48012	31170	16154	6202
QUAL	0	700	42290	27886	13716	4269
QUAL	0	701	47510	31261	15541	3590
QUAL	0	702	46941	30665	15584	6270
QUAL	0	703	42104	27505	13919	4387
QUAL	0	704	47818	31587	15584	3721
QUAL	0	705	46567	30276	15643	6524
QUAL	0	706	42553	27951	13940	4161
QUAL	0	707	49058	32254	16135	3644
QUAL	0	708	45587	29701	15280	6847
QUAL	0	709	42324	27714	13954	4239
QUAL	0	710	48867	32014	16162	3739
QUAL	0	711	45055	29280	15119	7002
QUAL	0	712	42681	27880	14143	4057
QUAL	0	713	48834	32047	16105	3529
QUAL	0	714	45004	29299	15000	6849
QUAL	0	715	42642	27950	13975	3984
QUAL	0	716	48742	32014	16039	3450
QUAL	0	717	44768	29197	14887	6817
QUAL	0	718	41495	27161	13683	3850
QUAL	0	719	48315	31807	15829	3410
QUAL	0	720	43277	28187	14417	6606
QUAL	0	721	41761	27410	13668	3817
QUAL	0	722	47198	31174	15381	3408
QUAL	0	723	42365	27775	13953	6093
QUAL	0	724	42776	28125	14002	3700
QUAL	0	725	46382	30455	15262	3300
QUAL	0	726	41474	27082	13746	5774
QUAL	0	727	43571	28662	14299	3703
QUAL	0	728	45672	29970	15046	3317
QUAL	0	729	41977	27391	13952	5319
QUAL	0	730	43936	28860	14407	3759
QUAL	0	731	45008	29574	14791	3393
QUAL	0	732	41246	26986	13596	5115
QUAL	0	733	44564	29293	14588	3788
QUAL	0	734	44305	29148	14480	3315
QUAL	0	735	41071	26736	13685	5074
QUAL	0	736	44954	29399	14885	3803
QUAL	0	737	43962	28847	14473	3386
QUAL	0	738	41629	27356	13615	5013
QUAL	0	739	44919	29356	14869	3953
QUAL	0	740	43358	28528	14186	3357
QUAL	0	741	41825	27264	13966	5141
QUAL	0	742	44410	29255	14549	3882
QUAL	0	743	43935	28843	14392	3480
QUAL	0	744	41685	27286	13767	5470
QUAL	0	745	43988	28977	14346	3845
QUAL	0	746	43058	28101	14320	3407
QUAL	0	747	42118	27709	13777	5587
QUAL	0	748	44032	28855	14517	3869
QUAL	0	749	43188	28460	14078	3429
QUAL	0	750	42283	27789	13894	5836
QUAL	0	751	44000	28897	14442	3897
QUAL	0	752	42467	27880	13954	3390
QUAL	0	753	42324	27658	14018	5838
QUAL	0	754	43127	28391	14072	3602
QUAL	0	755	41957	27529	13789	3378
QUAL	0	756	41729	27265	13838	5938
QUAL	0	757	43089	28302	14180	3590
QUAL	0	758	41855	27563	13739	3345
QUAL	0	759	41753	27316	13817	5734
QUAL	0	760	42665	28053	14006	3585
QUAL	0	761	41751	27320	13837	3069
QUAL	0	762	42003	27311	14114	5660
QUAL	0	763	43425	28617	14228	3436
QUAL	0	764	42003	27607	13783	3099
QUAL	0	765	41413	27147	13655	5312
QUAL	0	766	42545	27912	13975	3540
QUAL	0	767	42505	27965	13904	3050
QUAL	0	768	41420	27203	13563	4987
QUAL	0	769	42304	27927	13775	3646
QUAL	0	770	41813	27532	13670	3042
QUAL	0	771	40675	26566	13482	4828
QUAL	0	772	42479	27973	13903	3619
QUAL	0	773	42916	28240	14083	2964
QUAL	0	774	40359	26498	13284	4539
QUAL	0	775	42464	27958	13886	3587
QUAL	0	776	42895	28189	14108	3115
QUAL	0	777	40107	26255	13223	4503
QUAL	0	778	41758	27339	13823	3565
QUAL	0	779	42732	28066	14084	3128
QUAL	0	780	40387	26578	13163	4638
QUAL	0	781	41869	27652	13612	3684
QUAL	0	782	42794	28232	13943	3181
QUAL	0	783	40103	26327	13210	4542
QUAL	0	784	40933	27013	13326	3707
QUAL	0	785	42524	27999	13939	3135
QUAL	0	786	40118	26396	13089	4709
QUAL	0	787	40747	26614	13469	3727
QUAL	0	788	42563	28085	13896	3195
QUAL	0	789	40683	26804	13274	5004
QUAL	0	790	40732	26616	13479	3583
QUAL	0	791	41903	27599	13654	3177
QUAL	0	792	40768	26984	13190	4941
QUAL	0	793	40660	26543	13516	3629
QUAL	0	794	41451	27201	13619	3088
QUAL	0	795	40832	26783	13454	5105
QUAL	0	796	40862	26810	13430	3536
QUAL	0	797	41503	27616	13319	3143
QUAL	0	798	41391	27139	13691	5186
QUAL	0	799	40914	26958	13384	3489
QUAL	0	800	41210	27128	13481	3114
QUAL	0	801	40699	26652	13451	4889
QUAL	0	802	41495	27535	13358	3412
QUAL	0	803	40648	26851	13215	3142
QUAL	0	804	40878	26861	13401	4696
QUAL	0	805	41569	27395	13583	3324
QUAL	0	806	40087	26357	13103	3037
QUAL	0	807	40621	26796	13172	4588
QUAL	0	808	42397	28030	13809	3333
QUAL	0	809	39234	25804	12849	2939
QUAL	0	810	40371	26538	13232	4439
QUAL	0	811	42609	28196	13849	3227
QUAL	0	812	38681	25637	12453	2915
QUAL	0	813	40397	26550	13262	4197
QUAL	0	814	42571	27986	14028	3269
QUAL	0	815	38286	25274	12425	2879
QUAL	0	816	39813	26345	12866	4253
QUAL	0	817	42979	28454	13968	3395
QUAL	0	818	38050	25040	12454	2972
QUAL	0	819	39733	26208	12966	4075
QUAL	0	820	42842	28296	13998	3330
QUAL	0	821	37891	25176	12103	2964
QUAL	0	822	39664	25932	13156	4053
QUAL	0	823	43386	28713	14079	3355
QUAL	0	824	37890	25066	12229	2898
QUAL	0	825	39514	25989	12920	4212
QUAL	0	826	42895	28205	14124	3343
QUAL	0	827	38074	25228	12262	2900
QUAL	0	828	39754	26056	13116	4195
QUAL	0	829	42672	28184	13910	3440
QUAL	0	830	38040	25100	12376	2922
QUAL	0	831	39857	26216	13085	4302
QUAL	0	832	42202	27797	13824	3392
QUAL	0	833	38736	25642	12551	2849
QUAL	0	834	40070	26416	13058	4262
QUAL	0	835	41755	27486	13694	3359
QUAL	0	836	38663	25405	12680	2797
QUAL	0	837	40528	26692	13304	4403
QUAL	0	838	40419	26548	13279	3356
QUAL	0	839	38703	25751	12364	2860
QUAL	0	840	40634	26558	13516	4445
QUAL	0	841	39551	26121	12878	3347
QUAL	0	842	39187	25767	12883	2871
QUAL	0	843	41209	27167	13478	4301
QUAL	0	844	38981	25707	12670	3255
QUAL	0	845	39068	25914	12599	2804
QUAL	0	846	41558	27376	13632	4204
QUAL	0	847	38173	25139	12479	3240
QUAL	0	848	38952	25633	12728	2852
QUAL	0	849	41855	27606	13644	3898
QUAL	0	850	37878	24964	12345	3281
QUAL	0	851	38440	25503	12353	2740
QUAL	0	852	42291	27871	13885	3831
QUAL	0	853	37159	24342	12266	3159
QUAL	0	854	38001	25175	12245	2719
QUAL	0	855	42348	27914	13868	3714
QUAL	0	856	36560	24258	11763	3277
QUAL	0	857	38009	25193	12274	2745
QUAL	0	858	42518	27801	14135	3580
QUAL	0	859	36909	24517	11824	3158
QUAL	0	860	37642	24679	12405	2693
QUAL	0	861	42420	27884	13951	3498
QUAL	0	862	36744	24208	12002	3337
QUAL	0	863	37512	24687	12235	2788
QUAL	0	864	41733	27569	13593	3608
QUAL	0	865	37264	24655	12058	3334
QUAL	0	866	37759	25122	12043	2657
QUAL	0	867	41617	27411	13665	3606
QUAL	0	868	38088	25230	12323	3372
QUAL	0	869	37815	24985	12323	2763
QUAL	0	870	41281	27192	13515	3602
QUAL	0	871	37404	24783	12070	3273
QUAL	0	872	38097	25163	12392	2784
QUAL	0	873	39524	26001	13012	3769
QUAL	0	874	38279	25500	12239	3197
QUAL	0	875	38312	25417	12343	2762
QUAL	0	876	38612	25282	12797	3729
QUAL	0	877	38424	25404	12430	3289
QUAL	0	878	38986	25929	12532	2706
QUAL	0	879	38345	25192	12628	3723
QUAL	0	880	38319	25454	12309	3152
QUAL	0	881	38707	25630	12529	2850
QUAL	0	882	38088	25037	12564	3813
QUAL	0	883	38161	25235	12355	3242
QUAL	0	884	38984	25838	12595	2824
QUAL	0	885	36928	24200	12164	3698
QUAL	0	886	37760	24933	12304	3112
QUAL	0	887	39059	25867	12635	2689
QUAL	0	888	36408	23959	11900	3607
QUAL	0	889	37983	25214	12220	3177
QUAL	0	890	39112	25853	12722	2761
QUAL	0	891	36588	24076	12002	3340
QUAL	0	892	37310	24696	12082	3155
QUAL	0	893	39281	25967	12760	2676
QUAL	0	894	36974	24393	12003	3294
QUAL	0	895	36980	24280	12156	3121
QUAL	0	896	38661	25612	12525	2668
QUAL	0	897	36820	24312	11994	3225
QUAL	0	898	36649	24346	11798	3183
QUAL	0	899	38631	25559	12552	2718
QUAL	0	900	37188	24732	11945	3226
QUAL	0	901	37025	24366	12117	3081
QUAL	0	902	38702	25716	12491	2714
QUAL	0	903	37332	24676	12108	3240
QUAL	0	904	36561	24099	11905	3126
QUAL	0	905	37307	24734	12056	2670
QUAL	0	906	37298	24689	12125	3103
QUAL	0	907	36349	24128	11678	3116
QUAL	0	908	37253	24522	12184	2666
QUAL	0	909	37204	24652	12020	3177
QUAL	0	910	36207	24032	11684	3212
QUAL	0	911	36184	23951	11679	2668
QUAL	0	912	37940	25123	12292	3257
QUAL	0	913	36341	23991	11839	3155
QUAL	0	914	36073	23969	11607	2613
QUAL	0	915	37509	24826	12168	3363
QUAL	0	916	36436	24116	11764	3279
QUAL	0	917	35880	23596	11717	2723
QUAL	0	918	37569	24886	12187	3246
QUAL	0	919	36462	24107	11839	3104
QUAL	0	920	35273	23360	11387	2562
QUAL	0	921	37489	24872	12101	3292
QUAL	0	922	36138	23907	11726	3226
QUAL	0	923	35098	23272	11362	2688
QUAL	0	924	37255	24586	12117	3179
QUAL	0	925	35762	23640	11614	2997
QUAL	0	926	35118	23214	11401	2668
QUAL	0	927	36533	24203	11833	3235
QUAL	0	928	36211	23994	11695	3216
QUAL	0	929	35377	23338	11508	2601
QUAL	0	930	36240	23929	11812	3031
QUAL	0	931	35904	23853	11525	3188
QUAL	0	932	35592	23509	11582	2541
QUAL	0	933	35050	23340	11212	3095
QUAL	0	934	35659	23574	11569	3141
QUAL	0	935	35719	23649	11548	2634
QUAL	0	936	34783	22973	11337	2968
QUAL	0	937	36231	24097	11603	3066
QUAL	0	938	36198	23936	11783	2611
QUAL	0	939	34276	22746	11041	2873
QUAL	0	940	34873	23009	11364	3127
QUAL	0	941	36149	23896	11705	2573
QUAL	0	942	33888	22452	10917	2857
QUAL	0	943	34566	22861	11202	3149
QUAL	0	944	36330	24197	11635	2488
QUAL	0	945	33609	22284	10825	2790
QUAL	0	946	33918	22549	10890	2952
QUAL	0	947	36405	24218	11687	2576
QUAL	0	948	33762	22346	10896	2755
QUAL	0	949	33769	22200	11046	3104
QUAL	0	950	36296	24115	11703	2574
QUAL	0	951	33654	22374	10773	2854
QUAL	0	952	33536	22066	11025	3090
QUAL	0	953	35988	23962	11541	2647
QUAL	0	954	33528	22210	10811	2813
QUAL	0	955	33688	22266	10877	3103
QUAL	0	956	35205	23316	11377	2601
QUAL	0	957	33434	22239	10681	2887
QUAL	0	958	33265	22011	10750	3057
QUAL	0	959	35246	23256	11469	2580
QUAL	0	960	33375	22135	10766	2957
QUAL	0	961	33590	22173	10941	3095
QUAL	0	962	34787	22962	11334	2521
QUAL	0	963	33144	21994	10693	2853
QUAL	0	964	33616	22316	10823	3189
QUAL	0	965	33914	22502	10893	2610
QUAL	0	966	33010	21907	10613	2882
QUAL	0	967	33809	22506	10804	2949
QUAL	0	968	33202	22008	10684	2467
QUAL	0	969	33035	21977	10558	2867
QUAL	0	970	34425	22726	11222	3006
QUAL	0	971	32884	21746	10659	2513
QUAL	0	972	33103	22029	10595	2770
QUAL	0	973	34165	22618	11040	2971
QUAL	0	974	31900	21145	10265	2519
QUAL	0	975	31956	21049	10429	2738
QUAL	0	976	34895	23165	11240	3132
QUAL	0	977	31340	20702	10149	2552
QUAL	0	978	31814	21064	10274	2670
QUAL	0	979	34787	23051	11269	3106
QUAL	0	980	31325	20814	10076	2488
QUAL	0	981	31432	20866	10091	2609
QUAL	0	982	34759	23114	11151	3040
QUAL	0	983	30846	20492	9907	2458
QUAL	0	984	31345	20631	10241	2540
QUAL	0	985	34757	22918	11358	3044
QUAL	0	986	31269	20772	10032	2487
QUAL	0	987	31291	20827	9981	2530
QUAL	0	988	34184	22815	10892	3093
QUAL	0	989	30948	20501	9981	2497
QUAL	0	990	31286	20692	10145	2676
QUAL	0	991	33841	22281	11083	3047
QUAL	0	992	30778	20396	9883	2572
QUAL	0	993	30666	20335	9854	2658
QUAL	0	994	32961	21822	10656	2924
QUAL	0	995	30774	20395	9926	2437
QUAL	0	996	31279	20608	10208	2601
QUAL	0	997	32640	21583	10632	3020
QUAL	0	998	46877903	30813029	14663442	6812241
