# This file was produced by plot-vcfstats, the command line was:
#   plot-vcfstats -m ./chm13_EAS/1kgp.chr1.recalibrated.snp_indel.pass.EAS.bcftools.stats.txt ./chm13_EAS/1kgp.chr10.recalibrated.snp_indel.pass.EAS.bcftools.stats.txt ./chm13_EAS/1kgp.chr11.recalibrated.snp_indel.pass.EAS.bcftools.stats.txt ./chm13_EAS/1kgp.chr12.recalibrated.snp_indel.pass.EAS.bcftools.stats.txt ./chm13_EAS/1kgp.chr13.recalibrated.snp_indel.pass.EAS.bcftools.stats.txt ./chm13_EAS/1kgp.chr14.recalibrated.snp_indel.pass.EAS.bcftools.stats.txt ./chm13_EAS/1kgp.chr15.recalibrated.snp_indel.pass.EAS.bcftools.stats.txt ./chm13_EAS/1kgp.chr16.recalibrated.snp_indel.pass.EAS.bcftools.stats.txt ./chm13_EAS/1kgp.chr17.recalibrated.snp_indel.pass.EAS.bcftools.stats.txt ./chm13_EAS/1kgp.chr18.recalibrated.snp_indel.pass.EAS.bcftools.stats.txt ./chm13_EAS/1kgp.chr19.recalibrated.snp_indel.pass.EAS.bcftools.stats.txt ./chm13_EAS/1kgp.chr2.recalibrated.snp_indel.pass.EAS.bcftools.stats.txt ./chm13_EAS/1kgp.chr20.recalibrated.snp_indel.pass.EAS.bcftools.stats.txt ./chm13_EAS/1kgp.chr21.recalibrated.snp_indel.pass.EAS.bcftools.stats.txt ./chm13_EAS/1kgp.chr22.recalibrated.snp_indel.pass.EAS.bcftools.stats.txt ./chm13_EAS/1kgp.chr3.recalibrated.snp_indel.pass.EAS.bcftools.stats.txt ./chm13_EAS/1kgp.chr4.recalibrated.snp_indel.pass.EAS.bcftools.stats.txt ./chm13_EAS/1kgp.chr5.recalibrated.snp_indel.pass.EAS.bcftools.stats.txt ./chm13_EAS/1kgp.chr6.recalibrated.snp_indel.pass.EAS.bcftools.stats.txt ./chm13_EAS/1kgp.chr7.recalibrated.snp_indel.pass.EAS.bcftools.stats.txt ./chm13_EAS/1kgp.chr8.recalibrated.snp_indel.pass.EAS.bcftools.stats.txt ./chm13_EAS/1kgp.chr9.recalibrated.snp_indel.pass.EAS.bcftools.stats.txt
#
# Definition of sets
# ID	[2]id	[3]tab-separated file names
ID	0	/cromwell_root/fc-51aefb1c-4e8e-4dcb-a59c-62e318ea351a/dceb3a48-5430-4895-a4c9-574608a2462c/bgzip_bcftools_index/*1.recalibrated.snp_indel.pass.EAS.vcf.gz
# SN, Summary numbers
# SN	[2]id	[3]key	[4]value
SN	0	number of samples:	585
SN	0	number of records:	113534318
SN	0	number of no-ALTs:	0
SN	0	number of SNPs:	103672128
SN	0	number of MNPs:	0
SN	0	number of indels:	11109273
SN	0	number of others:	1524772
SN	0	number of multiallelic sites:	8211016
SN	0	number of multiallelic SNP sites:	4343504
# # TSTV, transition/transversions:
# TSTV	[2]id	[3]ts	[4]tv	[5]ts/tv	[6]ts (1st ALT)	[7]tv (1st ALT)	[8]ts/tv (1st ALT)
TSTV	0	69088609	36749651	1.88	66946067	34337845	1.95
# Sis, Singleton stats
# SiS	[2]id	[3]allele count	[4]number of SNPs	[5]number of transitions	[6]number of transversions	[7]number of indels	[8]repeat-consistent	[9]repeat-inconsistent	[10]not applicable
SiS	0	1	12062768	7867612	4195156	1687645	0	0	1687645
# AF, Stats by non-reference allele frequency
# AF	[2]id	[3]allele frequency	[4]number of SNPs	[5]number of transitions	[6]number of transversions	[7]number of indels	[8]repeat-consistent	[9]repeat-inconsistent	[10]not applicable
AF	0	0.000000	92932802	60723781	32209021	11657484	0	0	11657484
AF	0	0.001709	2481033	1568376	912657	626295	0	0	626295
AF	0	0.003419	1033945	643566	390379	309874	0	0	309874
AF	0	0.005128	593314	367984	225330	196891	0	0	196891
AF	0	0.006838	404862	251749	153113	141700	0	0	141700
AF	0	0.008547	304749	189970	114779	109699	0	0	109699
AF	0	0.010256	238529	148990	89539	89049	0	0	89049
AF	0	0.011966	197186	123260	73926	74527	0	0	74527
AF	0	0.013675	169769	107071	62698	65336	0	0	65336
AF	0	0.015385	143426	90757	52669	56415	0	0	56415
AF	0	0.017094	129325	82030	47295	50806	0	0	50806
AF	0	0.018803	114974	73052	41922	45677	0	0	45677
AF	0	0.020513	102659	65215	37444	40956	0	0	40956
AF	0	0.022222	94222	60329	33893	37936	0	0	37936
AF	0	0.023932	87123	55754	31369	35033	0	0	35033
AF	0	0.025641	80148	51521	28627	32343	0	0	32343
AF	0	0.027350	75435	48495	26940	30403	0	0	30403
AF	0	0.029060	71198	45876	25322	28773	0	0	28773
AF	0	0.030769	66893	43062	23831	27168	0	0	27168
AF	0	0.032479	64003	41612	22391	25269	0	0	25269
AF	0	0.034188	59889	38988	20901	24248	0	0	24248
AF	0	0.035897	55994	36083	19911	22687	0	0	22687
AF	0	0.037607	53650	34765	18885	21829	0	0	21829
AF	0	0.039316	52281	33967	18314	20989	0	0	20989
AF	0	0.041026	51445	33601	17844	19932	0	0	19932
AF	0	0.042735	51696	33276	18420	19686	0	0	19686
AF	0	0.044444	48250	31515	16735	19075	0	0	19075
AF	0	0.046154	46805	30384	16421	18187	0	0	18187
AF	0	0.047863	44689	29396	15293	17671	0	0	17671
AF	0	0.049573	44009	28752	15257	17133	0	0	17133
AF	0	0.051282	42334	27755	14579	16698	0	0	16698
AF	0	0.052991	40618	26727	13891	16243	0	0	16243
AF	0	0.054701	39797	26238	13559	15364	0	0	15364
AF	0	0.056410	38768	25355	13413	14926	0	0	14926
AF	0	0.058120	39024	25681	13343	14978	0	0	14978
AF	0	0.059829	36969	24290	12679	14324	0	0	14324
AF	0	0.061538	37503	24908	12595	13818	0	0	13818
AF	0	0.063248	35230	23397	11833	13635	0	0	13635
AF	0	0.064957	33822	22228	11594	13138	0	0	13138
AF	0	0.066667	34437	22620	11817	12913	0	0	12913
AF	0	0.068376	34143	22441	11702	12653	0	0	12653
AF	0	0.070085	32893	21700	11193	12419	0	0	12419
AF	0	0.071795	32004	21094	10910	12128	0	0	12128
AF	0	0.073504	30207	19935	10272	11539	0	0	11539
AF	0	0.075214	31107	20670	10437	12103	0	0	12103
AF	0	0.076923	29129	19295	9834	10857	0	0	10857
AF	0	0.078632	30590	20312	10278	11123	0	0	11123
AF	0	0.080342	30356	20090	10266	11138	0	0	11138
AF	0	0.082051	30294	20154	10140	10843	0	0	10843
AF	0	0.083761	29215	19511	9704	10877	0	0	10877
AF	0	0.085470	29226	19245	9981	10601	0	0	10601
AF	0	0.087179	29043	19209	9834	10285	0	0	10285
AF	0	0.088889	28093	18594	9499	10492	0	0	10492
AF	0	0.090598	27524	18302	9222	9862	0	0	9862
AF	0	0.092308	27250	18148	9102	9864	0	0	9864
AF	0	0.094017	26595	17645	8950	9734	0	0	9734
AF	0	0.095726	27409	18277	9132	9741	0	0	9741
AF	0	0.097436	26358	17539	8819	9518	0	0	9518
AF	0	0.099145	26454	17647	8807	9338	0	0	9338
AF	0	0.100855	25923	17263	8660	9222	0	0	9222
AF	0	0.102564	25235	16707	8528	9228	0	0	9228
AF	0	0.104274	25123	16767	8356	8705	0	0	8705
AF	0	0.105983	24920	16677	8243	8722	0	0	8722
AF	0	0.107692	23826	15852	7974	8585	0	0	8585
AF	0	0.109402	25397	16870	8527	8608	0	0	8608
AF	0	0.111111	23847	15876	7971	8521	0	0	8521
AF	0	0.112821	24358	16150	8208	8479	0	0	8479
AF	0	0.114530	24280	16217	8063	8140	0	0	8140
AF	0	0.116239	24680	16265	8415	8341	0	0	8341
AF	0	0.117949	24950	16551	8399	8217	0	0	8217
AF	0	0.119658	22945	15287	7658	8022	0	0	8022
AF	0	0.121368	23869	15919	7950	7974	0	0	7974
AF	0	0.123077	22234	14865	7369	7694	0	0	7694
AF	0	0.124786	22747	15171	7576	7582	0	0	7582
AF	0	0.126496	21345	14245	7100	7366	0	0	7366
AF	0	0.128205	20764	13908	6856	7453	0	0	7453
AF	0	0.129915	21524	14383	7141	7455	0	0	7455
AF	0	0.131624	21203	14204	6999	7296	0	0	7296
AF	0	0.133333	21297	14242	7055	7263	0	0	7263
AF	0	0.135043	21926	14758	7168	7340	0	0	7340
AF	0	0.136752	21788	14561	7227	7417	0	0	7417
AF	0	0.138462	21914	14680	7234	7111	0	0	7111
AF	0	0.140171	21679	14534	7145	7046	0	0	7046
AF	0	0.141880	22065	14634	7431	7111	0	0	7111
AF	0	0.143590	20716	13981	6735	6871	0	0	6871
AF	0	0.145299	19790	13348	6442	6754	0	0	6754
AF	0	0.147009	21892	14663	7229	7063	0	0	7063
AF	0	0.148718	21574	14308	7266	6786	0	0	6786
AF	0	0.150427	20909	13886	7023	6767	0	0	6767
AF	0	0.152137	20370	13535	6835	6786	0	0	6786
AF	0	0.153846	19970	13326	6644	6357	0	0	6357
AF	0	0.155556	19982	13313	6669	6557	0	0	6557
AF	0	0.157265	19620	13115	6505	6452	0	0	6452
AF	0	0.158974	20443	13799	6644	6415	0	0	6415
AF	0	0.160684	20183	13498	6685	6522	0	0	6522
AF	0	0.162393	19106	12896	6210	6339	0	0	6339
AF	0	0.164103	19061	12701	6360	6268	0	0	6268
AF	0	0.165812	19269	12828	6441	5999	0	0	5999
AF	0	0.167521	18941	12554	6387	6026	0	0	6026
AF	0	0.169231	18954	12601	6353	5919	0	0	5919
AF	0	0.170940	20563	13573	6990	6031	0	0	6031
AF	0	0.172650	21533	14161	7372	6046	0	0	6046
AF	0	0.174359	18261	12256	6005	5700	0	0	5700
AF	0	0.176068	17385	11570	5815	5558	0	0	5558
AF	0	0.177778	17580	11762	5818	5656	0	0	5656
AF	0	0.179487	17878	12018	5860	5780	0	0	5780
AF	0	0.181197	17696	11834	5862	5509	0	0	5509
AF	0	0.182906	17644	11864	5780	5482	0	0	5482
AF	0	0.184615	16995	11357	5638	5366	0	0	5366
AF	0	0.186325	17784	11899	5885	5531	0	0	5531
AF	0	0.188034	17367	11670	5697	5547	0	0	5547
AF	0	0.189744	16985	11269	5716	5327	0	0	5327
AF	0	0.191453	16940	11369	5571	5336	0	0	5336
AF	0	0.193162	17215	11492	5723	5241	0	0	5241
AF	0	0.194872	16208	10700	5508	5134	0	0	5134
AF	0	0.196581	16392	10983	5409	5164	0	0	5164
AF	0	0.198291	16369	10838	5531	5116	0	0	5116
AF	0	0.200000	17262	11565	5697	5103	0	0	5103
AF	0	0.201709	17325	11643	5682	5234	0	0	5234
AF	0	0.203419	16094	10716	5378	5105	0	0	5105
AF	0	0.205128	16024	10780	5244	5063	0	0	5063
AF	0	0.206838	15581	10383	5198	5015	0	0	5015
AF	0	0.208547	15414	10388	5026	4759	0	0	4759
AF	0	0.210256	15958	10783	5175	4943	0	0	4943
AF	0	0.211966	15777	10643	5134	4882	0	0	4882
AF	0	0.213675	15518	10497	5021	4714	0	0	4714
AF	0	0.215385	15054	10105	4949	4874	0	0	4874
AF	0	0.217094	15108	10094	5014	4682	0	0	4682
AF	0	0.218803	15328	10186	5142	4579	0	0	4579
AF	0	0.220513	15516	10367	5149	4659	0	0	4659
AF	0	0.222222	15280	10260	5020	4596	0	0	4596
AF	0	0.223932	15600	10466	5134	4684	0	0	4684
AF	0	0.225641	15730	10458	5272	4550	0	0	4550
AF	0	0.227350	14789	9895	4894	4625	0	0	4625
AF	0	0.229060	15398	10342	5056	4499	0	0	4499
AF	0	0.230769	14140	9454	4686	4372	0	0	4372
AF	0	0.232479	14893	9981	4912	4489	0	0	4489
AF	0	0.234188	15094	10071	5023	4417	0	0	4417
AF	0	0.235897	15264	10222	5042	4534	0	0	4534
AF	0	0.237607	13753	9187	4566	4348	0	0	4348
AF	0	0.239316	13993	9420	4573	4297	0	0	4297
AF	0	0.241026	14265	9588	4677	4196	0	0	4196
AF	0	0.242735	14639	9737	4902	4316	0	0	4316
AF	0	0.244444	15083	10013	5070	4313	0	0	4313
AF	0	0.246154	13982	9218	4764	4374	0	0	4374
AF	0	0.247863	14544	9638	4906	4180	0	0	4180
AF	0	0.249573	14073	9313	4760	4107	0	0	4107
AF	0	0.251282	13863	9296	4567	4113	0	0	4113
AF	0	0.252991	14238	9481	4757	4174	0	0	4174
AF	0	0.254701	13486	9073	4413	4026	0	0	4026
AF	0	0.256410	13234	8784	4450	4072	0	0	4072
AF	0	0.258120	13587	9024	4563	3871	0	0	3871
AF	0	0.259829	13792	9168	4624	3976	0	0	3976
AF	0	0.261538	13575	9077	4498	3951	0	0	3951
AF	0	0.263248	13010	8718	4292	3951	0	0	3951
AF	0	0.264957	12767	8475	4292	3957	0	0	3957
AF	0	0.266667	13151	8755	4396	3895	0	0	3895
AF	0	0.268376	12941	8635	4306	3742	0	0	3742
AF	0	0.270085	13551	9155	4396	3812	0	0	3812
AF	0	0.271795	13536	9039	4497	3955	0	0	3955
AF	0	0.273504	13935	9291	4644	3926	0	0	3926
AF	0	0.275214	13203	8952	4251	3801	0	0	3801
AF	0	0.276923	12577	8353	4224	3631	0	0	3631
AF	0	0.278632	12570	8441	4129	3650	0	0	3650
AF	0	0.280342	12566	8476	4090	3638	0	0	3638
AF	0	0.282051	12485	8401	4084	3664	0	0	3664
AF	0	0.283761	12526	8346	4180	3610	0	0	3610
AF	0	0.285470	13296	8836	4460	3655	0	0	3655
AF	0	0.287179	12938	8599	4339	3658	0	0	3658
AF	0	0.288889	12988	8651	4337	3638	0	0	3638
AF	0	0.290598	12600	8443	4157	3675	0	0	3675
AF	0	0.292308	12791	8485	4306	3533	0	0	3533
AF	0	0.294017	13263	8852	4411	3636	0	0	3636
AF	0	0.295726	13710	9280	4430	3613	0	0	3613
AF	0	0.297436	12701	8436	4265	3582	0	0	3582
AF	0	0.299145	12070	8076	3994	3535	0	0	3535
AF	0	0.300855	12342	8256	4086	3517	0	0	3517
AF	0	0.302564	12109	8157	3952	3564	0	0	3564
AF	0	0.304274	12975	8669	4306	3537	0	0	3537
AF	0	0.305983	12560	8355	4205	3555	0	0	3555
AF	0	0.307692	12132	8194	3938	3408	0	0	3408
AF	0	0.309402	12725	8510	4215	3619	0	0	3619
AF	0	0.311111	12458	8448	4010	3460	0	0	3460
AF	0	0.312821	11911	7941	3970	3502	0	0	3502
AF	0	0.314530	11672	7822	3850	3363	0	0	3363
AF	0	0.316239	12136	8164	3972	3339	0	0	3339
AF	0	0.317949	12315	8171	4144	3497	0	0	3497
AF	0	0.319658	10912	7305	3607	3216	0	0	3216
AF	0	0.321368	11344	7531	3813	3248	0	0	3248
AF	0	0.323077	12004	7982	4022	3286	0	0	3286
AF	0	0.324786	11287	7705	3582	3252	0	0	3252
AF	0	0.326496	11585	7788	3797	3194	0	0	3194
AF	0	0.328205	12292	8233	4059	3278	0	0	3278
AF	0	0.329915	12023	8013	4010	3245	0	0	3245
AF	0	0.331624	12240	8219	4021	3174	0	0	3174
AF	0	0.333333	11524	7704	3820	3142	0	0	3142
AF	0	0.335043	11590	7671	3919	3149	0	0	3149
AF	0	0.336752	11312	7523	3789	3117	0	0	3117
AF	0	0.338462	11463	7739	3724	3161	0	0	3161
AF	0	0.340171	11132	7495	3637	3022	0	0	3022
AF	0	0.341880	11633	7762	3871	3105	0	0	3105
AF	0	0.343590	11188	7512	3676	3157	0	0	3157
AF	0	0.345299	11261	7491	3770	3152	0	0	3152
AF	0	0.347009	10909	7325	3584	3069	0	0	3069
AF	0	0.348718	11725	7898	3827	2992	0	0	2992
AF	0	0.350427	10822	7285	3537	3028	0	0	3028
AF	0	0.352137	10338	7002	3336	2867	0	0	2867
AF	0	0.353846	10757	7185	3572	2931	0	0	2931
AF	0	0.355556	10793	7246	3547	3015	0	0	3015
AF	0	0.357265	11046	7432	3614	2983	0	0	2983
AF	0	0.358974	10206	6858	3348	2773	0	0	2773
AF	0	0.360684	10070	6665	3405	2808	0	0	2808
AF	0	0.362393	10346	6830	3516	2919	0	0	2919
AF	0	0.364103	10409	6998	3411	2876	0	0	2876
AF	0	0.365812	10413	6991	3422	2879	0	0	2879
AF	0	0.367521	10500	6961	3539	2838	0	0	2838
AF	0	0.369231	10369	6928	3441	2776	0	0	2776
AF	0	0.370940	10246	6767	3479	2789	0	0	2789
AF	0	0.372650	10849	7261	3588	2940	0	0	2940
AF	0	0.374359	11180	7537	3643	2847	0	0	2847
AF	0	0.376068	11013	7275	3738	2793	0	0	2793
AF	0	0.377778	10561	7009	3552	2802	0	0	2802
AF	0	0.379487	10291	6846	3445	2722	0	0	2722
AF	0	0.381197	10545	7089	3456	2873	0	0	2873
AF	0	0.382906	10505	7059	3446	2800	0	0	2800
AF	0	0.384615	10377	6905	3472	2811	0	0	2811
AF	0	0.386325	10758	7117	3641	2590	0	0	2590
AF	0	0.388034	10107	6783	3324	2652	0	0	2652
AF	0	0.389744	9720	6512	3208	2665	0	0	2665
AF	0	0.391453	9401	6405	2996	2646	0	0	2646
AF	0	0.393162	10323	7004	3319	2780	0	0	2780
AF	0	0.394872	10699	7171	3528	2800	0	0	2800
AF	0	0.396581	10255	6831	3424	2756	0	0	2756
AF	0	0.398291	10858	7339	3519	2702	0	0	2702
AF	0	0.400000	9713	6524	3189	2582	0	0	2582
AF	0	0.401709	10178	6800	3378	2746	0	0	2746
AF	0	0.403419	10742	7246	3496	2686	0	0	2686
AF	0	0.405128	10068	6823	3245	2743	0	0	2743
AF	0	0.406838	10455	7070	3385	2717	0	0	2717
AF	0	0.408547	10435	6924	3511	2619	0	0	2619
AF	0	0.410256	10209	6840	3369	2574	0	0	2574
AF	0	0.411966	9992	6727	3265	2513	0	0	2513
AF	0	0.413675	9633	6502	3131	2613	0	0	2613
AF	0	0.415385	10012	6723	3289	2555	0	0	2555
AF	0	0.417094	9663	6472	3191	2414	0	0	2414
AF	0	0.418803	9595	6409	3186	2482	0	0	2482
AF	0	0.420513	9230	6066	3164	2474	0	0	2474
AF	0	0.422222	10337	6847	3490	2551	0	0	2551
AF	0	0.423932	9252	6112	3140	2532	0	0	2532
AF	0	0.425641	9406	6284	3122	2467	0	0	2467
AF	0	0.427350	9214	6158	3056	2385	0	0	2385
AF	0	0.429060	9585	6474	3111	2420	0	0	2420
AF	0	0.430769	9356	6357	2999	2303	0	0	2303
AF	0	0.432479	9180	6089	3091	2277	0	0	2277
AF	0	0.434188	8882	6001	2881	2322	0	0	2322
AF	0	0.435897	8696	5834	2862	2252	0	0	2252
AF	0	0.437607	8892	6005	2887	2280	0	0	2280
AF	0	0.439316	9035	5999	3036	2338	0	0	2338
AF	0	0.441026	9734	6456	3278	2402	0	0	2402
AF	0	0.442735	9160	6156	3004	2267	0	0	2267
AF	0	0.444444	9376	6225	3151	2298	0	0	2298
AF	0	0.446154	8986	6035	2951	2294	0	0	2294
AF	0	0.447863	9316	6252	3064	2226	0	0	2226
AF	0	0.449573	9679	6437	3242	2390	0	0	2390
AF	0	0.451282	9074	6090	2984	2258	0	0	2258
AF	0	0.452991	8859	5942	2917	2160	0	0	2160
AF	0	0.454701	8646	5856	2790	2226	0	0	2226
AF	0	0.456410	8846	6029	2817	2239	0	0	2239
AF	0	0.458120	8996	5962	3034	2245	0	0	2245
AF	0	0.459829	9418	6383	3035	2293	0	0	2293
AF	0	0.461538	8860	6008	2852	2199	0	0	2199
AF	0	0.463248	8565	5725	2840	2106	0	0	2106
AF	0	0.464957	8615	5809	2806	2150	0	0	2150
AF	0	0.466667	8356	5631	2725	2117	0	0	2117
AF	0	0.468376	8537	5764	2773	2104	0	0	2104
AF	0	0.470085	8740	5845	2895	2100	0	0	2100
AF	0	0.471795	8764	5869	2895	2181	0	0	2181
AF	0	0.473504	8613	5760	2853	2211	0	0	2211
AF	0	0.475214	8285	5630	2655	2072	0	0	2072
AF	0	0.476923	8378	5594	2784	2144	0	0	2144
AF	0	0.478632	8462	5653	2809	2151	0	0	2151
AF	0	0.480342	8538	5699	2839	2024	0	0	2024
AF	0	0.482051	8463	5712	2751	2011	0	0	2011
AF	0	0.483761	8232	5507	2725	2107	0	0	2107
AF	0	0.485470	8032	5370	2662	2040	0	0	2040
AF	0	0.487179	8457	5632	2825	2068	0	0	2068
AF	0	0.488889	8303	5573	2730	2077	0	0	2077
AF	0	0.490598	8111	5422	2689	1949	0	0	1949
AF	0	0.492308	8475	5695	2780	2090	0	0	2090
AF	0	0.494017	8615	5819	2796	2040	0	0	2040
AF	0	0.495726	8444	5611	2833	2035	0	0	2035
AF	0	0.497436	9282	6263	3019	2108	0	0	2108
AF	0	0.499145	12124	8059	4065	2883	0	0	2883
AF	0	0.500855	7339	4889	2450	1896	0	0	1896
AF	0	0.502564	7562	5034	2528	2011	0	0	2011
AF	0	0.504274	7687	5096	2591	1943	0	0	1943
AF	0	0.505983	8320	5650	2670	2022	0	0	2022
AF	0	0.507692	8015	5349	2666	1887	0	0	1887
AF	0	0.509402	8448	5620	2828	2037	0	0	2037
AF	0	0.511111	8108	5424	2684	1910	0	0	1910
AF	0	0.512821	8308	5550	2758	1963	0	0	1963
AF	0	0.514530	7685	5196	2489	1893	0	0	1893
AF	0	0.516239	7700	5227	2473	1881	0	0	1881
AF	0	0.517949	8387	5636	2751	1968	0	0	1968
AF	0	0.519658	7806	5206	2600	1856	0	0	1856
AF	0	0.521368	8003	5324	2679	1928	0	0	1928
AF	0	0.523077	8270	5512	2758	1834	0	0	1834
AF	0	0.524786	8022	5480	2542	1780	0	0	1780
AF	0	0.526496	8400	5611	2789	1913	0	0	1913
AF	0	0.528205	8285	5565	2720	1927	0	0	1927
AF	0	0.529915	7892	5209	2683	1921	0	0	1921
AF	0	0.531624	8441	5727	2714	1908	0	0	1908
AF	0	0.533333	8208	5436	2772	1854	0	0	1854
AF	0	0.535043	8013	5414	2599	1872	0	0	1872
AF	0	0.536752	7864	5300	2564	1852	0	0	1852
AF	0	0.538462	7594	5100	2494	1901	0	0	1901
AF	0	0.540171	7545	5053	2492	1727	0	0	1727
AF	0	0.541880	7511	5014	2497	1746	0	0	1746
AF	0	0.543590	7448	5048	2400	1852	0	0	1852
AF	0	0.545299	7662	5094	2568	1805	0	0	1805
AF	0	0.547009	7814	5296	2518	1761	0	0	1761
AF	0	0.548718	7869	5234	2635	1855	0	0	1855
AF	0	0.550427	8085	5450	2635	1790	0	0	1790
AF	0	0.552137	7837	5299	2538	1751	0	0	1751
AF	0	0.553846	8282	5515	2767	1778	0	0	1778
AF	0	0.555556	8221	5470	2751	1780	0	0	1780
AF	0	0.557265	7663	5051	2612	1826	0	0	1826
AF	0	0.558974	7846	5292	2554	1810	0	0	1810
AF	0	0.560684	7145	4835	2310	1765	0	0	1765
AF	0	0.562393	7754	5152	2602	1726	0	0	1726
AF	0	0.564103	7568	5133	2435	1756	0	0	1756
AF	0	0.565812	6972	4715	2257	1750	0	0	1750
AF	0	0.567521	7491	5062	2429	1694	0	0	1694
AF	0	0.569231	7490	5091	2399	1734	0	0	1734
AF	0	0.570940	7218	4889	2329	1625	0	0	1625
AF	0	0.572650	7105	4776	2329	1659	0	0	1659
AF	0	0.574359	7171	4800	2371	1637	0	0	1637
AF	0	0.576068	7256	4868	2388	1646	0	0	1646
AF	0	0.577778	7346	4950	2396	1656	0	0	1656
AF	0	0.579487	6608	4423	2185	1643	0	0	1643
AF	0	0.581197	7404	5013	2391	1650	0	0	1650
AF	0	0.582906	6911	4616	2295	1608	0	0	1608
AF	0	0.584615	7121	4818	2303	1608	0	0	1608
AF	0	0.586325	6724	4535	2189	1681	0	0	1681
AF	0	0.588034	7535	5165	2370	1692	0	0	1692
AF	0	0.589744	6810	4518	2292	1567	0	0	1567
AF	0	0.591453	7114	4791	2323	1569	0	0	1569
AF	0	0.593162	6785	4559	2226	1585	0	0	1585
AF	0	0.594872	6691	4377	2314	1557	0	0	1557
AF	0	0.596581	6876	4620	2256	1508	0	0	1508
AF	0	0.598291	7105	4732	2373	1561	0	0	1561
AF	0	0.600000	6790	4557	2233	1502	0	0	1502
AF	0	0.601709	6475	4365	2110	1508	0	0	1508
AF	0	0.603419	7021	4706	2315	1575	0	0	1575
AF	0	0.605128	6435	4324	2111	1458	0	0	1458
AF	0	0.606838	6539	4336	2203	1478	0	0	1478
AF	0	0.608547	6609	4467	2142	1455	0	0	1455
AF	0	0.610256	6680	4546	2134	1556	0	0	1556
AF	0	0.611966	6586	4506	2080	1533	0	0	1533
AF	0	0.613675	7118	4708	2410	1539	0	0	1539
AF	0	0.615385	6439	4335	2104	1341	0	0	1341
AF	0	0.617094	6498	4356	2142	1490	0	0	1490
AF	0	0.618803	6229	4137	2092	1449	0	0	1449
AF	0	0.620513	6616	4488	2128	1471	0	0	1471
AF	0	0.622222	6348	4232	2116	1459	0	0	1459
AF	0	0.623932	6419	4328	2091	1389	0	0	1389
AF	0	0.625641	6430	4293	2137	1410	0	0	1410
AF	0	0.627350	6389	4301	2088	1373	0	0	1373
AF	0	0.629060	6234	4121	2113	1357	0	0	1357
AF	0	0.630769	6124	4089	2035	1331	0	0	1331
AF	0	0.632479	6310	4259	2051	1383	0	0	1383
AF	0	0.634188	5917	4022	1895	1335	0	0	1335
AF	0	0.635897	6696	4485	2211	1431	0	0	1431
AF	0	0.637607	5910	3983	1927	1342	0	0	1342
AF	0	0.639316	6097	4106	1991	1300	0	0	1300
AF	0	0.641026	6106	4096	2010	1303	0	0	1303
AF	0	0.642735	6045	4077	1968	1341	0	0	1341
AF	0	0.644444	5774	3842	1932	1295	0	0	1295
AF	0	0.646154	5695	3818	1877	1299	0	0	1299
AF	0	0.647863	6144	4176	1968	1360	0	0	1360
AF	0	0.649573	5676	3841	1835	1280	0	0	1280
AF	0	0.651282	5876	3906	1970	1337	0	0	1337
AF	0	0.652991	5964	4059	1905	1365	0	0	1365
AF	0	0.654701	6429	4355	2074	1359	0	0	1359
AF	0	0.656410	6171	4202	1969	1279	0	0	1279
AF	0	0.658120	5993	4030	1963	1230	0	0	1230
AF	0	0.659829	5882	3912	1970	1284	0	0	1284
AF	0	0.661538	6913	4569	2344	1332	0	0	1332
AF	0	0.663248	6258	4245	2013	1299	0	0	1299
AF	0	0.664957	6747	4535	2212	1386	0	0	1386
AF	0	0.666667	6310	4163	2147	1271	0	0	1271
AF	0	0.668376	6244	4226	2018	1259	0	0	1259
AF	0	0.670085	6041	4046	1995	1264	0	0	1264
AF	0	0.671795	5653	3806	1847	1322	0	0	1322
AF	0	0.673504	5941	4007	1934	1258	0	0	1258
AF	0	0.675214	5927	4031	1896	1261	0	0	1261
AF	0	0.676923	5646	3799	1847	1215	0	0	1215
AF	0	0.678632	5995	4065	1930	1252	0	0	1252
AF	0	0.680342	5749	3915	1834	1212	0	0	1212
AF	0	0.682051	6079	4075	2004	1286	0	0	1286
AF	0	0.683761	6022	4058	1964	1192	0	0	1192
AF	0	0.685470	5876	3979	1897	1294	0	0	1294
AF	0	0.687179	5839	3945	1894	1197	0	0	1197
AF	0	0.688889	5742	3801	1941	1152	0	0	1152
AF	0	0.690598	5791	3902	1889	1168	0	0	1168
AF	0	0.692308	5593	3788	1805	1233	0	0	1233
AF	0	0.694017	5499	3729	1770	1203	0	0	1203
AF	0	0.695726	5864	3899	1965	1267	0	0	1267
AF	0	0.697436	6008	3999	2009	1254	0	0	1254
AF	0	0.699145	5695	3824	1871	1249	0	0	1249
AF	0	0.700855	5850	3901	1949	1258	0	0	1258
AF	0	0.702564	5812	3915	1897	1160	0	0	1160
AF	0	0.704274	5807	3905	1902	1201	0	0	1201
AF	0	0.705983	6108	4152	1956	1182	0	0	1182
AF	0	0.707692	5834	3895	1939	1229	0	0	1229
AF	0	0.709402	5964	4040	1924	1173	0	0	1173
AF	0	0.711111	5686	3812	1874	1195	0	0	1195
AF	0	0.712821	5427	3635	1792	1131	0	0	1131
AF	0	0.714530	5618	3709	1909	1158	0	0	1158
AF	0	0.716239	5471	3661	1810	1173	0	0	1173
AF	0	0.717949	6055	4118	1937	1180	0	0	1180
AF	0	0.719658	5351	3550	1801	1066	0	0	1066
AF	0	0.721368	5307	3539	1768	1121	0	0	1121
AF	0	0.723077	5855	3948	1907	1179	0	0	1179
AF	0	0.724786	6050	4078	1972	1162	0	0	1162
AF	0	0.726496	5028	3400	1628	1072	0	0	1072
AF	0	0.728205	5592	3695	1897	1070	0	0	1070
AF	0	0.729915	5772	3864	1908	1096	0	0	1096
AF	0	0.731624	5564	3724	1840	1042	0	0	1042
AF	0	0.733333	5978	4045	1933	1082	0	0	1082
AF	0	0.735043	6253	4123	2130	1110	0	0	1110
AF	0	0.736752	5659	3785	1874	1112	0	0	1112
AF	0	0.738462	5463	3639	1824	1011	0	0	1011
AF	0	0.740171	5498	3703	1795	1003	0	0	1003
AF	0	0.741880	4757	3188	1569	1025	0	0	1025
AF	0	0.743590	5219	3493	1726	1010	0	0	1010
AF	0	0.745299	5235	3514	1721	1045	0	0	1045
AF	0	0.747009	5463	3657	1806	1088	0	0	1088
AF	0	0.748718	5145	3479	1666	1007	0	0	1007
AF	0	0.750427	5218	3478	1740	1062	0	0	1062
AF	0	0.752137	4847	3209	1638	983	0	0	983
AF	0	0.753846	5378	3555	1823	1022	0	0	1022
AF	0	0.755556	5013	3401	1612	1026	0	0	1026
AF	0	0.757265	5232	3534	1698	1032	0	0	1032
AF	0	0.758974	5107	3445	1662	1034	0	0	1034
AF	0	0.760684	5102	3472	1630	1054	0	0	1054
AF	0	0.762393	5309	3542	1767	1059	0	0	1059
AF	0	0.764103	5149	3388	1761	1015	0	0	1015
AF	0	0.765812	5186	3465	1721	1032	0	0	1032
AF	0	0.767521	5450	3703	1747	1022	0	0	1022
AF	0	0.769231	5352	3611	1741	1007	0	0	1007
AF	0	0.770940	5183	3509	1674	1033	0	0	1033
AF	0	0.772650	5292	3518	1774	1070	0	0	1070
AF	0	0.774359	4806	3219	1587	958	0	0	958
AF	0	0.776068	5246	3489	1757	989	0	0	989
AF	0	0.777778	5189	3469	1720	1060	0	0	1060
AF	0	0.779487	5502	3659	1843	1064	0	0	1064
AF	0	0.781197	5098	3476	1622	957	0	0	957
AF	0	0.782906	5307	3591	1716	973	0	0	973
AF	0	0.784615	5406	3640	1766	999	0	0	999
AF	0	0.786325	5199	3580	1619	1044	0	0	1044
AF	0	0.788034	5315	3504	1811	1029	0	0	1029
AF	0	0.789744	5014	3351	1663	995	0	0	995
AF	0	0.791453	5449	3672	1777	962	0	0	962
AF	0	0.793162	5247	3482	1765	953	0	0	953
AF	0	0.794872	4867	3318	1549	953	0	0	953
AF	0	0.796581	4510	3042	1468	899	0	0	899
AF	0	0.798291	4479	2994	1485	903	0	0	903
AF	0	0.800000	5021	3412	1609	944	0	0	944
AF	0	0.801709	5208	3461	1747	1003	0	0	1003
AF	0	0.803419	5093	3449	1644	977	0	0	977
AF	0	0.805128	5039	3385	1654	912	0	0	912
AF	0	0.806838	5428	3686	1742	970	0	0	970
AF	0	0.808547	5095	3448	1647	977	0	0	977
AF	0	0.810256	4998	3335	1663	887	0	0	887
AF	0	0.811966	4857	3297	1560	885	0	0	885
AF	0	0.813675	4947	3352	1595	908	0	0	908
AF	0	0.815385	4605	3107	1498	922	0	0	922
AF	0	0.817094	5013	3332	1681	945	0	0	945
AF	0	0.818803	4827	3271	1556	889	0	0	889
AF	0	0.820513	4881	3301	1580	918	0	0	918
AF	0	0.822222	4740	3186	1554	891	0	0	891
AF	0	0.823932	4964	3313	1651	868	0	0	868
AF	0	0.825641	4905	3302	1603	918	0	0	918
AF	0	0.827350	5121	3473	1648	963	0	0	963
AF	0	0.829060	4921	3286	1635	852	0	0	852
AF	0	0.830769	4446	2940	1506	858	0	0	858
AF	0	0.832479	4678	3149	1529	868	0	0	868
AF	0	0.834188	4603	3056	1547	861	0	0	861
AF	0	0.835897	4547	3063	1484	865	0	0	865
AF	0	0.837607	5387	3607	1780	918	0	0	918
AF	0	0.839316	4960	3394	1566	884	0	0	884
AF	0	0.841026	4600	3120	1480	849	0	0	849
AF	0	0.842735	4699	3159	1540	800	0	0	800
AF	0	0.844444	4519	3022	1497	805	0	0	805
AF	0	0.846154	4797	3252	1545	855	0	0	855
AF	0	0.847863	4595	3080	1515	800	0	0	800
AF	0	0.849573	5003	3332	1671	816	0	0	816
AF	0	0.851282	4983	3312	1671	833	0	0	833
AF	0	0.852991	4417	2902	1515	879	0	0	879
AF	0	0.854701	4689	3183	1506	851	0	0	851
AF	0	0.856410	4522	3024	1498	780	0	0	780
AF	0	0.858120	4486	3034	1452	761	0	0	761
AF	0	0.859829	4413	2988	1425	785	0	0	785
AF	0	0.861538	4497	3036	1461	822	0	0	822
AF	0	0.863248	4629	3144	1485	796	0	0	796
AF	0	0.864957	3996	2712	1284	708	0	0	708
AF	0	0.866667	4314	2917	1397	775	0	0	775
AF	0	0.868376	4171	2783	1388	755	0	0	755
AF	0	0.870085	4051	2742	1309	759	0	0	759
AF	0	0.871795	4123	2775	1348	773	0	0	773
AF	0	0.873504	4245	2959	1286	747	0	0	747
AF	0	0.875214	4338	2879	1459	850	0	0	850
AF	0	0.876923	4205	2817	1388	738	0	0	738
AF	0	0.878632	4575	3097	1478	758	0	0	758
AF	0	0.880342	4438	2990	1448	772	0	0	772
AF	0	0.882051	4361	2913	1448	776	0	0	776
AF	0	0.883761	4348	2951	1397	721	0	0	721
AF	0	0.885470	4787	3208	1579	776	0	0	776
AF	0	0.887179	4888	3327	1561	747	0	0	747
AF	0	0.888889	4316	2894	1422	670	0	0	670
AF	0	0.890598	4199	2834	1365	762	0	0	762
AF	0	0.892308	4192	2834	1358	736	0	0	736
AF	0	0.894017	4110	2762	1348	756	0	0	756
AF	0	0.895726	3974	2711	1263	666	0	0	666
AF	0	0.897436	3889	2579	1310	616	0	0	616
AF	0	0.899145	4033	2710	1323	710	0	0	710
AF	0	0.900855	3886	2670	1216	640	0	0	640
AF	0	0.902564	3713	2547	1166	646	0	0	646
AF	0	0.904274	3870	2614	1256	670	0	0	670
AF	0	0.905983	3796	2572	1224	682	0	0	682
AF	0	0.907692	3947	2671	1276	679	0	0	679
AF	0	0.909402	3964	2663	1301	710	0	0	710
AF	0	0.911111	3774	2574	1200	648	0	0	648
AF	0	0.912821	4136	2748	1388	695	0	0	695
AF	0	0.914530	4014	2709	1305	649	0	0	649
AF	0	0.916239	3974	2710	1264	683	0	0	683
AF	0	0.917949	4054	2732	1322	622	0	0	622
AF	0	0.919658	3732	2503	1229	636	0	0	636
AF	0	0.921368	3688	2554	1134	624	0	0	624
AF	0	0.923077	4394	2900	1494	705	0	0	705
AF	0	0.924786	4151	2856	1295	676	0	0	676
AF	0	0.926496	3983	2681	1302	659	0	0	659
AF	0	0.928205	4092	2784	1308	668	0	0	668
AF	0	0.929915	3944	2616	1328	683	0	0	683
AF	0	0.931624	4429	2962	1467	709	0	0	709
AF	0	0.933333	3828	2544	1284	674	0	0	674
AF	0	0.935043	3963	2683	1280	661	0	0	661
AF	0	0.936752	4299	2927	1372	667	0	0	667
AF	0	0.938462	4777	3243	1534	708	0	0	708
AF	0	0.940171	4347	2954	1393	705	0	0	705
AF	0	0.941880	4079	2727	1352	660	0	0	660
AF	0	0.943590	4161	2803	1358	671	0	0	671
AF	0	0.945299	4137	2774	1363	667	0	0	667
AF	0	0.947009	4526	3064	1462	680	0	0	680
AF	0	0.948718	4088	2718	1370	692	0	0	692
AF	0	0.950427	3806	2613	1193	678	0	0	678
AF	0	0.952137	4200	2816	1384	653	0	0	653
AF	0	0.953846	4613	3147	1466	789	0	0	789
AF	0	0.955556	4348	2957	1391	678	0	0	678
AF	0	0.957265	3950	2634	1316	666	0	0	666
AF	0	0.958974	4775	3255	1520	750	0	0	750
AF	0	0.960684	4132	2791	1341	746	0	0	746
AF	0	0.962393	4263	2877	1386	708	0	0	708
AF	0	0.964103	4546	3094	1452	742	0	0	742
AF	0	0.965812	5492	3725	1767	755	0	0	755
AF	0	0.967521	4757	3232	1525	740	0	0	740
AF	0	0.969231	4599	3144	1455	697	0	0	697
AF	0	0.970940	4119	2793	1326	736	0	0	736
AF	0	0.972650	5095	3411	1684	751	0	0	751
AF	0	0.974359	4516	3047	1469	763	0	0	763
AF	0	0.976068	4627	3074	1553	763	0	0	763
AF	0	0.977778	4438	3012	1426	701	0	0	701
AF	0	0.979487	4891	3326	1565	769	0	0	769
AF	0	0.981197	5071	3493	1578	842	0	0	842
AF	0	0.982906	6358	4377	1981	952	0	0	952
AF	0	0.984615	5975	3980	1995	929	0	0	929
AF	0	0.986325	5571	3743	1828	929	0	0	929
AF	0	0.988034	5605	3818	1787	931	0	0	931
AF	0	0.989744	6180	4243	1937	1117	0	0	1117
AF	0	0.991453	7682	5149	2533	1273	0	0	1273
AF	0	0.993162	9739	6626	3113	1578	0	0	1578
AF	0	0.994872	16756	11368	5388	2271	0	0	2271
AF	0	0.996581	40511	27711	12800	4142	0	0	4142
AF	0	0.998291	81349	55620	25729	5731	0	0	5731
# IDD, InDel distribution
# IDD	[2]id	[3]length (deletions negative)	[4]number of sites	[5]number of genotypes	[6]mean VAF
IDD	0	-60	81323
IDD	0	-59	1420
IDD	0	-58	2054
IDD	0	-57	1593
IDD	0	-56	2537
IDD	0	-55	2071
IDD	0	-54	2832
IDD	0	-53	1745
IDD	0	-52	2943
IDD	0	-51	2106
IDD	0	-50	3738
IDD	0	-49	2597
IDD	0	-48	4286
IDD	0	-47	2369
IDD	0	-46	3662
IDD	0	-45	3648
IDD	0	-44	4806
IDD	0	-43	3040
IDD	0	-42	5582
IDD	0	-41	3568
IDD	0	-40	7939
IDD	0	-39	4448
IDD	0	-38	6466
IDD	0	-37	5016
IDD	0	-36	9166
IDD	0	-35	6813
IDD	0	-34	9285
IDD	0	-33	6951
IDD	0	-32	12983
IDD	0	-31	7656
IDD	0	-30	15884
IDD	0	-29	9562
IDD	0	-28	18916
IDD	0	-27	12792
IDD	0	-26	20222
IDD	0	-25	17018
IDD	0	-24	30833
IDD	0	-23	17672
IDD	0	-22	27898
IDD	0	-21	21565
IDD	0	-20	48716
IDD	0	-19	25766
IDD	0	-18	46288
IDD	0	-17	31924
IDD	0	-16	68505
IDD	0	-15	57967
IDD	0	-14	71235
IDD	0	-13	54431
IDD	0	-12	127005
IDD	0	-11	72563
IDD	0	-10	145966
IDD	0	-9	98771
IDD	0	-8	197501
IDD	0	-7	135035
IDD	0	-6	273589
IDD	0	-5	378366
IDD	0	-4	1004207
IDD	0	-3	848981
IDD	0	-2	1494331
IDD	0	-1	3402409
IDD	0	1	2821329
IDD	0	2	1130354
IDD	0	3	439241
IDD	0	4	561469
IDD	0	5	207947
IDD	0	6	221984
IDD	0	7	79904
IDD	0	8	179141
IDD	0	9	63015
IDD	0	10	102411
IDD	0	11	36278
IDD	0	12	92106
IDD	0	13	27062
IDD	0	14	43595
IDD	0	15	37017
IDD	0	16	49924
IDD	0	17	20196
IDD	0	18	34545
IDD	0	19	17749
IDD	0	20	38352
IDD	0	21	16634
IDD	0	22	21345
IDD	0	23	13742
IDD	0	24	24831
IDD	0	25	14310
IDD	0	26	17352
IDD	0	27	10876
IDD	0	28	16603
IDD	0	29	8914
IDD	0	30	15121
IDD	0	31	7412
IDD	0	32	12164
IDD	0	33	6493
IDD	0	34	9100
IDD	0	35	6251
IDD	0	36	8763
IDD	0	37	4778
IDD	0	38	6530
IDD	0	39	4243
IDD	0	40	6818
IDD	0	41	3156
IDD	0	42	5218
IDD	0	43	3282
IDD	0	44	4404
IDD	0	45	3219
IDD	0	46	3701
IDD	0	47	2375
IDD	0	48	4167
IDD	0	49	2738
IDD	0	50	3803
IDD	0	51	2251
IDD	0	52	3298
IDD	0	53	1830
IDD	0	54	3126
IDD	0	55	2033
IDD	0	56	2885
IDD	0	57	1746
IDD	0	58	2367
IDD	0	59	1850
IDD	0	60	54160
# ST, Substitution types
# ST	[2]id	[3]type	[4]count
ST	0	A>C	4188156
ST	0	A>G	14206262
ST	0	A>T	4005697
ST	0	C>A	5436384
ST	0	C>G	4742333
ST	0	C>T	20344289
ST	0	G>A	20380769
ST	0	G>C	4731174
ST	0	G>T	5416627
ST	0	T>A	4042321
ST	0	T>C	14157289
ST	0	T>G	4186959
# DP, Depth distribution
# DP	[2]id	[3]bin	[4]number of genotypes	[5]fraction of genotypes (%)	[6]number of sites	[7]fraction of sites (%)
DP	0	1	0	0	3	2.64237285505163e-06
DP	0	2	0	0	27	2.37813556954647e-05
DP	0	3	0	0	19	1.67350280819937e-05
DP	0	4	0	0	27	2.37813556954647e-05
DP	0	5	0	0	19	1.67350280819937e-05
DP	0	6	0	0	35	3.08276833089357e-05
DP	0	7	0	0	33	2.9066101405568e-05
DP	0	8	0	0	26	2.29005647437808e-05
DP	0	9	0	0	35	3.08276833089357e-05
DP	0	10	0	0	45	3.96355928257745e-05
DP	0	11	0	0	27	2.37813556954647e-05
DP	0	12	0	0	42	3.69932199707229e-05
DP	0	13	0	0	41	3.6112429019039e-05
DP	0	14	0	0	30	2.64237285505163e-05
DP	0	15	0	0	44	3.87548018740906e-05
DP	0	16	0	0	32	2.81853104538841e-05
DP	0	17	0	0	39	3.43508471156712e-05
DP	0	18	0	0	40	3.52316380673551e-05
DP	0	19	0	0	42	3.69932199707229e-05
DP	0	20	0	0	39	3.43508471156712e-05
DP	0	21	0	0	37	3.25892652123035e-05
DP	0	22	0	0	39	3.43508471156712e-05
DP	0	23	0	0	41	3.6112429019039e-05
DP	0	24	0	0	42	3.69932199707229e-05
DP	0	25	0	0	38	3.34700561639874e-05
DP	0	26	0	0	37	3.25892652123035e-05
DP	0	27	0	0	38	3.34700561639874e-05
DP	0	28	0	0	38	3.34700561639874e-05
DP	0	29	0	0	40	3.52316380673551e-05
DP	0	30	0	0	46	4.05163837774584e-05
DP	0	31	0	0	39	3.43508471156712e-05
DP	0	32	0	0	36	3.17084742606196e-05
DP	0	33	0	0	37	3.25892652123035e-05
DP	0	34	0	0	44	3.87548018740906e-05
DP	0	35	0	0	49	4.315875663251e-05
DP	0	36	0	0	35	3.08276833089357e-05
DP	0	37	0	0	45	3.96355928257745e-05
DP	0	38	0	0	32	2.81853104538841e-05
DP	0	39	0	0	38	3.34700561639874e-05
DP	0	40	0	0	35	3.08276833089357e-05
DP	0	41	0	0	42	3.69932199707229e-05
DP	0	42	0	0	44	3.87548018740906e-05
DP	0	43	0	0	34	2.99468923572518e-05
DP	0	44	0	0	48	4.22779656808261e-05
DP	0	45	0	0	38	3.34700561639874e-05
DP	0	46	0	0	41	3.6112429019039e-05
DP	0	47	0	0	34	2.99468923572518e-05
DP	0	48	0	0	45	3.96355928257745e-05
DP	0	49	0	0	46	4.05163837774584e-05
DP	0	50	0	0	35	3.08276833089357e-05
DP	0	51	0	0	30	2.64237285505163e-05
DP	0	52	0	0	33	2.9066101405568e-05
DP	0	53	0	0	28	2.46621466471486e-05
DP	0	54	0	0	38	3.34700561639874e-05
DP	0	55	0	0	39	3.43508471156712e-05
DP	0	56	0	0	31	2.73045195022002e-05
DP	0	57	0	0	35	3.08276833089357e-05
DP	0	58	0	0	40	3.52316380673551e-05
DP	0	59	0	0	33	2.9066101405568e-05
DP	0	60	0	0	23	2.02581918887292e-05
DP	0	61	0	0	36	3.17084742606196e-05
DP	0	62	0	0	44	3.87548018740906e-05
DP	0	63	0	0	31	2.73045195022002e-05
DP	0	64	0	0	33	2.9066101405568e-05
DP	0	65	0	0	29	2.55429375988325e-05
DP	0	66	0	0	36	3.17084742606196e-05
DP	0	67	0	0	37	3.25892652123035e-05
DP	0	68	0	0	39	3.43508471156712e-05
DP	0	69	0	0	37	3.25892652123035e-05
DP	0	70	0	0	36	3.17084742606196e-05
DP	0	71	0	0	34	2.99468923572518e-05
DP	0	72	0	0	42	3.69932199707229e-05
DP	0	73	0	0	29	2.55429375988325e-05
DP	0	74	0	0	33	2.9066101405568e-05
DP	0	75	0	0	43	3.78740109224067e-05
DP	0	76	0	0	26	2.29005647437808e-05
DP	0	77	0	0	30	2.64237285505163e-05
DP	0	78	0	0	35	3.08276833089357e-05
DP	0	79	0	0	38	3.34700561639874e-05
DP	0	80	0	0	30	2.64237285505163e-05
DP	0	81	0	0	42	3.69932199707229e-05
DP	0	82	0	0	30	2.64237285505163e-05
DP	0	83	0	0	30	2.64237285505163e-05
DP	0	84	0	0	30	2.64237285505163e-05
DP	0	85	0	0	27	2.37813556954647e-05
DP	0	86	0	0	43	3.78740109224067e-05
DP	0	87	0	0	27	2.37813556954647e-05
DP	0	88	0	0	42	3.69932199707229e-05
DP	0	89	0	0	31	2.73045195022002e-05
DP	0	90	0	0	25	2.20197737920969e-05
DP	0	91	0	0	30	2.64237285505163e-05
DP	0	92	0	0	36	3.17084742606196e-05
DP	0	93	0	0	24	2.11389828404131e-05
DP	0	94	0	0	38	3.34700561639874e-05
DP	0	95	0	0	22	1.93774009370453e-05
DP	0	96	0	0	48	4.22779656808261e-05
DP	0	97	0	0	27	2.37813556954647e-05
DP	0	98	0	0	38	3.34700561639874e-05
DP	0	99	0	0	34	2.99468923572518e-05
DP	0	100	0	0	38	3.34700561639874e-05
DP	0	101	0	0	35	3.08276833089357e-05
DP	0	102	0	0	32	2.81853104538841e-05
DP	0	103	0	0	29	2.55429375988325e-05
DP	0	104	0	0	34	2.99468923572518e-05
DP	0	105	0	0	33	2.9066101405568e-05
DP	0	106	0	0	35	3.08276833089357e-05
DP	0	107	0	0	49	4.315875663251e-05
DP	0	108	0	0	27	2.37813556954647e-05
DP	0	109	0	0	25	2.20197737920969e-05
DP	0	110	0	0	41	3.6112429019039e-05
DP	0	111	0	0	26	2.29005647437808e-05
DP	0	112	0	0	36	3.17084742606196e-05
DP	0	113	0	0	33	2.9066101405568e-05
DP	0	114	0	0	30	2.64237285505163e-05
DP	0	115	0	0	40	3.52316380673551e-05
DP	0	116	0	0	26	2.29005647437808e-05
DP	0	117	0	0	26	2.29005647437808e-05
DP	0	118	0	0	32	2.81853104538841e-05
DP	0	119	0	0	30	2.64237285505163e-05
DP	0	120	0	0	31	2.73045195022002e-05
DP	0	121	0	0	33	2.9066101405568e-05
DP	0	122	0	0	31	2.73045195022002e-05
DP	0	123	0	0	38	3.34700561639874e-05
DP	0	124	0	0	41	3.6112429019039e-05
DP	0	125	0	0	35	3.08276833089357e-05
DP	0	126	0	0	23	2.02581918887292e-05
DP	0	127	0	0	29	2.55429375988325e-05
DP	0	128	0	0	33	2.9066101405568e-05
DP	0	129	0	0	29	2.55429375988325e-05
DP	0	130	0	0	29	2.55429375988325e-05
DP	0	131	0	0	26	2.29005647437808e-05
DP	0	132	0	0	26	2.29005647437808e-05
DP	0	133	0	0	36	3.17084742606196e-05
DP	0	134	0	0	24	2.11389828404131e-05
DP	0	135	0	0	28	2.46621466471486e-05
DP	0	136	0	0	19	1.67350280819937e-05
DP	0	137	0	0	26	2.29005647437808e-05
DP	0	138	0	0	36	3.17084742606196e-05
DP	0	139	0	0	30	2.64237285505163e-05
DP	0	140	0	0	42	3.69932199707229e-05
DP	0	141	0	0	28	2.46621466471486e-05
DP	0	142	0	0	26	2.29005647437808e-05
DP	0	143	0	0	20	1.76158190336776e-05
DP	0	144	0	0	30	2.64237285505163e-05
DP	0	145	0	0	25	2.20197737920969e-05
DP	0	146	0	0	27	2.37813556954647e-05
DP	0	147	0	0	31	2.73045195022002e-05
DP	0	148	0	0	27	2.37813556954647e-05
DP	0	149	0	0	43	3.78740109224067e-05
DP	0	150	0	0	27	2.37813556954647e-05
DP	0	151	0	0	28	2.46621466471486e-05
DP	0	152	0	0	34	2.99468923572518e-05
DP	0	153	0	0	24	2.11389828404131e-05
DP	0	154	0	0	33	2.9066101405568e-05
DP	0	155	0	0	25	2.20197737920969e-05
DP	0	156	0	0	20	1.76158190336776e-05
DP	0	157	0	0	35	3.08276833089357e-05
DP	0	158	0	0	31	2.73045195022002e-05
DP	0	159	0	0	24	2.11389828404131e-05
DP	0	160	0	0	24	2.11389828404131e-05
DP	0	161	0	0	19	1.67350280819937e-05
DP	0	162	0	0	26	2.29005647437808e-05
DP	0	163	0	0	29	2.55429375988325e-05
DP	0	164	0	0	27	2.37813556954647e-05
DP	0	165	0	0	19	1.67350280819937e-05
DP	0	166	0	0	36	3.17084742606196e-05
DP	0	167	0	0	35	3.08276833089357e-05
DP	0	168	0	0	29	2.55429375988325e-05
DP	0	169	0	0	32	2.81853104538841e-05
DP	0	170	0	0	24	2.11389828404131e-05
DP	0	171	0	0	23	2.02581918887292e-05
DP	0	172	0	0	23	2.02581918887292e-05
DP	0	173	0	0	23	2.02581918887292e-05
DP	0	174	0	0	16	1.4092655226942e-05
DP	0	175	0	0	32	2.81853104538841e-05
DP	0	176	0	0	25	2.20197737920969e-05
DP	0	177	0	0	25	2.20197737920969e-05
DP	0	178	0	0	16	1.4092655226942e-05
DP	0	179	0	0	25	2.20197737920969e-05
DP	0	180	0	0	27	2.37813556954647e-05
DP	0	181	0	0	18	1.58542371303098e-05
DP	0	182	0	0	20	1.76158190336776e-05
DP	0	183	0	0	26	2.29005647437808e-05
DP	0	184	0	0	29	2.55429375988325e-05
DP	0	185	0	0	23	2.02581918887292e-05
DP	0	186	0	0	31	2.73045195022002e-05
DP	0	187	0	0	23	2.02581918887292e-05
DP	0	188	0	0	21	1.84966099853614e-05
DP	0	189	0	0	31	2.73045195022002e-05
DP	0	190	0	0	29	2.55429375988325e-05
DP	0	191	0	0	29	2.55429375988325e-05
DP	0	192	0	0	33	2.9066101405568e-05
DP	0	193	0	0	22	1.93774009370453e-05
DP	0	194	0	0	26	2.29005647437808e-05
DP	0	195	0	0	24	2.11389828404131e-05
DP	0	196	0	0	28	2.46621466471486e-05
DP	0	197	0	0	20	1.76158190336776e-05
DP	0	198	0	0	23	2.02581918887292e-05
DP	0	199	0	0	26	2.29005647437808e-05
DP	0	200	0	0	21	1.84966099853614e-05
DP	0	201	0	0	26	2.29005647437808e-05
DP	0	202	0	0	13	1.14502823718904e-05
DP	0	203	0	0	27	2.37813556954647e-05
DP	0	204	0	0	25	2.20197737920969e-05
DP	0	205	0	0	26	2.29005647437808e-05
DP	0	206	0	0	20	1.76158190336776e-05
DP	0	207	0	0	27	2.37813556954647e-05
DP	0	208	0	0	16	1.4092655226942e-05
DP	0	209	0	0	30	2.64237285505163e-05
DP	0	210	0	0	18	1.58542371303098e-05
DP	0	211	0	0	26	2.29005647437808e-05
DP	0	212	0	0	23	2.02581918887292e-05
DP	0	213	0	0	28	2.46621466471486e-05
DP	0	214	0	0	19	1.67350280819937e-05
DP	0	215	0	0	21	1.84966099853614e-05
DP	0	216	0	0	19	1.67350280819937e-05
DP	0	217	0	0	25	2.20197737920969e-05
DP	0	218	0	0	18	1.58542371303098e-05
DP	0	219	0	0	18	1.58542371303098e-05
DP	0	220	0	0	24	2.11389828404131e-05
DP	0	221	0	0	19	1.67350280819937e-05
DP	0	222	0	0	18	1.58542371303098e-05
DP	0	223	0	0	19	1.67350280819937e-05
DP	0	224	0	0	28	2.46621466471486e-05
DP	0	225	0	0	30	2.64237285505163e-05
DP	0	226	0	0	14	1.23310733235743e-05
DP	0	227	0	0	17	1.49734461786259e-05
DP	0	228	0	0	30	2.64237285505163e-05
DP	0	229	0	0	21	1.84966099853614e-05
DP	0	230	0	0	23	2.02581918887292e-05
DP	0	231	0	0	18	1.58542371303098e-05
DP	0	232	0	0	16	1.4092655226942e-05
DP	0	233	0	0	22	1.93774009370453e-05
DP	0	234	0	0	22	1.93774009370453e-05
DP	0	235	0	0	25	2.20197737920969e-05
DP	0	236	0	0	22	1.93774009370453e-05
DP	0	237	0	0	23	2.02581918887292e-05
DP	0	238	0	0	24	2.11389828404131e-05
DP	0	239	0	0	21	1.84966099853614e-05
DP	0	240	0	0	29	2.55429375988325e-05
DP	0	241	0	0	16	1.4092655226942e-05
DP	0	242	0	0	32	2.81853104538841e-05
DP	0	243	0	0	26	2.29005647437808e-05
DP	0	244	0	0	21	1.84966099853614e-05
DP	0	245	0	0	23	2.02581918887292e-05
DP	0	246	0	0	18	1.58542371303098e-05
DP	0	247	0	0	26	2.29005647437808e-05
DP	0	248	0	0	20	1.76158190336776e-05
DP	0	249	0	0	23	2.02581918887292e-05
DP	0	250	0	0	21	1.84966099853614e-05
DP	0	251	0	0	18	1.58542371303098e-05
DP	0	252	0	0	14	1.23310733235743e-05
DP	0	253	0	0	14	1.23310733235743e-05
DP	0	254	0	0	24	2.11389828404131e-05
DP	0	255	0	0	24	2.11389828404131e-05
DP	0	256	0	0	31	2.73045195022002e-05
DP	0	257	0	0	18	1.58542371303098e-05
DP	0	258	0	0	22	1.93774009370453e-05
DP	0	259	0	0	27	2.37813556954647e-05
DP	0	260	0	0	22	1.93774009370453e-05
DP	0	261	0	0	23	2.02581918887292e-05
DP	0	262	0	0	18	1.58542371303098e-05
DP	0	263	0	0	13	1.14502823718904e-05
DP	0	264	0	0	24	2.11389828404131e-05
DP	0	265	0	0	24	2.11389828404131e-05
DP	0	266	0	0	24	2.11389828404131e-05
DP	0	267	0	0	17	1.49734461786259e-05
DP	0	268	0	0	26	2.29005647437808e-05
DP	0	269	0	0	21	1.84966099853614e-05
DP	0	270	0	0	17	1.49734461786259e-05
DP	0	271	0	0	30	2.64237285505163e-05
DP	0	272	0	0	22	1.93774009370453e-05
DP	0	273	0	0	27	2.37813556954647e-05
DP	0	274	0	0	18	1.58542371303098e-05
DP	0	275	0	0	21	1.84966099853614e-05
DP	0	276	0	0	23	2.02581918887292e-05
DP	0	277	0	0	15	1.32118642752582e-05
DP	0	278	0	0	22	1.93774009370453e-05
DP	0	279	0	0	25	2.20197737920969e-05
DP	0	280	0	0	23	2.02581918887292e-05
DP	0	281	0	0	22	1.93774009370453e-05
DP	0	282	0	0	29	2.55429375988325e-05
DP	0	283	0	0	22	1.93774009370453e-05
DP	0	284	0	0	27	2.37813556954647e-05
DP	0	285	0	0	19	1.67350280819937e-05
DP	0	286	0	0	17	1.49734461786259e-05
DP	0	287	0	0	25	2.20197737920969e-05
DP	0	288	0	0	23	2.02581918887292e-05
DP	0	289	0	0	20	1.76158190336776e-05
DP	0	290	0	0	24	2.11389828404131e-05
DP	0	291	0	0	22	1.93774009370453e-05
DP	0	292	0	0	20	1.76158190336776e-05
DP	0	293	0	0	18	1.58542371303098e-05
DP	0	294	0	0	14	1.23310733235743e-05
DP	0	295	0	0	24	2.11389828404131e-05
DP	0	296	0	0	11	9.68870046852265e-06
DP	0	297	0	0	14	1.23310733235743e-05
DP	0	298	0	0	27	2.37813556954647e-05
DP	0	299	0	0	9	7.9271185651549e-06
DP	0	300	0	0	15	1.32118642752582e-05
DP	0	301	0	0	14	1.23310733235743e-05
DP	0	302	0	0	26	2.29005647437808e-05
DP	0	303	0	0	23	2.02581918887292e-05
DP	0	304	0	0	14	1.23310733235743e-05
DP	0	305	0	0	23	2.02581918887292e-05
DP	0	306	0	0	19	1.67350280819937e-05
DP	0	307	0	0	15	1.32118642752582e-05
DP	0	308	0	0	17	1.49734461786259e-05
DP	0	309	0	0	29	2.55429375988325e-05
DP	0	310	0	0	14	1.23310733235743e-05
DP	0	311	0	0	19	1.67350280819937e-05
DP	0	312	0	0	21	1.84966099853614e-05
DP	0	313	0	0	23	2.02581918887292e-05
DP	0	314	0	0	20	1.76158190336776e-05
DP	0	315	0	0	11	9.68870046852265e-06
DP	0	316	0	0	19	1.67350280819937e-05
DP	0	317	0	0	19	1.67350280819937e-05
DP	0	318	0	0	23	2.02581918887292e-05
DP	0	319	0	0	14	1.23310733235743e-05
DP	0	320	0	0	19	1.67350280819937e-05
DP	0	321	0	0	20	1.76158190336776e-05
DP	0	322	0	0	14	1.23310733235743e-05
DP	0	323	0	0	26	2.29005647437808e-05
DP	0	324	0	0	23	2.02581918887292e-05
DP	0	325	0	0	14	1.23310733235743e-05
DP	0	326	0	0	28	2.46621466471486e-05
DP	0	327	0	0	15	1.32118642752582e-05
DP	0	328	0	0	22	1.93774009370453e-05
DP	0	329	0	0	23	2.02581918887292e-05
DP	0	330	0	0	22	1.93774009370453e-05
DP	0	331	0	0	19	1.67350280819937e-05
DP	0	332	0	0	21	1.84966099853614e-05
DP	0	333	0	0	17	1.49734461786259e-05
DP	0	334	0	0	24	2.11389828404131e-05
DP	0	335	0	0	26	2.29005647437808e-05
DP	0	336	0	0	25	2.20197737920969e-05
DP	0	337	0	0	19	1.67350280819937e-05
DP	0	338	0	0	23	2.02581918887292e-05
DP	0	339	0	0	16	1.4092655226942e-05
DP	0	340	0	0	11	9.68870046852265e-06
DP	0	341	0	0	26	2.29005647437808e-05
DP	0	342	0	0	14	1.23310733235743e-05
DP	0	343	0	0	13	1.14502823718904e-05
DP	0	344	0	0	18	1.58542371303098e-05
DP	0	345	0	0	14	1.23310733235743e-05
DP	0	346	0	0	24	2.11389828404131e-05
DP	0	347	0	0	16	1.4092655226942e-05
DP	0	348	0	0	13	1.14502823718904e-05
DP	0	349	0	0	18	1.58542371303098e-05
DP	0	350	0	0	17	1.49734461786259e-05
DP	0	351	0	0	12	1.05694914202065e-05
DP	0	352	0	0	14	1.23310733235743e-05
DP	0	353	0	0	17	1.49734461786259e-05
DP	0	354	0	0	17	1.49734461786259e-05
DP	0	355	0	0	19	1.67350280819937e-05
DP	0	356	0	0	16	1.4092655226942e-05
DP	0	357	0	0	16	1.4092655226942e-05
DP	0	358	0	0	17	1.49734461786259e-05
DP	0	359	0	0	19	1.67350280819937e-05
DP	0	360	0	0	13	1.14502823718904e-05
DP	0	361	0	0	12	1.05694914202065e-05
DP	0	362	0	0	10	8.80790951683878e-06
DP	0	363	0	0	13	1.14502823718904e-05
DP	0	364	0	0	19	1.67350280819937e-05
DP	0	365	0	0	17	1.49734461786259e-05
DP	0	366	0	0	19	1.67350280819937e-05
DP	0	367	0	0	16	1.4092655226942e-05
DP	0	368	0	0	16	1.4092655226942e-05
DP	0	369	0	0	19	1.67350280819937e-05
DP	0	370	0	0	25	2.20197737920969e-05
DP	0	371	0	0	17	1.49734461786259e-05
DP	0	372	0	0	21	1.84966099853614e-05
DP	0	373	0	0	22	1.93774009370453e-05
DP	0	374	0	0	15	1.32118642752582e-05
DP	0	375	0	0	12	1.05694914202065e-05
DP	0	376	0	0	19	1.67350280819937e-05
DP	0	377	0	0	21	1.84966099853614e-05
DP	0	378	0	0	24	2.11389828404131e-05
DP	0	379	0	0	20	1.76158190336776e-05
DP	0	380	0	0	14	1.23310733235743e-05
DP	0	381	0	0	18	1.58542371303098e-05
DP	0	382	0	0	13	1.14502823718904e-05
DP	0	383	0	0	20	1.76158190336776e-05
DP	0	384	0	0	10	8.80790951683878e-06
DP	0	385	0	0	20	1.76158190336776e-05
DP	0	386	0	0	17	1.49734461786259e-05
DP	0	387	0	0	12	1.05694914202065e-05
DP	0	388	0	0	16	1.4092655226942e-05
DP	0	389	0	0	14	1.23310733235743e-05
DP	0	390	0	0	16	1.4092655226942e-05
DP	0	391	0	0	25	2.20197737920969e-05
DP	0	392	0	0	16	1.4092655226942e-05
DP	0	393	0	0	15	1.32118642752582e-05
DP	0	394	0	0	13	1.14502823718904e-05
DP	0	395	0	0	22	1.93774009370453e-05
DP	0	396	0	0	17	1.49734461786259e-05
DP	0	397	0	0	18	1.58542371303098e-05
DP	0	398	0	0	16	1.4092655226942e-05
DP	0	399	0	0	17	1.49734461786259e-05
DP	0	400	0	0	19	1.67350280819937e-05
DP	0	401	0	0	17	1.49734461786259e-05
DP	0	402	0	0	23	2.02581918887292e-05
DP	0	403	0	0	19	1.67350280819937e-05
DP	0	404	0	0	13	1.14502823718904e-05
DP	0	405	0	0	15	1.32118642752582e-05
DP	0	406	0	0	24	2.11389828404131e-05
DP	0	407	0	0	12	1.05694914202065e-05
DP	0	408	0	0	9	7.9271185651549e-06
DP	0	409	0	0	20	1.76158190336776e-05
DP	0	410	0	0	12	1.05694914202065e-05
DP	0	411	0	0	23	2.02581918887292e-05
DP	0	412	0	0	17	1.49734461786259e-05
DP	0	413	0	0	12	1.05694914202065e-05
DP	0	414	0	0	15	1.32118642752582e-05
DP	0	415	0	0	19	1.67350280819937e-05
DP	0	416	0	0	14	1.23310733235743e-05
DP	0	417	0	0	18	1.58542371303098e-05
DP	0	418	0	0	14	1.23310733235743e-05
DP	0	419	0	0	16	1.4092655226942e-05
DP	0	420	0	0	19	1.67350280819937e-05
DP	0	421	0	0	21	1.84966099853614e-05
DP	0	422	0	0	19	1.67350280819937e-05
DP	0	423	0	0	13	1.14502823718904e-05
DP	0	424	0	0	10	8.80790951683878e-06
DP	0	425	0	0	21	1.84966099853614e-05
DP	0	426	0	0	14	1.23310733235743e-05
DP	0	427	0	0	22	1.93774009370453e-05
DP	0	428	0	0	18	1.58542371303098e-05
DP	0	429	0	0	17	1.49734461786259e-05
DP	0	430	0	0	18	1.58542371303098e-05
DP	0	431	0	0	13	1.14502823718904e-05
DP	0	432	0	0	21	1.84966099853614e-05
DP	0	433	0	0	20	1.76158190336776e-05
DP	0	434	0	0	15	1.32118642752582e-05
DP	0	435	0	0	13	1.14502823718904e-05
DP	0	436	0	0	20	1.76158190336776e-05
DP	0	437	0	0	17	1.49734461786259e-05
DP	0	438	0	0	19	1.67350280819937e-05
DP	0	439	0	0	14	1.23310733235743e-05
DP	0	440	0	0	16	1.4092655226942e-05
DP	0	441	0	0	18	1.58542371303098e-05
DP	0	442	0	0	19	1.67350280819937e-05
DP	0	443	0	0	16	1.4092655226942e-05
DP	0	444	0	0	14	1.23310733235743e-05
DP	0	445	0	0	14	1.23310733235743e-05
DP	0	446	0	0	15	1.32118642752582e-05
DP	0	447	0	0	20	1.76158190336776e-05
DP	0	448	0	0	11	9.68870046852265e-06
DP	0	449	0	0	21	1.84966099853614e-05
DP	0	450	0	0	15	1.32118642752582e-05
DP	0	451	0	0	16	1.4092655226942e-05
DP	0	452	0	0	25	2.20197737920969e-05
DP	0	453	0	0	13	1.14502823718904e-05
DP	0	454	0	0	9	7.9271185651549e-06
DP	0	455	0	0	18	1.58542371303098e-05
DP	0	456	0	0	14	1.23310733235743e-05
DP	0	457	0	0	17	1.49734461786259e-05
DP	0	458	0	0	14	1.23310733235743e-05
DP	0	459	0	0	15	1.32118642752582e-05
DP	0	460	0	0	20	1.76158190336776e-05
DP	0	461	0	0	21	1.84966099853614e-05
DP	0	462	0	0	12	1.05694914202065e-05
DP	0	463	0	0	21	1.84966099853614e-05
DP	0	464	0	0	13	1.14502823718904e-05
DP	0	465	0	0	13	1.14502823718904e-05
DP	0	466	0	0	16	1.4092655226942e-05
DP	0	467	0	0	23	2.02581918887292e-05
DP	0	468	0	0	12	1.05694914202065e-05
DP	0	469	0	0	9	7.9271185651549e-06
DP	0	470	0	0	16	1.4092655226942e-05
DP	0	471	0	0	12	1.05694914202065e-05
DP	0	472	0	0	16	1.4092655226942e-05
DP	0	473	0	0	18	1.58542371303098e-05
DP	0	474	0	0	12	1.05694914202065e-05
DP	0	475	0	0	11	9.68870046852265e-06
DP	0	476	0	0	10	8.80790951683878e-06
DP	0	477	0	0	15	1.32118642752582e-05
DP	0	478	0	0	18	1.58542371303098e-05
DP	0	479	0	0	14	1.23310733235743e-05
DP	0	480	0	0	12	1.05694914202065e-05
DP	0	481	0	0	21	1.84966099853614e-05
DP	0	482	0	0	14	1.23310733235743e-05
DP	0	483	0	0	12	1.05694914202065e-05
DP	0	484	0	0	17	1.49734461786259e-05
DP	0	485	0	0	12	1.05694914202065e-05
DP	0	486	0	0	18	1.58542371303098e-05
DP	0	487	0	0	12	1.05694914202065e-05
DP	0	488	0	0	14	1.23310733235743e-05
DP	0	489	0	0	19	1.67350280819937e-05
DP	0	490	0	0	15	1.32118642752582e-05
DP	0	491	0	0	15	1.32118642752582e-05
DP	0	492	0	0	9	7.9271185651549e-06
DP	0	493	0	0	12	1.05694914202065e-05
DP	0	494	0	0	19	1.67350280819937e-05
DP	0	495	0	0	14	1.23310733235743e-05
DP	0	496	0	0	14	1.23310733235743e-05
DP	0	497	0	0	9	7.9271185651549e-06
DP	0	498	0	0	15	1.32118642752582e-05
DP	0	499	0	0	12	1.05694914202065e-05
DP	0	500	0	0	16	1.4092655226942e-05
DP	0	>500	0	0	113522398	99.9895009718559
# QUAL, Stats by quality
# QUAL	[2]id	[3]Quality	[4]number of SNPs	[5]number of transitions (1st ALT)	[6]number of transversions (1st ALT)	[7]number of indels
QUAL	0	30	49027	21529	25417	4312
QUAL	0	31	50147	21145	25926	4157
QUAL	0	32	27915	10153	15034	3505
QUAL	0	33	51886	22870	26505	4637
QUAL	0	34	44995	18896	23094	4007
QUAL	0	35	26366	9682	14081	3366
QUAL	0	36	52717	23361	26893	4638
QUAL	0	37	40601	17038	20805	3983
QUAL	0	38	25787	9879	13353	3348
QUAL	0	39	53189	23921	26795	4422
QUAL	0	40	37173	15820	18703	3720
QUAL	0	41	24571	9268	12931	3164
QUAL	0	42	52407	23704	26319	4410
QUAL	0	43	34262	14646	17012	3731
QUAL	0	44	23762	9153	12200	3205
QUAL	0	45	51103	23222	25548	4368
QUAL	0	46	33590	14403	16587	3648
QUAL	0	47	23452	9210	11938	3111
QUAL	0	48	49737	22449	24874	4367
QUAL	0	49	33687	14464	16587	3519
QUAL	0	50	24569	9651	12273	3058
QUAL	0	51	48973	21844	24487	4034
QUAL	0	52	33574	14446	16380	3357
QUAL	0	53	23782	9582	11684	2783
QUAL	0	54	45858	20728	22720	3840
QUAL	0	55	32846	14653	15847	3174
QUAL	0	56	22786	9490	11091	2754
QUAL	0	57	42176	18912	21097	3743
QUAL	0	58	33159	14738	16111	2981
QUAL	0	59	22074	9118	10951	2617
QUAL	0	60	39224	17641	19446	3569
QUAL	0	61	33138	15023	16063	3036
QUAL	0	62	22146	9438	10783	2529
QUAL	0	63	35996	16263	17809	3379
QUAL	0	64	33907	15542	16362	2911
QUAL	0	65	21203	9171	10246	2479
QUAL	0	66	33960	15489	16644	3323
QUAL	0	67	33650	15448	16275	2871
QUAL	0	68	21364	9343	10205	2497
QUAL	0	69	31351	14370	15171	3251
QUAL	0	70	34303	16004	16465	2859
QUAL	0	71	20692	8940	10031	2451
QUAL	0	72	29780	13598	14396	3182
QUAL	0	73	34615	16196	16611	2932
QUAL	0	74	20680	9000	9896	2299
QUAL	0	75	28356	13292	13387	3071
QUAL	0	76	34556	16206	16590	2908
QUAL	0	77	20407	9010	9735	2381
QUAL	0	78	27701	13170	12911	3233
QUAL	0	79	34995	16512	16772	2774
QUAL	0	80	20290	9087	9604	2408
QUAL	0	81	27106	12828	12657	3110
QUAL	0	82	34112	16149	16268	2771
QUAL	0	83	19937	8923	9394	2315
QUAL	0	84	26862	12918	12321	3174
QUAL	0	85	33865	16248	15927	2645
QUAL	0	86	19374	8680	9185	2293
QUAL	0	87	26572	12682	12279	3049
QUAL	0	88	32962	15802	15500	2657
QUAL	0	89	19062	8534	9062	2186
QUAL	0	90	26351	12852	12117	3107
QUAL	0	91	32681	15716	15361	2558
QUAL	0	92	18841	8561	8703	2145
QUAL	0	93	26699	12774	12350	2970
QUAL	0	94	31860	15444	14726	2452
QUAL	0	95	18721	8478	8722	2074
QUAL	0	96	27639	13426	12720	3051
QUAL	0	97	30635	15334	13668	2444
QUAL	0	98	18464	8526	8491	2097
QUAL	0	99	26629	12692	12496	2910
QUAL	0	100	31114	15539	14032	2375
QUAL	0	101	18506	8721	8400	2096
QUAL	0	102	26814	12945	12439	2873
QUAL	0	103	30114	15194	13424	2455
QUAL	0	104	18710	8946	8369	2026
QUAL	0	105	27829	13541	12915	2904
QUAL	0	106	28839	14725	12674	2354
QUAL	0	107	19066	9213	8450	2108
QUAL	0	108	28019	13798	12929	2771
QUAL	0	109	28389	14521	12358	2433
QUAL	0	110	19454	9642	8480	1945
QUAL	0	111	28612	13856	13425	2905
QUAL	0	112	27139	14079	11642	2453
QUAL	0	113	20014	9928	8656	2173
QUAL	0	114	29701	14574	13784	2912
QUAL	0	115	25901	13483	11019	2359
QUAL	0	116	20431	10322	8758	2019
QUAL	0	117	29724	14842	13476	2886
QUAL	0	118	24619	12781	10438	2398
QUAL	0	119	21564	10800	9386	1993
QUAL	0	120	30700	15609	13776	2869
QUAL	0	121	23171	11947	9833	2521
QUAL	0	122	22258	11556	9438	1992
QUAL	0	123	30927	15927	13647	2846
QUAL	0	124	22459	11487	9641	2353
QUAL	0	125	23285	11928	10041	2049
QUAL	0	126	31643	16372	13948	2957
QUAL	0	127	21155	10789	9016	2397
QUAL	0	128	24251	12501	10419	2027
QUAL	0	129	32243	16987	13937	2934
QUAL	0	130	20480	10547	8656	2293
QUAL	0	131	25152	12995	10854	2033
QUAL	0	132	32925	17763	13859	2899
QUAL	0	133	20477	10761	8502	2368
QUAL	0	134	25861	13401	11224	1994
QUAL	0	135	33472	18306	13853	3019
QUAL	0	136	20304	10625	8388	2365
QUAL	0	137	27193	14139	11759	1925
QUAL	0	138	34007	19043	13705	2937
QUAL	0	139	20181	10581	8295	2301
QUAL	0	140	28064	14502	12319	1987
QUAL	0	141	33201	18635	13279	2846
QUAL	0	142	21017	11083	8739	2413
QUAL	0	143	28937	15281	12503	2022
QUAL	0	144	32566	18450	12841	2807
QUAL	0	145	22042	11853	8967	2384
QUAL	0	146	30086	15813	13109	1911
QUAL	0	147	31219	17494	12428	2934
QUAL	0	148	22824	12371	9158	2356
QUAL	0	149	32186	17129	13808	2150
QUAL	0	150	29154	16315	11610	2824
QUAL	0	151	23362	12664	9396	2476
QUAL	0	152	33580	18167	14217	2049
QUAL	0	153	27239	15315	10726	2819
QUAL	0	154	24021	13066	9706	2520
QUAL	0	155	36270	19815	15215	2150
QUAL	0	156	25420	14152	10055	2911
QUAL	0	157	24951	13745	9926	2503
QUAL	0	158	38607	21398	15950	2147
QUAL	0	159	23680	13091	9441	2896
QUAL	0	160	25872	14229	10438	2513
QUAL	0	161	41339	23594	16442	2235
QUAL	0	162	22702	12378	9150	2997
QUAL	0	163	26170	14411	10539	2565
QUAL	0	164	44272	25508	17562	2263
QUAL	0	165	21758	11977	8665	2958
QUAL	0	166	27107	14947	10975	2503
QUAL	0	167	46557	27408	17917	2242
QUAL	0	168	22295	12190	8919	3025
QUAL	0	169	27480	15033	11229	2504
QUAL	0	170	48399	28663	18548	2285
QUAL	0	171	22714	12602	8992	2988
QUAL	0	172	28805	15927	11698	2604
QUAL	0	173	49282	29354	18685	2343
QUAL	0	174	23558	13157	9204	3171
QUAL	0	175	30618	16939	12387	2455
QUAL	0	176	48625	29150	18211	2340
QUAL	0	177	24988	14117	9650	3128
QUAL	0	178	32185	17931	13098	2489
QUAL	0	179	46687	28006	17483	2348
QUAL	0	180	26172	14864	10105	3159
QUAL	0	181	35065	19612	14213	2581
QUAL	0	182	43662	26089	16380	2513
QUAL	0	183	26809	15411	10169	3207
QUAL	0	184	38402	21868	15268	2629
QUAL	0	185	39970	23801	14997	2532
QUAL	0	186	27698	16052	10485	3118
QUAL	0	187	42777	24640	16908	2621
QUAL	0	188	36692	21807	13731	2540
QUAL	0	189	28313	16527	10581	3165
QUAL	0	190	47441	27869	18321	2621
QUAL	0	191	34075	19850	13030	2572
QUAL	0	192	28528	16539	10803	3192
QUAL	0	193	52262	30970	20004	2676
QUAL	0	194	32277	18638	12483	2743
QUAL	0	195	28803	16926	10690	3222
QUAL	0	196	57573	34741	21584	2636
QUAL	0	197	31876	18400	12307	2736
QUAL	0	198	28956	16936	10816	3410
QUAL	0	199	62412	37977	23153	2555
QUAL	0	200	32789	18971	12567	2751
QUAL	0	201	29035	17023	10841	3489
QUAL	0	202	65707	40487	23977	2601
QUAL	0	203	34719	20110	13353	2739
QUAL	0	204	29530	17363	11041	3671
QUAL	0	205	67196	41518	24457	2643
QUAL	0	206	38123	22318	14621	2888
QUAL	0	207	29394	17382	10921	3762
QUAL	0	208	66761	41573	23914	2780
QUAL	0	209	42009	24945	15904	2772
QUAL	0	210	29912	17479	11267	4075
QUAL	0	211	63732	39806	22689	2672
QUAL	0	212	46367	27505	17581	2786
QUAL	0	213	30282	17740	11452	4004
QUAL	0	214	59297	36742	21384	2726
QUAL	0	215	51645	31198	19233	2815
QUAL	0	216	31195	18388	11684	4106
QUAL	0	217	54045	33449	19376	2774
QUAL	0	218	57219	34716	21262	2813
QUAL	0	219	32980	19497	12314	4199
QUAL	0	220	49032	30302	17496	2839
QUAL	0	221	63710	39265	23198	2874
QUAL	0	222	34551	20685	12713	4121
QUAL	0	223	44029	26831	15965	2866
QUAL	0	224	70077	43273	25462	2914
QUAL	0	225	35776	21624	12978	4074
QUAL	0	226	40802	24866	14715	2908
QUAL	0	227	76094	47384	27404	3059
QUAL	0	228	38198	23109	13989	4073
QUAL	0	229	38961	23663	14133	3111
QUAL	0	230	81712	51254	29101	3025
QUAL	0	231	40683	24763	14665	3983
QUAL	0	232	38418	23132	14149	3115
QUAL	0	233	86078	54226	30514	3135
QUAL	0	234	43212	26421	15549	3926
QUAL	0	235	39256	23640	14518	3151
QUAL	0	236	88209	55534	31376	3120
QUAL	0	237	44625	27593	15832	4089
QUAL	0	238	41486	25133	15236	3340
QUAL	0	239	87404	55137	30956	3197
QUAL	0	240	45892	28499	16247	4006
QUAL	0	241	44948	27326	16444	3428
QUAL	0	242	83960	53053	29613	3160
QUAL	0	243	47252	29373	16706	4089
QUAL	0	244	50125	30652	18302	3455
QUAL	0	245	77835	49075	27501	3406
QUAL	0	246	48251	30164	16960	4362
QUAL	0	247	56398	34546	20605	3537
QUAL	0	248	69880	44022	24679	3410
QUAL	0	249	48996	30434	17364	4499
QUAL	0	250	63879	39573	23059	3620
QUAL	0	251	61922	38778	21968	3595
QUAL	0	252	50325	31307	17777	4598
QUAL	0	253	73721	46300	26120	3655
QUAL	0	254	54035	33606	19219	3585
QUAL	0	255	52480	32754	18516	4683
QUAL	0	256	83041	52120	29591	3728
QUAL	0	257	45551	28114	16256	3645
QUAL	0	258	54840	34218	19533	4736
QUAL	0	259	94653	60006	33256	3871
QUAL	0	260	47105	29500	16467	3733
QUAL	0	261	52649	32454	18977	4718
QUAL	0	262	103388	65979	36054	3835
QUAL	0	263	49904	31120	17512	3671
QUAL	0	264	50669	31303	18246	4623
QUAL	0	265	110198	70325	38444	3857
QUAL	0	266	52329	32851	18296	3731
QUAL	0	267	51290	31585	18501	4644
QUAL	0	268	111996	71555	39097	3862
QUAL	0	269	55169	34511	19438	3688
QUAL	0	270	53917	33313	19490	4676
QUAL	0	271	111052	71086	38576	3947
QUAL	0	272	56963	35921	19798	3775
QUAL	0	273	57924	35873	20883	4858
QUAL	0	274	106166	67953	36836	3844
QUAL	0	275	58368	36999	20127	3890
QUAL	0	276	63855	39809	22795	4890
QUAL	0	277	97163	61938	33890	3920
QUAL	0	278	58976	37378	20396	3982
QUAL	0	279	72264	45271	25749	4946
QUAL	0	280	87640	55854	30470	4011
QUAL	0	281	58964	37540	20207	4125
QUAL	0	282	82730	52259	29165	5083
QUAL	0	283	76481	48627	26559	3982
QUAL	0	284	58641	37522	19966	4278
QUAL	0	285	96026	60845	33824	5448
QUAL	0	286	66854	42297	23275	4005
QUAL	0	287	58623	37082	20299	4410
QUAL	0	288	109865	70253	38248	5666
QUAL	0	289	59958	37876	20800	4055
QUAL	0	290	58795	37339	20227	4512
QUAL	0	291	122728	78459	42800	5889
QUAL	0	292	55308	34875	19228	4015
QUAL	0	293	58678	37280	20209	4474
QUAL	0	294	135118	86913	46741	6099
QUAL	0	295	54385	34099	19041	4101
QUAL	0	296	59651	37989	20465	4510
QUAL	0	297	142501	91722	49316	6118
QUAL	0	298	55413	34908	19214	4168
QUAL	0	299	60425	38068	21219	4439
QUAL	0	300	145560	93528	50548	6066
QUAL	0	301	56997	36190	19605	4242
QUAL	0	302	63949	40416	22262	4538
QUAL	0	303	144445	93287	49671	5911
QUAL	0	304	60079	38364	20421	4391
QUAL	0	305	67796	42790	23780	4634
QUAL	0	306	135578	87200	46858	5780
QUAL	0	307	62461	39755	21479	4352
QUAL	0	308	73882	46788	25860	4617
QUAL	0	309	123914	79795	42703	5571
QUAL	0	310	64488	41107	22158	4526
QUAL	0	311	82699	52583	28867	4674
QUAL	0	312	109542	70569	37601	5375
QUAL	0	313	66995	43183	22486	4614
QUAL	0	314	93223	59497	32445	4712
QUAL	0	315	95384	61128	32937	5380
QUAL	0	316	69265	44240	23719	4734
QUAL	0	317	106813	68657	36800	4740
QUAL	0	318	82769	52820	28657	5299
QUAL	0	319	69972	45116	23620	4901
QUAL	0	320	121368	78065	41918	4781
QUAL	0	321	74573	47154	26171	5355
QUAL	0	322	70919	45891	23747	5047
QUAL	0	323	136301	87988	46908	4822
QUAL	0	324	69950	44291	24417	5500
QUAL	0	325	70701	45853	23688	5119
QUAL	0	326	149318	96703	51130	4934
QUAL	0	327	69619	44180	24181	5999
QUAL	0	328	70726	45453	24088	5254
QUAL	0	329	157754	102258	54037	5017
QUAL	0	330	72617	46110	25223	6210
QUAL	0	331	70539	45538	23818	5467
QUAL	0	332	160752	104390	54924	5216
QUAL	0	333	78249	49777	27199	6435
QUAL	0	334	70047	44891	23944	5555
QUAL	0	335	156703	102060	53133	5043
QUAL	0	336	84909	54082	29444	6710
QUAL	0	337	69636	44714	23733	5360
QUAL	0	338	148824	96733	50690	5192
QUAL	0	339	93000	59572	32117	6806
QUAL	0	340	69147	44346	23595	5234
QUAL	0	341	136788	88774	46610	5114
QUAL	0	342	103257	66411	35484	6870
QUAL	0	343	69383	44456	23729	5037
QUAL	0	344	121810	79097	41309	5269
QUAL	0	345	115064	74277	39417	6626
QUAL	0	346	69937	44567	24164	4890
QUAL	0	347	106612	68951	36364	5364
QUAL	0	348	127560	82315	43840	6258
QUAL	0	349	72108	46312	24530	4799
QUAL	0	350	93538	60484	31814	5380
QUAL	0	351	139156	90223	47447	6220
QUAL	0	352	74416	47803	25327	4741
QUAL	0	353	83374	53883	28252	5583
QUAL	0	354	152031	98651	51910	5978
QUAL	0	355	77056	49678	26047	5016
QUAL	0	356	77214	49727	26334	5534
QUAL	0	357	161728	104852	55338	6092
QUAL	0	358	79980	51693	27038	4963
QUAL	0	359	74489	47872	25446	5624
QUAL	0	360	168809	109591	57707	6250
QUAL	0	361	82933	53628	27996	4983
QUAL	0	362	74929	48137	25613	5617
QUAL	0	363	164713	106571	56701	6686
QUAL	0	364	91817	59735	30761	5087
QUAL	0	365	76364	49016	26089	5437
QUAL	0	366	158674	102646	54478	7125
QUAL	0	367	95989	62708	31993	5183
QUAL	0	368	80845	52166	27509	5386
QUAL	0	369	148082	95660	50962	7751
QUAL	0	370	97398	64074	31991	5189
QUAL	0	371	85617	55039	29261	5516
QUAL	0	372	97295	62494	33525	8106
QUAL	0	373	136383	89523	45400	5230
QUAL	0	374	96931	62801	32885	5429
QUAL	0	375	86571	55709	29622	8471
QUAL	0	376	129979	85154	43441	5260
QUAL	0	377	108291	70104	36852	5048
QUAL	0	378	81580	52402	27985	8815
QUAL	0	379	118961	77509	40037	5148
QUAL	0	380	123033	80040	41630	5090
QUAL	0	381	80478	51778	27463	8883
QUAL	0	382	105489	68748	35387	5214
QUAL	0	383	138633	89804	47361	4957
QUAL	0	384	80704	51868	27582	8728
QUAL	0	385	94306	61214	31813	5438
QUAL	0	386	152682	99780	51458	4838
QUAL	0	387	82963	53572	28129	8625
QUAL	0	388	86899	56298	29362	5623
QUAL	0	389	164978	107456	55991	4888
QUAL	0	390	84125	54272	28566	8240
QUAL	0	391	80900	52317	27381	5594
QUAL	0	392	174619	113851	59245	4825
QUAL	0	393	87032	56554	29158	7869
QUAL	0	394	80459	51742	27536	5835
QUAL	0	395	175353	114438	59425	4615
QUAL	0	396	88163	57343	29475	7736
QUAL	0	397	81974	52901	27889	6129
QUAL	0	398	171031	111356	58162	4769
QUAL	0	399	88661	57588	29787	7398
QUAL	0	400	86906	56113	29575	6238
QUAL	0	401	160513	104705	54334	4804
QUAL	0	402	89087	57719	30095	7286
QUAL	0	403	93190	60171	31721	6465
QUAL	0	404	145811	94895	49558	4740
QUAL	0	405	89219	58251	29744	7565
QUAL	0	406	102867	66736	34842	6349
QUAL	0	407	128342	83208	43785	4956
QUAL	0	408	88920	57951	29712	7855
QUAL	0	409	115250	74756	39207	6195
QUAL	0	410	111913	72769	37868	5020
QUAL	0	411	88453	57560	29662	8355
QUAL	0	412	128934	83764	43795	6197
QUAL	0	413	96653	62744	32688	5143
QUAL	0	414	87892	57265	29499	8793
QUAL	0	415	144868	94703	48793	6033
QUAL	0	416	86037	55746	29052	4969
QUAL	0	417	87452	56567	29703	9049
QUAL	0	418	159105	104051	53618	5881
QUAL	0	419	79119	51250	26703	5013
QUAL	0	420	86653	56333	29178	9533
QUAL	0	421	170312	111317	57528	5675
QUAL	0	422	75515	48804	25485	5140
QUAL	0	423	86813	56026	29590	9749
QUAL	0	424	178011	116174	60379	5635
QUAL	0	425	74642	48450	24993	5176
QUAL	0	426	86779	56153	29447	9650
QUAL	0	427	178437	116994	59975	5708
QUAL	0	428	76620	49621	25755	5265
QUAL	0	429	87387	56378	29900	9142
QUAL	0	430	173654	113630	58565	5776
QUAL	0	431	78554	50839	26517	5334
QUAL	0	432	89883	57952	30745	8875
QUAL	0	433	162003	105769	54869	5778
QUAL	0	434	79768	51707	26864	5298
QUAL	0	435	94137	60872	32122	8206
QUAL	0	436	146155	95626	49202	5880
QUAL	0	437	81794	53240	27347	5392
QUAL	0	438	100641	65512	33906	7908
QUAL	0	439	129989	84664	44033	5856
QUAL	0	440	83812	54777	27817	5498
QUAL	0	441	110211	71555	37401	7994
QUAL	0	442	112828	73092	38497	6016
QUAL	0	443	85156	55696	28296	5472
QUAL	0	444	122045	79430	41385	7658
QUAL	0	445	97187	62926	33002	5871
QUAL	0	446	85769	56320	28326	5441
QUAL	0	447	134298	87490	45504	7860
QUAL	0	448	87602	56806	29679	5960
QUAL	0	449	86115	56535	28411	5391
QUAL	0	450	147027	96203	49517	8382
QUAL	0	451	82572	53377	28046	5875
QUAL	0	452	85902	56364	28397	5345
QUAL	0	453	156758	102422	52956	8977
QUAL	0	454	80383	52043	27200	5815
QUAL	0	455	84359	55098	28140	5380
QUAL	0	456	162534	106276	54847	9445
QUAL	0	457	81355	52857	27356	5763
QUAL	0	458	83413	54312	27999	5173
QUAL	0	459	162190	106140	54686	10050
QUAL	0	460	83650	53981	28506	5890
QUAL	0	461	81847	53390	27326	5222
QUAL	0	462	157792	103047	53339	10278
QUAL	0	463	88102	57381	29525	5822
QUAL	0	464	80249	52304	26866	5216
QUAL	0	465	147596	96469	49849	10219
QUAL	0	466	93283	60697	31439	5913
QUAL	0	467	78101	50924	26148	5238
QUAL	0	468	133779	87626	44883	10076
QUAL	0	469	100154	65258	33707	5786
QUAL	0	470	77046	50115	25853	5064
QUAL	0	471	119646	77767	40740	9725
QUAL	0	472	109265	71327	36706	5869
QUAL	0	473	76207	49555	25534	5172
QUAL	0	474	105183	68700	35311	9343
QUAL	0	475	117601	76745	39628	5839
QUAL	0	476	76525	49956	25516	4978
QUAL	0	477	93057	60324	31585	8917
QUAL	0	478	123836	81311	41306	5821
QUAL	0	479	78972	51825	26101	4902
QUAL	0	480	85336	55668	28606	8368
QUAL	0	481	129839	84753	43847	5929
QUAL	0	482	81784	53711	26931	5042
QUAL	0	483	79082	51456	26607	7995
QUAL	0	484	130205	85032	43932	5709
QUAL	0	485	87703	58084	28503	4736
QUAL	0	486	74962	48156	25718	8060
QUAL	0	487	114127	74344	38607	5838
QUAL	0	488	111430	73532	36722	4966
QUAL	0	489	72820	47013	24784	8315
QUAL	0	490	96831	63032	32633	5840
QUAL	0	491	129679	85729	42719	4894
QUAL	0	492	73928	47713	25219	8800
QUAL	0	493	88199	57722	29389	5848
QUAL	0	494	133056	87442	44357	5002
QUAL	0	495	76455	49268	26108	9298
QUAL	0	496	83008	54002	27895	5935
QUAL	0	497	127863	84084	42591	5235
QUAL	0	498	81412	52402	27923	9866
QUAL	0	499	79398	51654	26729	5784
QUAL	0	500	117976	77179	39678	5302
QUAL	0	501	87291	56369	29792	10502
QUAL	0	502	76221	49652	25555	5643
QUAL	0	503	106064	69346	35611	5404
QUAL	0	504	94959	61739	32130	10665
QUAL	0	505	73237	47704	24477	5624
QUAL	0	506	92723	60585	31151	5297
QUAL	0	507	105972	69302	35548	10688
QUAL	0	508	70997	46373	23663	5560
QUAL	0	509	81967	53539	27433	5343
QUAL	0	510	115022	75004	38853	10232
QUAL	0	511	70168	45768	23407	5418
QUAL	0	512	75733	49606	25148	5309
QUAL	0	513	122200	80013	41024	9598
QUAL	0	514	69951	45461	23424	5244
QUAL	0	515	71373	46747	23692	5473
QUAL	0	516	127048	83486	42461	9019
QUAL	0	517	69680	45695	22938	5182
QUAL	0	518	69579	45667	22940	5145
QUAL	0	519	128600	84397	43041	8395
QUAL	0	520	70491	46102	23377	5081
QUAL	0	521	69036	44857	23230	5394
QUAL	0	522	127972	83776	43000	7850
QUAL	0	523	70308	46121	23187	4962
QUAL	0	524	69278	45205	23111	5286
QUAL	0	525	122294	80034	41163	7704
QUAL	0	526	70825	46515	23324	5068
QUAL	0	527	70574	46070	23556	5410
QUAL	0	528	114445	74836	38558	7734
QUAL	0	529	70603	46343	23261	5055
QUAL	0	530	74187	48349	24822	5466
QUAL	0	531	105217	68666	35517	8156
QUAL	0	532	68719	45180	22582	5070
QUAL	0	533	78075	51071	26042	5500
QUAL	0	534	93826	60941	31823	8607
QUAL	0	535	69144	45544	22663	5323
QUAL	0	536	83652	54704	27977	5375
QUAL	0	537	83469	54309	28107	9258
QUAL	0	538	67714	44486	22355	5330
QUAL	0	539	91070	59421	30655	5451
QUAL	0	540	74514	48493	25091	10028
QUAL	0	541	67216	44083	22172	5315
QUAL	0	542	97523	63987	32508	5255
QUAL	0	543	68554	44204	23391	10225
QUAL	0	544	66289	43564	21870	5298
QUAL	0	545	103970	68332	34612	5079
QUAL	0	546	64110	41368	21818	10589
QUAL	0	547	65615	42923	21723	5193
QUAL	0	548	108580	71378	36165	5104
QUAL	0	549	61401	39860	20617	10314
QUAL	0	550	64495	42102	21446	5064
QUAL	0	551	111053	72839	37195	4966
QUAL	0	552	60902	39307	20623	10042
QUAL	0	553	64045	41960	21179	4989
QUAL	0	554	110321	72629	36675	4689
QUAL	0	555	61086	39658	20479	9471
QUAL	0	556	63961	41812	21205	5079
QUAL	0	557	105248	68911	35301	4591
QUAL	0	558	60473	39454	20149	8755
QUAL	0	559	64204	42050	21309	4942
QUAL	0	560	97623	63926	32667	4657
QUAL	0	561	62572	40904	20799	8471
QUAL	0	562	66187	43450	21829	5005
QUAL	0	563	89003	58468	29556	4604
QUAL	0	564	62812	40892	21030	7788
QUAL	0	565	68438	44700	22804	5041
QUAL	0	566	80000	52323	26689	4693
QUAL	0	567	62521	40677	20950	7698
QUAL	0	568	72249	47096	24253	5046
QUAL	0	569	72436	47494	24072	4786
QUAL	0	570	61962	40285	20803	7639
QUAL	0	571	76543	50391	25269	5130
QUAL	0	572	65483	42787	21809	4819
QUAL	0	573	61674	40434	20370	7787
QUAL	0	574	82345	54230	27196	5069
QUAL	0	575	61139	39829	20450	4956
QUAL	0	576	61051	39727	20484	8322
QUAL	0	577	85625	56209	28474	5201
QUAL	0	578	58168	38032	19256	5060
QUAL	0	579	60944	39579	20508	8671
QUAL	0	580	88966	58341	29671	5015
QUAL	0	581	57146	37365	18882	5145
QUAL	0	582	60347	39253	20211	9260
QUAL	0	583	90484	59404	30138	5161
QUAL	0	584	56900	37124	18963	5030
QUAL	0	585	59740	38696	20252	9604
QUAL	0	586	88842	58272	29633	5034
QUAL	0	587	57682	37801	19057	5045
QUAL	0	588	59007	38283	19863	9566
QUAL	0	589	85136	56032	28190	4717
QUAL	0	590	59061	38591	19586	5084
QUAL	0	591	57855	37365	19630	9439
QUAL	0	592	80078	52765	26434	4610
QUAL	0	593	61174	39889	20443	4942
QUAL	0	594	56490	36586	19045	9191
QUAL	0	595	74499	48786	24822	4474
QUAL	0	596	62199	40718	20615	4981
QUAL	0	597	56125	36387	18933	8713
QUAL	0	598	68551	44957	22722	4495
QUAL	0	599	63507	41517	21161	4827
QUAL	0	600	56381	36811	18783	8137
QUAL	0	601	63239	41242	21164	4283
QUAL	0	602	64165	41857	21483	4684
QUAL	0	603	55147	36054	18332	7730
QUAL	0	604	58222	37991	19419	4499
QUAL	0	605	58802	38412	19559	4758
QUAL	0	606	66054	43028	22165	7183
QUAL	0	607	55382	36116	18504	4344
QUAL	0	608	57063	37580	18736	4640
QUAL	0	609	69711	45599	23228	7038
QUAL	0	610	53065	34427	17814	4674
QUAL	0	611	55977	36949	18263	4468
QUAL	0	612	73069	48033	24156	7116
QUAL	0	613	51664	33703	17139	4473
QUAL	0	614	55117	36102	18188	4502
QUAL	0	615	73849	48239	24766	7418
QUAL	0	616	50855	33095	17002	4526
QUAL	0	617	54424	35863	17800	4413
QUAL	0	618	73587	48210	24566	7857
QUAL	0	619	51365	33508	17066	4796
QUAL	0	620	53741	35374	17559	4384
QUAL	0	621	71392	46463	24089	8206
QUAL	0	622	51876	33860	17215	4820
QUAL	0	623	52267	34236	17291	4426
QUAL	0	624	66830	43523	22419	8689
QUAL	0	625	55386	36140	18447	4754
QUAL	0	626	51343	33661	16909	4195
QUAL	0	627	62605	40825	21022	9181
QUAL	0	628	57012	37289	18946	4745
QUAL	0	629	49633	32538	16356	4283
QUAL	0	630	59166	38646	19722	9209
QUAL	0	631	58814	38572	19474	4575
QUAL	0	632	49193	32193	16200	4138
QUAL	0	633	56068	36574	18733	9087
QUAL	0	634	60582	39546	20201	4484
QUAL	0	635	48355	31630	15978	4128
QUAL	0	636	53573	35077	17656	8645
QUAL	0	637	62207	40829	20535	4275
QUAL	0	638	47714	31431	15567	4100
QUAL	0	639	51338	33311	17293	8139
QUAL	0	640	63329	41489	21015	4352
QUAL	0	641	47106	30899	15470	3955
QUAL	0	642	49699	32411	16540	7587
QUAL	0	643	64108	42059	21238	4324
QUAL	0	644	46665	30416	15515	4020
QUAL	0	645	49535	32268	16554	7094
QUAL	0	646	64153	41910	21469	4377
QUAL	0	647	46017	30131	15129	3917
QUAL	0	648	48598	31654	16203	6679
QUAL	0	649	63863	41917	21132	4368
QUAL	0	650	45920	30295	14886	4058
QUAL	0	651	48873	31851	16260	6195
QUAL	0	652	61980	40452	20780	4329
QUAL	0	653	45675	29974	14975	4062
QUAL	0	654	49055	31879	16443	6294
QUAL	0	655	59174	38681	19726	4324
QUAL	0	656	45285	29743	14828	4174
QUAL	0	657	49803	32281	16782	6468
QUAL	0	658	57167	37233	19153	4372
QUAL	0	659	45658	29815	15151	4371
QUAL	0	660	51607	33528	17364	6731
QUAL	0	661	53683	35306	17663	4355
QUAL	0	662	45222	29729	14757	4412
QUAL	0	663	52754	34436	17636	7129
QUAL	0	664	51016	33366	16898	4334
QUAL	0	665	44904	29583	14683	4620
QUAL	0	666	54145	35217	18214	7647
QUAL	0	667	48334	31592	16038	4367
QUAL	0	668	44672	29311	14674	4377
QUAL	0	669	55082	35952	18399	7781
QUAL	0	670	46508	30343	15437	4226
QUAL	0	671	44566	29320	14545	4296
QUAL	0	672	57230	37310	19166	7972
QUAL	0	673	44655	29257	14727	4134
QUAL	0	674	44542	29231	14639	4119
QUAL	0	675	58240	37906	19613	7776
QUAL	0	676	44116	28861	14594	4039
QUAL	0	677	43956	28750	14534	4085
QUAL	0	678	57851	37683	19397	7569
QUAL	0	679	44238	28906	14600	3923
QUAL	0	680	44340	29230	14448	3879
QUAL	0	681	56937	37141	19005	7097
QUAL	0	682	43746	28652	14416	3883
QUAL	0	683	43995	28785	14514	3653
QUAL	0	684	56178	36806	18607	6589
QUAL	0	685	43013	28266	14025	3929
QUAL	0	686	44011	28861	14444	3619
QUAL	0	687	54514	35802	17987	6169
QUAL	0	688	42434	27815	13923	4039
QUAL	0	689	44544	29332	14540	3553
QUAL	0	690	53131	34726	17714	5953
QUAL	0	691	42820	27988	14189	3964
QUAL	0	692	44531	29294	14571	3605
QUAL	0	693	51086	33481	16930	5970
QUAL	0	694	42841	28111	14049	4048
QUAL	0	695	46086	30279	15113	3579
QUAL	0	696	49061	32024	16353	5819
QUAL	0	697	42636	27799	14195	4105
QUAL	0	698	46630	30691	15292	3566
QUAL	0	699	48012	31170	16154	6202
QUAL	0	700	42290	27886	13716	4269
QUAL	0	701	47510	31261	15541	3590
QUAL	0	702	46941	30665	15584	6270
QUAL	0	703	42104	27505	13919	4387
QUAL	0	704	47818	31587	15584	3721
QUAL	0	705	46567	30276	15643	6524
QUAL	0	706	42553	27951	13940	4161
QUAL	0	707	49058	32254	16135	3644
QUAL	0	708	45587	29701	15280	6847
QUAL	0	709	42324	27714	13954	4239
QUAL	0	710	48867	32014	16162	3739
QUAL	0	711	45055	29280	15119	7002
QUAL	0	712	42681	27880	14143	4057
QUAL	0	713	48834	32047	16105	3529
QUAL	0	714	45004	29299	15000	6849
QUAL	0	715	42642	27950	13975	3984
QUAL	0	716	48742	32014	16039	3450
QUAL	0	717	44768	29197	14887	6817
QUAL	0	718	41495	27161	13683	3850
QUAL	0	719	48315	31807	15829	3410
QUAL	0	720	43277	28187	14417	6606
QUAL	0	721	41761	27410	13668	3817
QUAL	0	722	47198	31174	15381	3408
QUAL	0	723	42365	27775	13953	6093
QUAL	0	724	42776	28125	14002	3700
QUAL	0	725	46382	30455	15262	3300
QUAL	0	726	41474	27082	13746	5774
QUAL	0	727	43571	28662	14299	3703
QUAL	0	728	45672	29970	15046	3317
QUAL	0	729	41977	27391	13952	5319
QUAL	0	730	43936	28860	14407	3759
QUAL	0	731	45008	29574	14791	3393
QUAL	0	732	41246	26986	13596	5115
QUAL	0	733	44564	29293	14588	3788
QUAL	0	734	44305	29148	14480	3315
QUAL	0	735	41071	26736	13685	5074
QUAL	0	736	44954	29399	14885	3803
QUAL	0	737	43962	28847	14473	3386
QUAL	0	738	41629	27356	13615	5013
QUAL	0	739	44919	29356	14869	3953
QUAL	0	740	43358	28528	14186	3357
QUAL	0	741	41825	27264	13966	5141
QUAL	0	742	44410	29255	14549	3882
QUAL	0	743	43935	28843	14392	3480
QUAL	0	744	41685	27286	13767	5470
QUAL	0	745	43988	28977	14346	3845
QUAL	0	746	43058	28101	14320	3407
QUAL	0	747	42118	27709	13777	5587
QUAL	0	748	44032	28855	14517	3869
QUAL	0	749	43188	28460	14078	3429
QUAL	0	750	42283	27789	13894	5836
QUAL	0	751	44000	28897	14442	3897
QUAL	0	752	42467	27880	13954	3390
QUAL	0	753	42324	27658	14018	5838
QUAL	0	754	43127	28391	14072	3602
QUAL	0	755	41957	27529	13789	3378
QUAL	0	756	41729	27265	13838	5938
QUAL	0	757	43089	28302	14180	3590
QUAL	0	758	41855	27563	13739	3345
QUAL	0	759	41753	27316	13817	5734
QUAL	0	760	42665	28053	14006	3585
QUAL	0	761	41751	27320	13837	3069
QUAL	0	762	42003	27311	14114	5660
QUAL	0	763	43425	28617	14228	3436
QUAL	0	764	42003	27607	13783	3099
QUAL	0	765	41413	27147	13655	5312
QUAL	0	766	42545	27912	13975	3540
QUAL	0	767	42505	27965	13904	3050
QUAL	0	768	41420	27203	13563	4987
QUAL	0	769	42304	27927	13775	3646
QUAL	0	770	41813	27532	13670	3042
QUAL	0	771	40675	26566	13482	4828
QUAL	0	772	42479	27973	13903	3619
QUAL	0	773	42916	28240	14083	2964
QUAL	0	774	40359	26498	13284	4539
QUAL	0	775	42464	27958	13886	3587
QUAL	0	776	42895	28189	14108	3115
QUAL	0	777	40107	26255	13223	4503
QUAL	0	778	41758	27339	13823	3565
QUAL	0	779	42732	28066	14084	3128
QUAL	0	780	40387	26578	13163	4638
QUAL	0	781	41869	27652	13612	3684
QUAL	0	782	42794	28232	13943	3181
QUAL	0	783	40103	26327	13210	4542
QUAL	0	784	40933	27013	13326	3707
QUAL	0	785	42524	27999	13939	3135
QUAL	0	786	40118	26396	13089	4709
QUAL	0	787	40747	26614	13469	3727
QUAL	0	788	42563	28085	13896	3195
QUAL	0	789	40683	26804	13274	5004
QUAL	0	790	40732	26616	13479	3583
QUAL	0	791	41903	27599	13654	3177
QUAL	0	792	40768	26984	13190	4941
QUAL	0	793	40660	26543	13516	3629
QUAL	0	794	41451	27201	13619	3088
QUAL	0	795	40832	26783	13454	5105
QUAL	0	796	40862	26810	13430	3536
QUAL	0	797	41503	27616	13319	3143
QUAL	0	798	41391	27139	13691	5186
QUAL	0	799	40914	26958	13384	3489
QUAL	0	800	41210	27128	13481	3114
QUAL	0	801	40699	26652	13451	4889
QUAL	0	802	41495	27535	13358	3412
QUAL	0	803	40648	26851	13215	3142
QUAL	0	804	40878	26861	13401	4696
QUAL	0	805	41569	27395	13583	3324
QUAL	0	806	40087	26357	13103	3037
QUAL	0	807	40621	26796	13172	4588
QUAL	0	808	42397	28030	13809	3333
QUAL	0	809	39234	25804	12849	2939
QUAL	0	810	40371	26538	13232	4439
QUAL	0	811	42609	28196	13849	3227
QUAL	0	812	38681	25637	12453	2915
QUAL	0	813	40397	26550	13262	4197
QUAL	0	814	42571	27986	14028	3269
QUAL	0	815	38286	25274	12425	2879
QUAL	0	816	39813	26345	12866	4253
QUAL	0	817	42979	28454	13968	3395
QUAL	0	818	38050	25040	12454	2972
QUAL	0	819	39733	26208	12966	4075
QUAL	0	820	42842	28296	13998	3330
QUAL	0	821	37891	25176	12103	2964
QUAL	0	822	39664	25932	13156	4053
QUAL	0	823	43386	28713	14079	3355
QUAL	0	824	37890	25066	12229	2898
QUAL	0	825	39514	25989	12920	4212
QUAL	0	826	42895	28205	14124	3343
QUAL	0	827	38074	25228	12262	2900
QUAL	0	828	39754	26056	13116	4195
QUAL	0	829	42672	28184	13910	3440
QUAL	0	830	38040	25100	12376	2922
QUAL	0	831	39857	26216	13085	4302
QUAL	0	832	42202	27797	13824	3392
QUAL	0	833	38736	25642	12551	2849
QUAL	0	834	40070	26416	13058	4262
QUAL	0	835	41755	27486	13694	3359
QUAL	0	836	38663	25405	12680	2797
QUAL	0	837	40528	26692	13304	4403
QUAL	0	838	40419	26548	13279	3356
QUAL	0	839	38703	25751	12364	2860
QUAL	0	840	40634	26558	13516	4445
QUAL	0	841	39551	26121	12878	3347
QUAL	0	842	39187	25767	12883	2871
QUAL	0	843	41209	27167	13478	4301
QUAL	0	844	38981	25707	12670	3255
QUAL	0	845	39068	25914	12599	2804
QUAL	0	846	41558	27376	13632	4204
QUAL	0	847	38173	25139	12479	3240
QUAL	0	848	38952	25633	12728	2852
QUAL	0	849	41855	27606	13644	3898
QUAL	0	850	37878	24964	12345	3281
QUAL	0	851	38440	25503	12353	2740
QUAL	0	852	42291	27871	13885	3831
QUAL	0	853	37159	24342	12266	3159
QUAL	0	854	38001	25175	12245	2719
QUAL	0	855	42348	27914	13868	3714
QUAL	0	856	36560	24258	11763	3277
QUAL	0	857	38009	25193	12274	2745
QUAL	0	858	42518	27801	14135	3580
QUAL	0	859	36909	24517	11824	3158
QUAL	0	860	37642	24679	12405	2693
QUAL	0	861	42420	27884	13951	3498
QUAL	0	862	36744	24208	12002	3337
QUAL	0	863	37512	24687	12235	2788
QUAL	0	864	41733	27569	13593	3608
QUAL	0	865	37264	24655	12058	3334
QUAL	0	866	37759	25122	12043	2657
QUAL	0	867	41617	27411	13665	3606
QUAL	0	868	38088	25230	12323	3372
QUAL	0	869	37815	24985	12323	2763
QUAL	0	870	41281	27192	13515	3602
QUAL	0	871	37404	24783	12070	3273
QUAL	0	872	38097	25163	12392	2784
QUAL	0	873	39524	26001	13012	3769
QUAL	0	874	38279	25500	12239	3197
QUAL	0	875	38312	25417	12343	2762
QUAL	0	876	38612	25282	12797	3729
QUAL	0	877	38424	25404	12430	3289
QUAL	0	878	38986	25929	12532	2706
QUAL	0	879	38345	25192	12628	3723
QUAL	0	880	38319	25454	12309	3152
QUAL	0	881	38707	25630	12529	2850
QUAL	0	882	38088	25037	12564	3813
QUAL	0	883	38161	25235	12355	3242
QUAL	0	884	38984	25838	12595	2824
QUAL	0	885	36928	24200	12164	3698
QUAL	0	886	37760	24933	12304	3112
QUAL	0	887	39059	25867	12635	2689
QUAL	0	888	36408	23959	11900	3607
QUAL	0	889	37983	25214	12220	3177
QUAL	0	890	39112	25853	12722	2761
QUAL	0	891	36588	24076	12002	3340
QUAL	0	892	37310	24696	12082	3155
QUAL	0	893	39281	25967	12760	2676
QUAL	0	894	36974	24393	12003	3294
QUAL	0	895	36980	24280	12156	3121
QUAL	0	896	38661	25612	12525	2668
QUAL	0	897	36820	24312	11994	3225
QUAL	0	898	36649	24346	11798	3183
QUAL	0	899	38631	25559	12552	2718
QUAL	0	900	37188	24732	11945	3226
QUAL	0	901	37025	24366	12117	3081
QUAL	0	902	38702	25716	12491	2714
QUAL	0	903	37332	24676	12108	3240
QUAL	0	904	36561	24099	11905	3126
QUAL	0	905	37307	24734	12056	2670
QUAL	0	906	37298	24689	12125	3103
QUAL	0	907	36349	24128	11678	3116
QUAL	0	908	37253	24522	12184	2666
QUAL	0	909	37204	24652	12020	3177
QUAL	0	910	36207	24032	11684	3212
QUAL	0	911	36184	23951	11679	2668
QUAL	0	912	37940	25123	12292	3257
QUAL	0	913	36341	23991	11839	3155
QUAL	0	914	36073	23969	11607	2613
QUAL	0	915	37509	24826	12168	3363
QUAL	0	916	36436	24116	11764	3279
QUAL	0	917	35880	23596	11717	2723
QUAL	0	918	37569	24886	12187	3246
QUAL	0	919	36462	24107	11839	3104
QUAL	0	920	35273	23360	11387	2562
QUAL	0	921	37489	24872	12101	3292
QUAL	0	922	36138	23907	11726	3226
QUAL	0	923	35098	23272	11362	2688
QUAL	0	924	37255	24586	12117	3179
QUAL	0	925	35762	23640	11614	2997
QUAL	0	926	35118	23214	11401	2668
QUAL	0	927	36533	24203	11833	3235
QUAL	0	928	36211	23994	11695	3216
QUAL	0	929	35377	23338	11508	2601
QUAL	0	930	36240	23929	11812	3031
QUAL	0	931	35904	23853	11525	3188
QUAL	0	932	35592	23509	11582	2541
QUAL	0	933	35050	23340	11212	3095
QUAL	0	934	35659	23574	11569	3141
QUAL	0	935	35719	23649	11548	2634
QUAL	0	936	34783	22973	11337	2968
QUAL	0	937	36231	24097	11603	3066
QUAL	0	938	36198	23936	11783	2611
QUAL	0	939	34276	22746	11041	2873
QUAL	0	940	34873	23009	11364	3127
QUAL	0	941	36149	23896	11705	2573
QUAL	0	942	33888	22452	10917	2857
QUAL	0	943	34566	22861	11202	3149
QUAL	0	944	36330	24197	11635	2488
QUAL	0	945	33609	22284	10825	2790
QUAL	0	946	33918	22549	10890	2952
QUAL	0	947	36405	24218	11687	2576
QUAL	0	948	33762	22346	10896	2755
QUAL	0	949	33769	22200	11046	3104
QUAL	0	950	36296	24115	11703	2574
QUAL	0	951	33654	22374	10773	2854
QUAL	0	952	33536	22066	11025	3090
QUAL	0	953	35988	23962	11541	2647
QUAL	0	954	33528	22210	10811	2813
QUAL	0	955	33688	22266	10877	3103
QUAL	0	956	35205	23316	11377	2601
QUAL	0	957	33434	22239	10681	2887
QUAL	0	958	33265	22011	10750	3057
QUAL	0	959	35246	23256	11469	2580
QUAL	0	960	33375	22135	10766	2957
QUAL	0	961	33590	22173	10941	3095
QUAL	0	962	34787	22962	11334	2521
QUAL	0	963	33144	21994	10693	2853
QUAL	0	964	33616	22316	10823	3189
QUAL	0	965	33914	22502	10893	2610
QUAL	0	966	33010	21907	10613	2882
QUAL	0	967	33809	22506	10804	2949
QUAL	0	968	33202	22008	10684	2467
QUAL	0	969	33035	21977	10558	2867
QUAL	0	970	34425	22726	11222	3006
QUAL	0	971	32884	21746	10659	2513
QUAL	0	972	33103	22029	10595	2770
QUAL	0	973	34165	22618	11040	2971
QUAL	0	974	31900	21145	10265	2519
QUAL	0	975	31956	21049	10429	2738
QUAL	0	976	34895	23165	11240	3132
QUAL	0	977	31340	20702	10149	2552
QUAL	0	978	31814	21064	10274	2670
QUAL	0	979	34787	23051	11269	3106
QUAL	0	980	31325	20814	10076	2488
QUAL	0	981	31432	20866	10091	2609
QUAL	0	982	34759	23114	11151	3040
QUAL	0	983	30846	20492	9907	2458
QUAL	0	984	31345	20631	10241	2540
QUAL	0	985	34757	22918	11358	3044
QUAL	0	986	31269	20772	10032	2487
QUAL	0	987	31291	20827	9981	2530
QUAL	0	988	34184	22815	10892	3093
QUAL	0	989	30948	20501	9981	2497
QUAL	0	990	31286	20692	10145	2676
QUAL	0	991	33841	22281	11083	3047
QUAL	0	992	30778	20396	9883	2572
QUAL	0	993	30666	20335	9854	2658
QUAL	0	994	32961	21822	10656	2924
QUAL	0	995	30774	20395	9926	2437
QUAL	0	996	31279	20608	10208	2601
QUAL	0	997	32640	21583	10632	3020
QUAL	0	998	46877903	30813029	14663442	6812241
