# This file was produced by plot-vcfstats, the command line was:
#   plot-vcfstats -m ./chm13_SAS/1kgp.chr1.recalibrated.snp_indel.pass.SAS.bcftools.stats.txt ./chm13_SAS/1kgp.chr10.recalibrated.snp_indel.pass.SAS.bcftools.stats.txt ./chm13_SAS/1kgp.chr11.recalibrated.snp_indel.pass.SAS.bcftools.stats.txt ./chm13_SAS/1kgp.chr12.recalibrated.snp_indel.pass.SAS.bcftools.stats.txt ./chm13_SAS/1kgp.chr13.recalibrated.snp_indel.pass.SAS.bcftools.stats.txt ./chm13_SAS/1kgp.chr14.recalibrated.snp_indel.pass.SAS.bcftools.stats.txt ./chm13_SAS/1kgp.chr15.recalibrated.snp_indel.pass.SAS.bcftools.stats.txt ./chm13_SAS/1kgp.chr16.recalibrated.snp_indel.pass.SAS.bcftools.stats.txt ./chm13_SAS/1kgp.chr17.recalibrated.snp_indel.pass.SAS.bcftools.stats.txt ./chm13_SAS/1kgp.chr18.recalibrated.snp_indel.pass.SAS.bcftools.stats.txt ./chm13_SAS/1kgp.chr19.recalibrated.snp_indel.pass.SAS.bcftools.stats.txt ./chm13_SAS/1kgp.chr2.recalibrated.snp_indel.pass.SAS.bcftools.stats.txt ./chm13_SAS/1kgp.chr20.recalibrated.snp_indel.pass.SAS.bcftools.stats.txt ./chm13_SAS/1kgp.chr21.recalibrated.snp_indel.pass.SAS.bcftools.stats.txt ./chm13_SAS/1kgp.chr22.recalibrated.snp_indel.pass.SAS.bcftools.stats.txt ./chm13_SAS/1kgp.chr3.recalibrated.snp_indel.pass.SAS.bcftools.stats.txt ./chm13_SAS/1kgp.chr4.recalibrated.snp_indel.pass.SAS.bcftools.stats.txt ./chm13_SAS/1kgp.chr5.recalibrated.snp_indel.pass.SAS.bcftools.stats.txt ./chm13_SAS/1kgp.chr6.recalibrated.snp_indel.pass.SAS.bcftools.stats.txt ./chm13_SAS/1kgp.chr7.recalibrated.snp_indel.pass.SAS.bcftools.stats.txt ./chm13_SAS/1kgp.chr8.recalibrated.snp_indel.pass.SAS.bcftools.stats.txt ./chm13_SAS/1kgp.chr9.recalibrated.snp_indel.pass.SAS.bcftools.stats.txt
#
# Definition of sets
# ID	[2]id	[3]tab-separated file names
ID	0	/cromwell_root/fc-51aefb1c-4e8e-4dcb-a59c-62e318ea351a/586f9e7d-b772-4dd6-a6cd-28b406406ce7/bgzip_bcftools_index/*1.recalibrated.snp_indel.pass.SAS.vcf.gz
# SN, Summary numbers
# SN	[2]id	[3]key	[4]value
SN	0	number of samples:	601
SN	0	number of records:	113534318
SN	0	number of no-ALTs:	0
SN	0	number of SNPs:	103672128
SN	0	number of MNPs:	0
SN	0	number of indels:	11109273
SN	0	number of others:	1524772
SN	0	number of multiallelic sites:	8211016
SN	0	number of multiallelic SNP sites:	4343504
# # TSTV, transition/transversions:
# TSTV	[2]id	[3]ts	[4]tv	[5]ts/tv	[6]ts (1st ALT)	[7]tv (1st ALT)	[8]ts/tv (1st ALT)
TSTV	0	69088609	36749651	1.88	66946067	34337845	1.95
# Sis, Singleton stats
# SiS	[2]id	[3]allele count	[4]number of SNPs	[5]number of transitions	[6]number of transversions	[7]number of indels	[8]repeat-consistent	[9]repeat-inconsistent	[10]not applicable
SiS	0	1	11938970	7734340	4204630	1632424	0	0	1632424
# AF, Stats by non-reference allele frequency
# AF	[2]id	[3]allele frequency	[4]number of SNPs	[5]number of transitions	[6]number of transversions	[7]number of indels	[8]repeat-consistent	[9]repeat-inconsistent	[10]not applicable
AF	0	0.000000	90314590	58928514	31386076	11135208	0	0	11135208
AF	0	0.001664	3064861	1971741	1093120	691553	0	0	691553
AF	0	0.003328	1348766	862668	486098	348456	0	0	348456
AF	0	0.004992	810498	517871	292627	226372	0	0	226372
AF	0	0.006656	555811	356188	199623	165766	0	0	165766
AF	0	0.008319	421808	270188	151620	131661	0	0	131661
AF	0	0.009983	331566	213180	118386	106460	0	0	106460
AF	0	0.011647	271244	174550	96694	90212	0	0	90212
AF	0	0.013311	230739	149427	81312	78489	0	0	78489
AF	0	0.014975	199881	128999	70882	69540	0	0	69540
AF	0	0.016639	176886	114614	62272	61955	0	0	61955
AF	0	0.018303	156964	101758	55206	55909	0	0	55909
AF	0	0.019967	139103	90197	48906	50856	0	0	50856
AF	0	0.021631	125129	81200	43929	46376	0	0	46376
AF	0	0.023295	117549	76614	40935	43216	0	0	43216
AF	0	0.024958	107909	70449	37460	40105	0	0	40105
AF	0	0.026622	101114	65759	35355	37973	0	0	37973
AF	0	0.028286	94524	61982	32542	35431	0	0	35431
AF	0	0.029950	87665	57520	30145	33112	0	0	33112
AF	0	0.031614	84220	54979	29241	31446	0	0	31446
AF	0	0.033278	78853	51548	27305	30031	0	0	30031
AF	0	0.034942	75626	49563	26063	28613	0	0	28613
AF	0	0.036606	72053	47291	24762	27367	0	0	27367
AF	0	0.038270	67955	44403	23552	25924	0	0	25924
AF	0	0.039933	64558	42542	22016	24729	0	0	24729
AF	0	0.041597	65744	43137	22607	24240	0	0	24240
AF	0	0.043261	61612	40493	21119	23320	0	0	23320
AF	0	0.044925	58010	38053	19957	21920	0	0	21920
AF	0	0.046589	58320	38290	20030	21813	0	0	21813
AF	0	0.048253	55530	36657	18873	20624	0	0	20624
AF	0	0.049917	53239	35078	18161	20376	0	0	20376
AF	0	0.051581	52287	34562	17725	19995	0	0	19995
AF	0	0.053245	50812	33439	17373	18863	0	0	18863
AF	0	0.054908	50310	33174	17136	18652	0	0	18652
AF	0	0.056572	47686	31512	16174	17895	0	0	17895
AF	0	0.058236	46997	31108	15889	17450	0	0	17450
AF	0	0.059900	45401	30012	15389	17126	0	0	17126
AF	0	0.061564	46466	30863	15603	16908	0	0	16908
AF	0	0.063228	45878	30343	15535	16579	0	0	16579
AF	0	0.064892	43445	28769	14676	15811	0	0	15811
AF	0	0.066556	42280	27984	14296	15542	0	0	15542
AF	0	0.068220	41638	27502	14136	15125	0	0	15125
AF	0	0.069884	39932	26709	13223	14680	0	0	14680
AF	0	0.071547	39941	26446	13495	14671	0	0	14671
AF	0	0.073211	38859	25844	13015	14171	0	0	14171
AF	0	0.074875	39349	26100	13249	14007	0	0	14007
AF	0	0.076539	36883	24575	12308	13567	0	0	13567
AF	0	0.078203	35558	23698	11860	13333	0	0	13333
AF	0	0.079867	36662	24494	12168	13702	0	0	13702
AF	0	0.081531	35933	23974	11959	12560	0	0	12560
AF	0	0.083195	34783	23166	11617	12966	0	0	12966
AF	0	0.084859	34198	22745	11453	12539	0	0	12539
AF	0	0.086522	34883	23425	11458	12686	0	0	12686
AF	0	0.088186	33727	22466	11261	12247	0	0	12247
AF	0	0.089850	33463	22220	11243	11760	0	0	11760
AF	0	0.091514	32795	21906	10889	11706	0	0	11706
AF	0	0.093178	33470	22454	11016	11777	0	0	11777
AF	0	0.094842	32510	21754	10756	11703	0	0	11703
AF	0	0.096506	31152	20783	10369	11276	0	0	11276
AF	0	0.098170	31159	20845	10314	10979	0	0	10979
AF	0	0.099834	30357	20109	10248	11012	0	0	11012
AF	0	0.101498	32143	21439	10704	10950	0	0	10950
AF	0	0.103161	30678	20547	10131	10915	0	0	10915
AF	0	0.104825	30692	20429	10263	10330	0	0	10330
AF	0	0.106489	28045	18667	9378	10237	0	0	10237
AF	0	0.108153	29671	19834	9837	10283	0	0	10283
AF	0	0.109817	29492	19617	9875	10028	0	0	10028
AF	0	0.111481	29098	19425	9673	9953	0	0	9953
AF	0	0.113145	28816	19221	9595	9747	0	0	9747
AF	0	0.114809	27957	18507	9450	9628	0	0	9628
AF	0	0.116473	27422	18210	9212	9378	0	0	9378
AF	0	0.118136	26362	17447	8915	9264	0	0	9264
AF	0	0.119800	26883	17936	8947	9185	0	0	9185
AF	0	0.121464	26442	17611	8831	9025	0	0	9025
AF	0	0.123128	26148	17342	8806	9007	0	0	9007
AF	0	0.124792	26021	17409	8612	8954	0	0	8954
AF	0	0.126456	25180	16854	8326	8680	0	0	8680
AF	0	0.128120	25060	16745	8315	8629	0	0	8629
AF	0	0.129784	24480	16358	8122	8459	0	0	8459
AF	0	0.131448	24477	16429	8048	8444	0	0	8444
AF	0	0.133111	24609	16562	8047	8357	0	0	8357
AF	0	0.134775	24411	16380	8031	8186	0	0	8186
AF	0	0.136439	24303	16240	8063	8024	0	0	8024
AF	0	0.138103	23940	15990	7950	8208	0	0	8208
AF	0	0.139767	23549	15816	7733	8007	0	0	8007
AF	0	0.141431	24605	16569	8036	7858	0	0	7858
AF	0	0.143095	24500	16408	8092	7819	0	0	7819
AF	0	0.144759	24457	16340	8117	7652	0	0	7652
AF	0	0.146423	25071	16799	8272	8151	0	0	8151
AF	0	0.148087	23408	15602	7806	7561	0	0	7561
AF	0	0.149750	23017	15255	7762	7547	0	0	7547
AF	0	0.151414	23522	15715	7807	7639	0	0	7639
AF	0	0.153078	23452	15621	7831	7521	0	0	7521
AF	0	0.154742	23177	15657	7520	7499	0	0	7499
AF	0	0.156406	22311	14867	7444	7307	0	0	7307
AF	0	0.158070	22327	14894	7433	7188	0	0	7188
AF	0	0.159734	21415	14322	7093	7068	0	0	7068
AF	0	0.161398	22065	14730	7335	7491	0	0	7491
AF	0	0.163062	21814	14579	7235	6783	0	0	6783
AF	0	0.164725	21373	14251	7122	6830	0	0	6830
AF	0	0.166389	20861	13902	6959	6848	0	0	6848
AF	0	0.168053	20814	13898	6916	6769	0	0	6769
AF	0	0.169717	22442	14811	7631	7080	0	0	7080
AF	0	0.171381	21767	14430	7337	6670	0	0	6670
AF	0	0.173045	21220	14181	7039	6721	0	0	6721
AF	0	0.174709	21023	13979	7044	6547	0	0	6547
AF	0	0.176373	20743	13785	6958	6564	0	0	6564
AF	0	0.178037	20786	13854	6932	6451	0	0	6451
AF	0	0.179700	20725	13772	6953	6328	0	0	6328
AF	0	0.181364	19832	13162	6670	6416	0	0	6416
AF	0	0.183028	19589	13092	6497	6186	0	0	6186
AF	0	0.184692	19620	13120	6500	6203	0	0	6203
AF	0	0.186356	19353	12999	6354	6073	0	0	6073
AF	0	0.188020	19265	12893	6372	5996	0	0	5996
AF	0	0.189684	19795	13303	6492	6194	0	0	6194
AF	0	0.191348	23123	15081	8042	6323	0	0	6323
AF	0	0.193012	19785	13222	6563	6124	0	0	6124
AF	0	0.194676	18706	12540	6166	5684	0	0	5684
AF	0	0.196339	18940	12800	6140	5962	0	0	5962
AF	0	0.198003	19788	13214	6574	5836	0	0	5836
AF	0	0.199667	18642	12482	6160	5714	0	0	5714
AF	0	0.201331	18204	12205	5999	5753	0	0	5753
AF	0	0.202995	18945	12730	6215	5719	0	0	5719
AF	0	0.204659	18289	12204	6085	5731	0	0	5731
AF	0	0.206323	17622	11791	5831	5365	0	0	5365
AF	0	0.207987	18375	12310	6065	5614	0	0	5614
AF	0	0.209651	17999	12046	5953	5352	0	0	5352
AF	0	0.211314	18330	12175	6155	5555	0	0	5555
AF	0	0.212978	17315	11545	5770	5259	0	0	5259
AF	0	0.214642	16911	11286	5625	5256	0	0	5256
AF	0	0.216306	17378	11391	5987	5198	0	0	5198
AF	0	0.217970	18310	12141	6169	5239	0	0	5239
AF	0	0.219634	17471	11618	5853	5218	0	0	5218
AF	0	0.221298	17207	11615	5592	5228	0	0	5228
AF	0	0.222962	17406	11763	5643	5169	0	0	5169
AF	0	0.224626	17022	11305	5717	5172	0	0	5172
AF	0	0.226290	15817	10613	5204	4932	0	0	4932
AF	0	0.227953	16425	10961	5464	4920	0	0	4920
AF	0	0.229617	16310	10823	5487	4923	0	0	4923
AF	0	0.231281	15893	10696	5197	4859	0	0	4859
AF	0	0.232945	15930	10767	5163	4975	0	0	4975
AF	0	0.234609	15510	10373	5137	4842	0	0	4842
AF	0	0.236273	15640	10415	5225	4812	0	0	4812
AF	0	0.237937	15484	10376	5108	4826	0	0	4826
AF	0	0.239601	16292	10868	5424	4801	0	0	4801
AF	0	0.241265	15792	10584	5208	4661	0	0	4661
AF	0	0.242928	15507	10324	5183	4651	0	0	4651
AF	0	0.244592	15216	10249	4967	4709	0	0	4709
AF	0	0.246256	15072	10104	4968	4556	0	0	4556
AF	0	0.247920	15803	10554	5249	4494	0	0	4494
AF	0	0.249584	15597	10325	5272	4434	0	0	4434
AF	0	0.251248	14586	9809	4777	4545	0	0	4545
AF	0	0.252912	15218	10187	5031	4421	0	0	4421
AF	0	0.254576	15202	10161	5041	4576	0	0	4576
AF	0	0.256240	15329	10340	4989	4674	0	0	4674
AF	0	0.257903	15813	10570	5243	4618	0	0	4618
AF	0	0.259567	15890	10735	5155	4533	0	0	4533
AF	0	0.261231	15900	10709	5191	4483	0	0	4483
AF	0	0.262895	15090	10110	4980	4463	0	0	4463
AF	0	0.264559	15484	10341	5143	4323	0	0	4323
AF	0	0.266223	15504	10351	5153	4400	0	0	4400
AF	0	0.267887	14526	9673	4853	4336	0	0	4336
AF	0	0.269551	14340	9688	4652	4278	0	0	4278
AF	0	0.271215	14082	9369	4713	4255	0	0	4255
AF	0	0.272879	14480	9761	4719	4127	0	0	4127
AF	0	0.274542	15218	10144	5074	4334	0	0	4334
AF	0	0.276206	14346	9593	4753	4069	0	0	4069
AF	0	0.277870	14086	9455	4631	3965	0	0	3965
AF	0	0.279534	14076	9428	4648	4105	0	0	4105
AF	0	0.281198	14360	9736	4624	3974	0	0	3974
AF	0	0.282862	13473	8972	4501	3903	0	0	3903
AF	0	0.284526	14327	9546	4781	3881	0	0	3881
AF	0	0.286190	13923	9383	4540	3973	0	0	3973
AF	0	0.287854	13823	9228	4595	3998	0	0	3998
AF	0	0.289517	14530	9777	4753	3917	0	0	3917
AF	0	0.291181	13481	9031	4450	3729	0	0	3729
AF	0	0.292845	13672	9204	4468	3895	0	0	3895
AF	0	0.294509	13577	9010	4567	3737	0	0	3737
AF	0	0.296173	12768	8563	4205	3644	0	0	3644
AF	0	0.297837	13022	8694	4328	3672	0	0	3672
AF	0	0.299501	12895	8680	4215	3758	0	0	3758
AF	0	0.301165	13448	8977	4471	3807	0	0	3807
AF	0	0.302829	12610	8416	4194	3612	0	0	3612
AF	0	0.304493	12715	8534	4181	3548	0	0	3548
AF	0	0.306156	12711	8494	4217	3616	0	0	3616
AF	0	0.307820	12966	8650	4316	3607	0	0	3607
AF	0	0.309484	12967	8635	4332	3516	0	0	3516
AF	0	0.311148	12470	8431	4039	3553	0	0	3553
AF	0	0.312812	12343	8206	4137	3530	0	0	3530
AF	0	0.314476	12435	8296	4139	3548	0	0	3548
AF	0	0.316140	12778	8638	4140	3561	0	0	3561
AF	0	0.317804	12127	8152	3975	3409	0	0	3409
AF	0	0.319468	12125	8129	3996	3423	0	0	3423
AF	0	0.321131	12342	8356	3986	3446	0	0	3446
AF	0	0.322795	12591	8462	4129	3434	0	0	3434
AF	0	0.324459	12662	8582	4080	3426	0	0	3426
AF	0	0.326123	12683	8489	4194	3357	0	0	3357
AF	0	0.327787	12173	8047	4126	3373	0	0	3373
AF	0	0.329451	12416	8290	4126	3397	0	0	3397
AF	0	0.331115	11627	7804	3823	3155	0	0	3155
AF	0	0.332779	11518	7687	3831	3348	0	0	3348
AF	0	0.334443	11837	8003	3834	3235	0	0	3235
AF	0	0.336106	11646	7787	3859	3273	0	0	3273
AF	0	0.337770	12022	8035	3987	3170	0	0	3170
AF	0	0.339434	11862	7941	3921	3299	0	0	3299
AF	0	0.341098	12468	8300	4168	3290	0	0	3290
AF	0	0.342762	12059	8108	3951	3161	0	0	3161
AF	0	0.344426	11540	7647	3893	3199	0	0	3199
AF	0	0.346090	12227	8180	4047	3027	0	0	3027
AF	0	0.347754	11748	7835	3913	3091	0	0	3091
AF	0	0.349418	11920	7915	4005	3089	0	0	3089
AF	0	0.351082	11654	7843	3811	3086	0	0	3086
AF	0	0.352745	11602	7804	3798	3072	0	0	3072
AF	0	0.354409	12174	8241	3933	3164	0	0	3164
AF	0	0.356073	11001	7360	3641	3098	0	0	3098
AF	0	0.357737	10968	7300	3668	2918	0	0	2918
AF	0	0.359401	10781	7214	3567	2906	0	0	2906
AF	0	0.361065	11553	7821	3732	3006	0	0	3006
AF	0	0.362729	11003	7345	3658	2970	0	0	2970
AF	0	0.364393	11151	7480	3671	2945	0	0	2945
AF	0	0.366057	11486	7663	3823	2965	0	0	2965
AF	0	0.367720	10935	7256	3679	2968	0	0	2968
AF	0	0.369384	10714	7265	3449	2981	0	0	2981
AF	0	0.371048	11482	7644	3838	3038	0	0	3038
AF	0	0.372712	11188	7444	3744	2965	0	0	2965
AF	0	0.374376	10967	7360	3607	2936	0	0	2936
AF	0	0.376040	11243	7650	3593	2830	0	0	2830
AF	0	0.377704	11094	7420	3674	2865	0	0	2865
AF	0	0.379368	11137	7457	3680	2711	0	0	2711
AF	0	0.381032	10703	7066	3637	2703	0	0	2703
AF	0	0.382696	11575	7746	3829	2821	0	0	2821
AF	0	0.384359	11274	7495	3779	2862	0	0	2862
AF	0	0.386023	10585	7031	3554	2809	0	0	2809
AF	0	0.387687	10731	7195	3536	2801	0	0	2801
AF	0	0.389351	10416	7027	3389	2758	0	0	2758
AF	0	0.391015	10758	7159	3599	2706	0	0	2706
AF	0	0.392679	10603	7073	3530	2650	0	0	2650
AF	0	0.394343	10733	7219	3514	2759	0	0	2759
AF	0	0.396007	10205	6863	3342	2730	0	0	2730
AF	0	0.397671	10203	6854	3349	2668	0	0	2668
AF	0	0.399334	10127	6760	3367	2657	0	0	2657
AF	0	0.400998	10415	6989	3426	2671	0	0	2671
AF	0	0.402662	10004	6711	3293	2696	0	0	2696
AF	0	0.404326	10123	6771	3352	2594	0	0	2594
AF	0	0.405990	11046	7362	3684	2622	0	0	2622
AF	0	0.407654	10132	6766	3366	2681	0	0	2681
AF	0	0.409318	10052	6717	3335	2511	0	0	2511
AF	0	0.410982	9898	6616	3282	2540	0	0	2540
AF	0	0.412646	9841	6601	3240	2590	0	0	2590
AF	0	0.414309	9872	6680	3192	2425	0	0	2425
AF	0	0.415973	9752	6501	3251	2476	0	0	2476
AF	0	0.417637	9739	6541	3198	2495	0	0	2495
AF	0	0.419301	10488	6930	3558	2539	0	0	2539
AF	0	0.420965	10639	7150	3489	2408	0	0	2408
AF	0	0.422629	9366	6282	3084	2503	0	0	2503
AF	0	0.424293	9299	6264	3035	2340	0	0	2340
AF	0	0.425957	10425	7032	3393	2552	0	0	2552
AF	0	0.427621	10271	6892	3379	2421	0	0	2421
AF	0	0.429285	9396	6301	3095	2330	0	0	2330
AF	0	0.430948	9584	6381	3203	2306	0	0	2306
AF	0	0.432612	10018	6732	3286	2408	0	0	2408
AF	0	0.434276	9878	6555	3323	2396	0	0	2396
AF	0	0.435940	9713	6482	3231	2346	0	0	2346
AF	0	0.437604	9419	6231	3188	2294	0	0	2294
AF	0	0.439268	9233	6230	3003	2268	0	0	2268
AF	0	0.440932	9222	6271	2951	2302	0	0	2302
AF	0	0.442596	9307	6195	3112	2210	0	0	2210
AF	0	0.444260	9094	6015	3079	2289	0	0	2289
AF	0	0.445923	9307	6290	3017	2296	0	0	2296
AF	0	0.447587	9311	6187	3124	2229	0	0	2229
AF	0	0.449251	9528	6408	3120	2295	0	0	2295
AF	0	0.450915	9371	6283	3088	2201	0	0	2201
AF	0	0.452579	9841	6624	3217	2284	0	0	2284
AF	0	0.454243	8991	5995	2996	2298	0	0	2298
AF	0	0.455907	9340	6244	3096	2258	0	0	2258
AF	0	0.457571	9604	6395	3209	2268	0	0	2268
AF	0	0.459235	9677	6464	3213	2256	0	0	2256
AF	0	0.460899	8931	5973	2958	2121	0	0	2121
AF	0	0.462562	9545	6273	3272	2163	0	0	2163
AF	0	0.464226	8869	6026	2843	2082	0	0	2082
AF	0	0.465890	8972	6009	2963	2099	0	0	2099
AF	0	0.467554	9242	6122	3120	2127	0	0	2127
AF	0	0.469218	8732	5899	2833	2197	0	0	2197
AF	0	0.470882	8796	5969	2827	2102	0	0	2102
AF	0	0.472546	8779	5897	2882	2024	0	0	2024
AF	0	0.474210	8909	5973	2936	2064	0	0	2064
AF	0	0.475874	8826	5979	2847	2144	0	0	2144
AF	0	0.477537	8554	5692	2862	2024	0	0	2024
AF	0	0.479201	9107	6118	2989	2076	0	0	2076
AF	0	0.480865	8735	5859	2876	2026	0	0	2026
AF	0	0.482529	8739	5871	2868	1990	0	0	1990
AF	0	0.484193	8660	5743	2917	2067	0	0	2067
AF	0	0.485857	8612	5797	2815	2012	0	0	2012
AF	0	0.487521	8588	5804	2784	1944	0	0	1944
AF	0	0.489185	8648	5816	2832	2017	0	0	2017
AF	0	0.490849	8096	5421	2675	1976	0	0	1976
AF	0	0.492512	8551	5783	2768	1901	0	0	1901
AF	0	0.494176	8134	5429	2705	1912	0	0	1912
AF	0	0.495840	8265	5466	2799	1884	0	0	1884
AF	0	0.497504	8109	5565	2544	1931	0	0	1931
AF	0	0.499168	13124	8763	4361	2759	0	0	2759
AF	0	0.500832	8675	5818	2857	1925	0	0	1925
AF	0	0.502496	8136	5454	2682	1908	0	0	1908
AF	0	0.504160	8323	5537	2786	1872	0	0	1872
AF	0	0.505824	8118	5443	2675	1935	0	0	1935
AF	0	0.507488	8286	5509	2777	1868	0	0	1868
AF	0	0.509151	8114	5472	2642	1922	0	0	1922
AF	0	0.510815	8054	5457	2597	1877	0	0	1877
AF	0	0.512479	7882	5287	2595	1888	0	0	1888
AF	0	0.514143	8608	5702	2906	1891	0	0	1891
AF	0	0.515807	7527	5000	2527	1724	0	0	1724
AF	0	0.517471	8043	5431	2612	1800	0	0	1800
AF	0	0.519135	7469	5052	2417	1733	0	0	1733
AF	0	0.520799	7431	5018	2413	1727	0	0	1727
AF	0	0.522463	7398	4985	2413	1799	0	0	1799
AF	0	0.524126	7363	4900	2463	1755	0	0	1755
AF	0	0.525790	8014	5355	2659	1859	0	0	1859
AF	0	0.527454	8037	5450	2587	1803	0	0	1803
AF	0	0.529118	7629	5148	2481	1696	0	0	1696
AF	0	0.530782	7297	4921	2376	1655	0	0	1655
AF	0	0.532446	7546	5076	2470	1656	0	0	1656
AF	0	0.534110	7851	5304	2547	1735	0	0	1735
AF	0	0.535774	7564	5100	2464	1714	0	0	1714
AF	0	0.537438	7592	5100	2492	1681	0	0	1681
AF	0	0.539101	7842	5254	2588	1699	0	0	1699
AF	0	0.540765	7263	4890	2373	1697	0	0	1697
AF	0	0.542429	7907	5215	2692	1639	0	0	1639
AF	0	0.544093	7127	4765	2362	1650	0	0	1650
AF	0	0.545757	7168	4861	2307	1633	0	0	1633
AF	0	0.547421	7258	4946	2312	1567	0	0	1567
AF	0	0.549085	7254	4857	2397	1624	0	0	1624
AF	0	0.550749	7919	5245	2674	1681	0	0	1681
AF	0	0.552413	7350	4971	2379	1626	0	0	1626
AF	0	0.554077	7233	4802	2431	1595	0	0	1595
AF	0	0.555740	7210	4831	2379	1577	0	0	1577
AF	0	0.557404	7479	5064	2415	1615	0	0	1615
AF	0	0.559068	7651	5172	2479	1576	0	0	1576
AF	0	0.560732	7372	4985	2387	1576	0	0	1576
AF	0	0.562396	7017	4700	2317	1573	0	0	1573
AF	0	0.564060	6977	4621	2356	1552	0	0	1552
AF	0	0.565724	7175	4905	2270	1533	0	0	1533
AF	0	0.567388	7051	4733	2318	1517	0	0	1517
AF	0	0.569052	7527	5098	2429	1638	0	0	1638
AF	0	0.570715	6941	4637	2304	1559	0	0	1559
AF	0	0.572379	6505	4366	2139	1443	0	0	1443
AF	0	0.574043	7473	5066	2407	1585	0	0	1585
AF	0	0.575707	6787	4593	2194	1510	0	0	1510
AF	0	0.577371	7755	5199	2556	1658	0	0	1658
AF	0	0.579035	7246	4921	2325	1515	0	0	1515
AF	0	0.580699	6949	4693	2256	1524	0	0	1524
AF	0	0.582363	7067	4710	2357	1504	0	0	1504
AF	0	0.584027	6912	4632	2280	1460	0	0	1460
AF	0	0.585691	6516	4426	2090	1364	0	0	1364
AF	0	0.587354	6840	4619	2221	1455	0	0	1455
AF	0	0.589018	6468	4359	2109	1382	0	0	1382
AF	0	0.590682	6635	4377	2258	1459	0	0	1459
AF	0	0.592346	6837	4594	2243	1459	0	0	1459
AF	0	0.594010	6663	4478	2185	1437	0	0	1437
AF	0	0.595674	6821	4594	2227	1387	0	0	1387
AF	0	0.597338	6699	4499	2200	1418	0	0	1418
AF	0	0.599002	7088	4764	2324	1400	0	0	1400
AF	0	0.600666	6820	4546	2274	1453	0	0	1453
AF	0	0.602329	6458	4299	2159	1383	0	0	1383
AF	0	0.603993	7062	4744	2318	1456	0	0	1456
AF	0	0.605657	6274	4211	2063	1325	0	0	1325
AF	0	0.607321	6296	4280	2016	1330	0	0	1330
AF	0	0.608985	6899	4735	2164	1381	0	0	1381
AF	0	0.610649	6703	4615	2088	1352	0	0	1352
AF	0	0.612313	7088	4869	2219	1370	0	0	1370
AF	0	0.613977	7036	4769	2267	1399	0	0	1399
AF	0	0.615641	7254	4894	2360	1438	0	0	1438
AF	0	0.617304	6812	4580	2232	1325	0	0	1325
AF	0	0.618968	6375	4299	2076	1292	0	0	1292
AF	0	0.620632	6571	4331	2240	1444	0	0	1444
AF	0	0.622296	6458	4332	2126	1376	0	0	1376
AF	0	0.623960	6836	4627	2209	1379	0	0	1379
AF	0	0.625624	6219	4143	2076	1303	0	0	1303
AF	0	0.627288	7018	4723	2295	1401	0	0	1401
AF	0	0.628952	6860	4632	2228	1325	0	0	1325
AF	0	0.630616	6518	4368	2150	1309	0	0	1309
AF	0	0.632280	6495	4462	2033	1266	0	0	1266
AF	0	0.633943	6165	4216	1949	1261	0	0	1261
AF	0	0.635607	6288	4190	2098	1216	0	0	1216
AF	0	0.637271	6143	4094	2049	1227	0	0	1227
AF	0	0.638935	6497	4397	2100	1275	0	0	1275
AF	0	0.640599	6290	4287	2003	1233	0	0	1233
AF	0	0.642263	6482	4349	2133	1229	0	0	1229
AF	0	0.643927	6068	4119	1949	1227	0	0	1227
AF	0	0.645591	6240	4144	2096	1278	0	0	1278
AF	0	0.647255	6458	4368	2090	1259	0	0	1259
AF	0	0.648918	6534	4347	2187	1241	0	0	1241
AF	0	0.650582	6356	4209	2147	1179	0	0	1179
AF	0	0.652246	5801	3883	1918	1198	0	0	1198
AF	0	0.653910	6099	4110	1989	1158	0	0	1158
AF	0	0.655574	6245	4190	2055	1181	0	0	1181
AF	0	0.657238	6004	4003	2001	1180	0	0	1180
AF	0	0.658902	5537	3682	1855	1079	0	0	1079
AF	0	0.660566	6183	4135	2048	1200	0	0	1200
AF	0	0.662230	5974	3984	1990	1172	0	0	1172
AF	0	0.663894	6082	4081	2001	1184	0	0	1184
AF	0	0.665557	6047	4066	1981	1195	0	0	1195
AF	0	0.667221	6052	4037	2015	1115	0	0	1115
AF	0	0.668885	6118	4120	1998	1224	0	0	1224
AF	0	0.670549	5908	3977	1931	1154	0	0	1154
AF	0	0.672213	5981	4022	1959	1129	0	0	1129
AF	0	0.673877	5740	3880	1860	1085	0	0	1085
AF	0	0.675541	5831	3905	1926	1109	0	0	1109
AF	0	0.677205	6178	4154	2024	1158	0	0	1158
AF	0	0.678869	5937	3963	1974	1169	0	0	1169
AF	0	0.680532	5802	3925	1877	1087	0	0	1087
AF	0	0.682196	5751	3828	1923	1046	0	0	1046
AF	0	0.683860	5701	3827	1874	1125	0	0	1125
AF	0	0.685524	5765	3895	1870	1107	0	0	1107
AF	0	0.687188	6147	4127	2020	1171	0	0	1171
AF	0	0.688852	5798	3912	1886	1073	0	0	1073
AF	0	0.690516	5810	3933	1877	1062	0	0	1062
AF	0	0.692180	5672	3843	1829	1038	0	0	1038
AF	0	0.693844	5639	3875	1764	1120	0	0	1120
AF	0	0.695507	6055	4076	1979	1089	0	0	1089
AF	0	0.697171	5945	3971	1974	1076	0	0	1076
AF	0	0.698835	6325	4268	2057	1116	0	0	1116
AF	0	0.700499	5805	3899	1906	1056	0	0	1056
AF	0	0.702163	5682	3910	1772	1053	0	0	1053
AF	0	0.703827	5404	3619	1785	1027	0	0	1027
AF	0	0.705491	5808	3868	1940	1051	0	0	1051
AF	0	0.707155	5663	3729	1934	1005	0	0	1005
AF	0	0.708819	5835	3949	1886	1046	0	0	1046
AF	0	0.710483	5700	3814	1886	1021	0	0	1021
AF	0	0.712146	5890	3865	2025	991	0	0	991
AF	0	0.713810	5610	3815	1795	1031	0	0	1031
AF	0	0.715474	5482	3681	1801	990	0	0	990
AF	0	0.717138	5877	3863	2014	973	0	0	973
AF	0	0.718802	5286	3617	1669	936	0	0	936
AF	0	0.720466	5515	3754	1761	934	0	0	934
AF	0	0.722130	5487	3725	1762	942	0	0	942
AF	0	0.723794	5028	3365	1663	938	0	0	938
AF	0	0.725458	5027	3353	1674	966	0	0	966
AF	0	0.727121	5067	3404	1663	932	0	0	932
AF	0	0.728785	4822	3195	1627	926	0	0	926
AF	0	0.730449	5411	3629	1782	968	0	0	968
AF	0	0.732113	5304	3592	1712	930	0	0	930
AF	0	0.733777	5208	3480	1728	977	0	0	977
AF	0	0.735441	5593	3750	1843	967	0	0	967
AF	0	0.737105	5564	3774	1790	943	0	0	943
AF	0	0.738769	5163	3425	1738	925	0	0	925
AF	0	0.740433	5661	3769	1892	951	0	0	951
AF	0	0.742097	5282	3573	1709	923	0	0	923
AF	0	0.743760	5365	3609	1756	908	0	0	908
AF	0	0.745424	5483	3727	1756	947	0	0	947
AF	0	0.747088	5593	3746	1847	902	0	0	902
AF	0	0.748752	5221	3528	1693	898	0	0	898
AF	0	0.750416	5028	3320	1708	900	0	0	900
AF	0	0.752080	5747	3882	1865	903	0	0	903
AF	0	0.753744	5724	3838	1886	949	0	0	949
AF	0	0.755408	5565	3776	1789	909	0	0	909
AF	0	0.757072	5120	3388	1732	853	0	0	853
AF	0	0.758735	5236	3519	1717	908	0	0	908
AF	0	0.760399	4643	3164	1479	823	0	0	823
AF	0	0.762063	4608	3095	1513	804	0	0	804
AF	0	0.763727	4873	3291	1582	860	0	0	860
AF	0	0.765391	5219	3503	1716	856	0	0	856
AF	0	0.767055	5017	3384	1633	867	0	0	867
AF	0	0.768719	5133	3438	1695	856	0	0	856
AF	0	0.770383	5082	3374	1708	850	0	0	850
AF	0	0.772047	5206	3522	1684	834	0	0	834
AF	0	0.773710	5170	3478	1692	834	0	0	834
AF	0	0.775374	4958	3304	1654	867	0	0	867
AF	0	0.777038	4698	3167	1531	799	0	0	799
AF	0	0.778702	4889	3356	1533	796	0	0	796
AF	0	0.780366	4598	3079	1519	725	0	0	725
AF	0	0.782030	4649	3080	1569	777	0	0	777
AF	0	0.783694	4426	2973	1453	765	0	0	765
AF	0	0.785358	4769	3173	1596	751	0	0	751
AF	0	0.787022	4751	3199	1552	790	0	0	790
AF	0	0.788686	4802	3243	1559	803	0	0	803
AF	0	0.790349	4211	2886	1325	755	0	0	755
AF	0	0.792013	4564	3153	1411	800	0	0	800
AF	0	0.793677	5059	3435	1624	830	0	0	830
AF	0	0.795341	4464	2986	1478	736	0	0	736
AF	0	0.797005	4563	3050	1513	712	0	0	712
AF	0	0.798669	4354	2935	1419	745	0	0	745
AF	0	0.800333	4386	2992	1394	741	0	0	741
AF	0	0.801997	4303	2934	1369	735	0	0	735
AF	0	0.803661	4476	2996	1480	734	0	0	734
AF	0	0.805324	4498	3046	1452	689	0	0	689
AF	0	0.806988	4426	3028	1398	727	0	0	727
AF	0	0.808652	4823	3295	1528	798	0	0	798
AF	0	0.810316	4326	2908	1418	733	0	0	733
AF	0	0.811980	4104	2693	1411	706	0	0	706
AF	0	0.813644	4384	2986	1398	688	0	0	688
AF	0	0.815308	4150	2824	1326	698	0	0	698
AF	0	0.816972	4097	2745	1352	687	0	0	687
AF	0	0.818636	4293	2903	1390	662	0	0	662
AF	0	0.820300	4212	2843	1369	718	0	0	718
AF	0	0.821963	4219	2869	1350	691	0	0	691
AF	0	0.823627	4533	3101	1432	707	0	0	707
AF	0	0.825291	4410	2950	1460	669	0	0	669
AF	0	0.826955	4078	2776	1302	664	0	0	664
AF	0	0.828619	3951	2652	1299	611	0	0	611
AF	0	0.830283	4118	2738	1380	636	0	0	636
AF	0	0.831947	3717	2502	1215	633	0	0	633
AF	0	0.833611	3873	2559	1314	607	0	0	607
AF	0	0.835275	3936	2657	1279	636	0	0	636
AF	0	0.836938	3965	2675	1290	612	0	0	612
AF	0	0.838602	4301	2962	1339	615	0	0	615
AF	0	0.840266	4220	2844	1376	632	0	0	632
AF	0	0.841930	3670	2516	1154	544	0	0	544
AF	0	0.843594	3902	2627	1275	630	0	0	630
AF	0	0.845258	3687	2483	1204	605	0	0	605
AF	0	0.846922	4002	2716	1286	638	0	0	638
AF	0	0.848586	4039	2727	1312	624	0	0	624
AF	0	0.850250	4329	2882	1447	695	0	0	695
AF	0	0.851913	3849	2576	1273	608	0	0	608
AF	0	0.853577	3598	2437	1161	564	0	0	564
AF	0	0.855241	4080	2753	1327	619	0	0	619
AF	0	0.856905	4014	2737	1277	560	0	0	560
AF	0	0.858569	3686	2444	1242	558	0	0	558
AF	0	0.860233	3602	2461	1141	576	0	0	576
AF	0	0.861897	3979	2637	1342	662	0	0	662
AF	0	0.863561	4259	2852	1407	644	0	0	644
AF	0	0.865225	3892	2638	1254	580	0	0	580
AF	0	0.866889	3873	2658	1215	588	0	0	588
AF	0	0.868552	3861	2614	1247	577	0	0	577
AF	0	0.870216	4133	2810	1323	588	0	0	588
AF	0	0.871880	3646	2448	1198	559	0	0	559
AF	0	0.873544	3643	2480	1163	533	0	0	533
AF	0	0.875208	3761	2544	1217	578	0	0	578
AF	0	0.876872	3715	2489	1226	552	0	0	552
AF	0	0.878536	3472	2345	1127	541	0	0	541
AF	0	0.880200	3913	2578	1335	559	0	0	559
AF	0	0.881864	3868	2607	1261	559	0	0	559
AF	0	0.883527	3878	2587	1291	556	0	0	556
AF	0	0.885191	3706	2526	1180	522	0	0	522
AF	0	0.886855	3494	2340	1154	551	0	0	551
AF	0	0.888519	3783	2543	1240	538	0	0	538
AF	0	0.890183	3917	2681	1236	539	0	0	539
AF	0	0.891847	4030	2751	1279	549	0	0	549
AF	0	0.893511	3637	2475	1162	500	0	0	500
AF	0	0.895175	3454	2375	1079	483	0	0	483
AF	0	0.896839	3512	2344	1168	534	0	0	534
AF	0	0.898502	3400	2278	1122	520	0	0	520
AF	0	0.900166	3541	2450	1091	523	0	0	523
AF	0	0.901830	3655	2380	1275	551	0	0	551
AF	0	0.903494	3400	2250	1150	504	0	0	504
AF	0	0.905158	3522	2420	1102	510	0	0	510
AF	0	0.906822	3053	2077	976	474	0	0	474
AF	0	0.908486	3287	2220	1067	458	0	0	458
AF	0	0.910150	3657	2507	1150	493	0	0	493
AF	0	0.911814	3373	2305	1068	459	0	0	459
AF	0	0.913478	3026	2106	920	433	0	0	433
AF	0	0.915141	3429	2336	1093	457	0	0	457
AF	0	0.916805	3186	2205	981	457	0	0	457
AF	0	0.918469	3365	2321	1044	494	0	0	494
AF	0	0.920133	2975	2010	965	454	0	0	454
AF	0	0.921797	2832	1932	900	472	0	0	472
AF	0	0.923461	3189	2196	993	466	0	0	466
AF	0	0.925125	2793	1937	856	432	0	0	432
AF	0	0.926789	2780	1915	865	421	0	0	421
AF	0	0.928453	3362	2286	1076	425	0	0	425
AF	0	0.930116	3226	2186	1040	446	0	0	446
AF	0	0.931780	3166	2190	976	434	0	0	434
AF	0	0.933444	3093	2071	1022	466	0	0	466
AF	0	0.935108	2732	1823	909	435	0	0	435
AF	0	0.936772	3054	2042	1012	406	0	0	406
AF	0	0.938436	2671	1824	847	383	0	0	383
AF	0	0.940100	3326	2258	1068	435	0	0	435
AF	0	0.941764	2669	1821	848	395	0	0	395
AF	0	0.943428	2554	1776	778	375	0	0	375
AF	0	0.945092	2583	1791	792	392	0	0	392
AF	0	0.946755	3125	2139	986	435	0	0	435
AF	0	0.948419	2998	2008	990	412	0	0	412
AF	0	0.950083	2868	1991	877	379	0	0	379
AF	0	0.951747	2798	1892	906	332	0	0	332
AF	0	0.953411	2679	1807	872	382	0	0	382
AF	0	0.955075	2669	1799	870	344	0	0	344
AF	0	0.956739	2752	1836	916	366	0	0	366
AF	0	0.958403	2592	1738	854	347	0	0	347
AF	0	0.960067	2948	1997	951	359	0	0	359
AF	0	0.961730	2499	1680	819	325	0	0	325
AF	0	0.963394	2778	1927	851	372	0	0	372
AF	0	0.965058	2720	1837	883	382	0	0	382
AF	0	0.966722	2866	1922	944	347	0	0	347
AF	0	0.968386	2816	1905	911	364	0	0	364
AF	0	0.970050	2812	1881	931	408	0	0	408
AF	0	0.971714	2994	2057	937	387	0	0	387
AF	0	0.973378	2865	1928	937	369	0	0	369
AF	0	0.975042	3285	2210	1075	399	0	0	399
AF	0	0.976705	3204	2200	1004	417	0	0	417
AF	0	0.978369	2864	1955	909	368	0	0	368
AF	0	0.980033	2797	1865	932	396	0	0	396
AF	0	0.981697	3323	2264	1059	431	0	0	431
AF	0	0.983361	3022	2094	928	354	0	0	354
AF	0	0.985025	3562	2410	1152	397	0	0	397
AF	0	0.986689	3882	2659	1223	435	0	0	435
AF	0	0.988353	4029	2803	1226	427	0	0	427
AF	0	0.990017	4056	2779	1277	484	0	0	484
AF	0	0.991681	4930	3452	1478	558	0	0	558
AF	0	0.993344	5392	3774	1618	606	0	0	606
AF	0	0.995008	6637	4606	2031	694	0	0	694
AF	0	0.996672	8867	6176	2691	898	0	0	898
AF	0	0.998336	22201	14717	7484	1508	0	0	1508
# IDD, InDel distribution
# IDD	[2]id	[3]length (deletions negative)	[4]number of sites	[5]number of genotypes	[6]mean VAF
IDD	0	-60	81323
IDD	0	-59	1420
IDD	0	-58	2054
IDD	0	-57	1593
IDD	0	-56	2537
IDD	0	-55	2071
IDD	0	-54	2832
IDD	0	-53	1745
IDD	0	-52	2943
IDD	0	-51	2106
IDD	0	-50	3738
IDD	0	-49	2597
IDD	0	-48	4286
IDD	0	-47	2369
IDD	0	-46	3662
IDD	0	-45	3648
IDD	0	-44	4806
IDD	0	-43	3040
IDD	0	-42	5582
IDD	0	-41	3568
IDD	0	-40	7939
IDD	0	-39	4448
IDD	0	-38	6466
IDD	0	-37	5016
IDD	0	-36	9166
IDD	0	-35	6813
IDD	0	-34	9285
IDD	0	-33	6951
IDD	0	-32	12983
IDD	0	-31	7656
IDD	0	-30	15884
IDD	0	-29	9562
IDD	0	-28	18916
IDD	0	-27	12792
IDD	0	-26	20222
IDD	0	-25	17018
IDD	0	-24	30833
IDD	0	-23	17672
IDD	0	-22	27898
IDD	0	-21	21565
IDD	0	-20	48716
IDD	0	-19	25766
IDD	0	-18	46288
IDD	0	-17	31924
IDD	0	-16	68505
IDD	0	-15	57967
IDD	0	-14	71235
IDD	0	-13	54431
IDD	0	-12	127005
IDD	0	-11	72563
IDD	0	-10	145966
IDD	0	-9	98771
IDD	0	-8	197501
IDD	0	-7	135035
IDD	0	-6	273589
IDD	0	-5	378366
IDD	0	-4	1004207
IDD	0	-3	848981
IDD	0	-2	1494331
IDD	0	-1	3402409
IDD	0	1	2821329
IDD	0	2	1130354
IDD	0	3	439241
IDD	0	4	561469
IDD	0	5	207947
IDD	0	6	221984
IDD	0	7	79904
IDD	0	8	179141
IDD	0	9	63015
IDD	0	10	102411
IDD	0	11	36278
IDD	0	12	92106
IDD	0	13	27062
IDD	0	14	43595
IDD	0	15	37017
IDD	0	16	49924
IDD	0	17	20196
IDD	0	18	34545
IDD	0	19	17749
IDD	0	20	38352
IDD	0	21	16634
IDD	0	22	21345
IDD	0	23	13742
IDD	0	24	24831
IDD	0	25	14310
IDD	0	26	17352
IDD	0	27	10876
IDD	0	28	16603
IDD	0	29	8914
IDD	0	30	15121
IDD	0	31	7412
IDD	0	32	12164
IDD	0	33	6493
IDD	0	34	9100
IDD	0	35	6251
IDD	0	36	8763
IDD	0	37	4778
IDD	0	38	6530
IDD	0	39	4243
IDD	0	40	6818
IDD	0	41	3156
IDD	0	42	5218
IDD	0	43	3282
IDD	0	44	4404
IDD	0	45	3219
IDD	0	46	3701
IDD	0	47	2375
IDD	0	48	4167
IDD	0	49	2738
IDD	0	50	3803
IDD	0	51	2251
IDD	0	52	3298
IDD	0	53	1830
IDD	0	54	3126
IDD	0	55	2033
IDD	0	56	2885
IDD	0	57	1746
IDD	0	58	2367
IDD	0	59	1850
IDD	0	60	54160
# ST, Substitution types
# ST	[2]id	[3]type	[4]count
ST	0	A>C	4188156
ST	0	A>G	14206262
ST	0	A>T	4005697
ST	0	C>A	5436384
ST	0	C>G	4742333
ST	0	C>T	20344289
ST	0	G>A	20380769
ST	0	G>C	4731174
ST	0	G>T	5416627
ST	0	T>A	4042321
ST	0	T>C	14157289
ST	0	T>G	4186959
# DP, Depth distribution
# DP	[2]id	[3]bin	[4]number of genotypes	[5]fraction of genotypes (%)	[6]number of sites	[7]fraction of sites (%)
DP	0	1	0	0	3	2.64237285505163e-06
DP	0	2	0	0	27	2.37813556954647e-05
DP	0	3	0	0	19	1.67350280819937e-05
DP	0	4	0	0	27	2.37813556954647e-05
DP	0	5	0	0	19	1.67350280819937e-05
DP	0	6	0	0	35	3.08276833089357e-05
DP	0	7	0	0	33	2.9066101405568e-05
DP	0	8	0	0	26	2.29005647437808e-05
DP	0	9	0	0	35	3.08276833089357e-05
DP	0	10	0	0	45	3.96355928257745e-05
DP	0	11	0	0	27	2.37813556954647e-05
DP	0	12	0	0	42	3.69932199707229e-05
DP	0	13	0	0	41	3.6112429019039e-05
DP	0	14	0	0	30	2.64237285505163e-05
DP	0	15	0	0	44	3.87548018740906e-05
DP	0	16	0	0	32	2.81853104538841e-05
DP	0	17	0	0	39	3.43508471156712e-05
DP	0	18	0	0	40	3.52316380673551e-05
DP	0	19	0	0	42	3.69932199707229e-05
DP	0	20	0	0	39	3.43508471156712e-05
DP	0	21	0	0	37	3.25892652123035e-05
DP	0	22	0	0	39	3.43508471156712e-05
DP	0	23	0	0	41	3.6112429019039e-05
DP	0	24	0	0	42	3.69932199707229e-05
DP	0	25	0	0	38	3.34700561639874e-05
DP	0	26	0	0	37	3.25892652123035e-05
DP	0	27	0	0	38	3.34700561639874e-05
DP	0	28	0	0	38	3.34700561639874e-05
DP	0	29	0	0	40	3.52316380673551e-05
DP	0	30	0	0	46	4.05163837774584e-05
DP	0	31	0	0	39	3.43508471156712e-05
DP	0	32	0	0	36	3.17084742606196e-05
DP	0	33	0	0	37	3.25892652123035e-05
DP	0	34	0	0	44	3.87548018740906e-05
DP	0	35	0	0	49	4.315875663251e-05
DP	0	36	0	0	35	3.08276833089357e-05
DP	0	37	0	0	45	3.96355928257745e-05
DP	0	38	0	0	32	2.81853104538841e-05
DP	0	39	0	0	38	3.34700561639874e-05
DP	0	40	0	0	35	3.08276833089357e-05
DP	0	41	0	0	42	3.69932199707229e-05
DP	0	42	0	0	44	3.87548018740906e-05
DP	0	43	0	0	34	2.99468923572518e-05
DP	0	44	0	0	48	4.22779656808261e-05
DP	0	45	0	0	38	3.34700561639874e-05
DP	0	46	0	0	41	3.6112429019039e-05
DP	0	47	0	0	34	2.99468923572518e-05
DP	0	48	0	0	45	3.96355928257745e-05
DP	0	49	0	0	46	4.05163837774584e-05
DP	0	50	0	0	35	3.08276833089357e-05
DP	0	51	0	0	30	2.64237285505163e-05
DP	0	52	0	0	33	2.9066101405568e-05
DP	0	53	0	0	28	2.46621466471486e-05
DP	0	54	0	0	38	3.34700561639874e-05
DP	0	55	0	0	39	3.43508471156712e-05
DP	0	56	0	0	31	2.73045195022002e-05
DP	0	57	0	0	35	3.08276833089357e-05
DP	0	58	0	0	40	3.52316380673551e-05
DP	0	59	0	0	33	2.9066101405568e-05
DP	0	60	0	0	23	2.02581918887292e-05
DP	0	61	0	0	36	3.17084742606196e-05
DP	0	62	0	0	44	3.87548018740906e-05
DP	0	63	0	0	31	2.73045195022002e-05
DP	0	64	0	0	33	2.9066101405568e-05
DP	0	65	0	0	29	2.55429375988325e-05
DP	0	66	0	0	36	3.17084742606196e-05
DP	0	67	0	0	37	3.25892652123035e-05
DP	0	68	0	0	39	3.43508471156712e-05
DP	0	69	0	0	37	3.25892652123035e-05
DP	0	70	0	0	36	3.17084742606196e-05
DP	0	71	0	0	34	2.99468923572518e-05
DP	0	72	0	0	42	3.69932199707229e-05
DP	0	73	0	0	29	2.55429375988325e-05
DP	0	74	0	0	33	2.9066101405568e-05
DP	0	75	0	0	43	3.78740109224067e-05
DP	0	76	0	0	26	2.29005647437808e-05
DP	0	77	0	0	30	2.64237285505163e-05
DP	0	78	0	0	35	3.08276833089357e-05
DP	0	79	0	0	38	3.34700561639874e-05
DP	0	80	0	0	30	2.64237285505163e-05
DP	0	81	0	0	42	3.69932199707229e-05
DP	0	82	0	0	30	2.64237285505163e-05
DP	0	83	0	0	30	2.64237285505163e-05
DP	0	84	0	0	30	2.64237285505163e-05
DP	0	85	0	0	27	2.37813556954647e-05
DP	0	86	0	0	43	3.78740109224067e-05
DP	0	87	0	0	27	2.37813556954647e-05
DP	0	88	0	0	42	3.69932199707229e-05
DP	0	89	0	0	31	2.73045195022002e-05
DP	0	90	0	0	25	2.20197737920969e-05
DP	0	91	0	0	30	2.64237285505163e-05
DP	0	92	0	0	36	3.17084742606196e-05
DP	0	93	0	0	24	2.11389828404131e-05
DP	0	94	0	0	38	3.34700561639874e-05
DP	0	95	0	0	22	1.93774009370453e-05
DP	0	96	0	0	48	4.22779656808261e-05
DP	0	97	0	0	27	2.37813556954647e-05
DP	0	98	0	0	38	3.34700561639874e-05
DP	0	99	0	0	34	2.99468923572518e-05
DP	0	100	0	0	38	3.34700561639874e-05
DP	0	101	0	0	35	3.08276833089357e-05
DP	0	102	0	0	32	2.81853104538841e-05
DP	0	103	0	0	29	2.55429375988325e-05
DP	0	104	0	0	34	2.99468923572518e-05
DP	0	105	0	0	33	2.9066101405568e-05
DP	0	106	0	0	35	3.08276833089357e-05
DP	0	107	0	0	49	4.315875663251e-05
DP	0	108	0	0	27	2.37813556954647e-05
DP	0	109	0	0	25	2.20197737920969e-05
DP	0	110	0	0	41	3.6112429019039e-05
DP	0	111	0	0	26	2.29005647437808e-05
DP	0	112	0	0	36	3.17084742606196e-05
DP	0	113	0	0	33	2.9066101405568e-05
DP	0	114	0	0	30	2.64237285505163e-05
DP	0	115	0	0	40	3.52316380673551e-05
DP	0	116	0	0	26	2.29005647437808e-05
DP	0	117	0	0	26	2.29005647437808e-05
DP	0	118	0	0	32	2.81853104538841e-05
DP	0	119	0	0	30	2.64237285505163e-05
DP	0	120	0	0	31	2.73045195022002e-05
DP	0	121	0	0	33	2.9066101405568e-05
DP	0	122	0	0	31	2.73045195022002e-05
DP	0	123	0	0	38	3.34700561639874e-05
DP	0	124	0	0	41	3.6112429019039e-05
DP	0	125	0	0	35	3.08276833089357e-05
DP	0	126	0	0	23	2.02581918887292e-05
DP	0	127	0	0	29	2.55429375988325e-05
DP	0	128	0	0	33	2.9066101405568e-05
DP	0	129	0	0	29	2.55429375988325e-05
DP	0	130	0	0	29	2.55429375988325e-05
DP	0	131	0	0	26	2.29005647437808e-05
DP	0	132	0	0	26	2.29005647437808e-05
DP	0	133	0	0	36	3.17084742606196e-05
DP	0	134	0	0	24	2.11389828404131e-05
DP	0	135	0	0	28	2.46621466471486e-05
DP	0	136	0	0	19	1.67350280819937e-05
DP	0	137	0	0	26	2.29005647437808e-05
DP	0	138	0	0	36	3.17084742606196e-05
DP	0	139	0	0	30	2.64237285505163e-05
DP	0	140	0	0	42	3.69932199707229e-05
DP	0	141	0	0	28	2.46621466471486e-05
DP	0	142	0	0	26	2.29005647437808e-05
DP	0	143	0	0	20	1.76158190336776e-05
DP	0	144	0	0	30	2.64237285505163e-05
DP	0	145	0	0	25	2.20197737920969e-05
DP	0	146	0	0	27	2.37813556954647e-05
DP	0	147	0	0	31	2.73045195022002e-05
DP	0	148	0	0	27	2.37813556954647e-05
DP	0	149	0	0	43	3.78740109224067e-05
DP	0	150	0	0	27	2.37813556954647e-05
DP	0	151	0	0	28	2.46621466471486e-05
DP	0	152	0	0	34	2.99468923572518e-05
DP	0	153	0	0	24	2.11389828404131e-05
DP	0	154	0	0	33	2.9066101405568e-05
DP	0	155	0	0	25	2.20197737920969e-05
DP	0	156	0	0	20	1.76158190336776e-05
DP	0	157	0	0	35	3.08276833089357e-05
DP	0	158	0	0	31	2.73045195022002e-05
DP	0	159	0	0	24	2.11389828404131e-05
DP	0	160	0	0	24	2.11389828404131e-05
DP	0	161	0	0	19	1.67350280819937e-05
DP	0	162	0	0	26	2.29005647437808e-05
DP	0	163	0	0	29	2.55429375988325e-05
DP	0	164	0	0	27	2.37813556954647e-05
DP	0	165	0	0	19	1.67350280819937e-05
DP	0	166	0	0	36	3.17084742606196e-05
DP	0	167	0	0	35	3.08276833089357e-05
DP	0	168	0	0	29	2.55429375988325e-05
DP	0	169	0	0	32	2.81853104538841e-05
DP	0	170	0	0	24	2.11389828404131e-05
DP	0	171	0	0	23	2.02581918887292e-05
DP	0	172	0	0	23	2.02581918887292e-05
DP	0	173	0	0	23	2.02581918887292e-05
DP	0	174	0	0	16	1.4092655226942e-05
DP	0	175	0	0	32	2.81853104538841e-05
DP	0	176	0	0	25	2.20197737920969e-05
DP	0	177	0	0	25	2.20197737920969e-05
DP	0	178	0	0	16	1.4092655226942e-05
DP	0	179	0	0	25	2.20197737920969e-05
DP	0	180	0	0	27	2.37813556954647e-05
DP	0	181	0	0	18	1.58542371303098e-05
DP	0	182	0	0	20	1.76158190336776e-05
DP	0	183	0	0	26	2.29005647437808e-05
DP	0	184	0	0	29	2.55429375988325e-05
DP	0	185	0	0	23	2.02581918887292e-05
DP	0	186	0	0	31	2.73045195022002e-05
DP	0	187	0	0	23	2.02581918887292e-05
DP	0	188	0	0	21	1.84966099853614e-05
DP	0	189	0	0	31	2.73045195022002e-05
DP	0	190	0	0	29	2.55429375988325e-05
DP	0	191	0	0	29	2.55429375988325e-05
DP	0	192	0	0	33	2.9066101405568e-05
DP	0	193	0	0	22	1.93774009370453e-05
DP	0	194	0	0	26	2.29005647437808e-05
DP	0	195	0	0	24	2.11389828404131e-05
DP	0	196	0	0	28	2.46621466471486e-05
DP	0	197	0	0	20	1.76158190336776e-05
DP	0	198	0	0	23	2.02581918887292e-05
DP	0	199	0	0	26	2.29005647437808e-05
DP	0	200	0	0	21	1.84966099853614e-05
DP	0	201	0	0	26	2.29005647437808e-05
DP	0	202	0	0	13	1.14502823718904e-05
DP	0	203	0	0	27	2.37813556954647e-05
DP	0	204	0	0	25	2.20197737920969e-05
DP	0	205	0	0	26	2.29005647437808e-05
DP	0	206	0	0	20	1.76158190336776e-05
DP	0	207	0	0	27	2.37813556954647e-05
DP	0	208	0	0	16	1.4092655226942e-05
DP	0	209	0	0	30	2.64237285505163e-05
DP	0	210	0	0	18	1.58542371303098e-05
DP	0	211	0	0	26	2.29005647437808e-05
DP	0	212	0	0	23	2.02581918887292e-05
DP	0	213	0	0	28	2.46621466471486e-05
DP	0	214	0	0	19	1.67350280819937e-05
DP	0	215	0	0	21	1.84966099853614e-05
DP	0	216	0	0	19	1.67350280819937e-05
DP	0	217	0	0	25	2.20197737920969e-05
DP	0	218	0	0	18	1.58542371303098e-05
DP	0	219	0	0	18	1.58542371303098e-05
DP	0	220	0	0	24	2.11389828404131e-05
DP	0	221	0	0	19	1.67350280819937e-05
DP	0	222	0	0	18	1.58542371303098e-05
DP	0	223	0	0	19	1.67350280819937e-05
DP	0	224	0	0	28	2.46621466471486e-05
DP	0	225	0	0	30	2.64237285505163e-05
DP	0	226	0	0	14	1.23310733235743e-05
DP	0	227	0	0	17	1.49734461786259e-05
DP	0	228	0	0	30	2.64237285505163e-05
DP	0	229	0	0	21	1.84966099853614e-05
DP	0	230	0	0	23	2.02581918887292e-05
DP	0	231	0	0	18	1.58542371303098e-05
DP	0	232	0	0	16	1.4092655226942e-05
DP	0	233	0	0	22	1.93774009370453e-05
DP	0	234	0	0	22	1.93774009370453e-05
DP	0	235	0	0	25	2.20197737920969e-05
DP	0	236	0	0	22	1.93774009370453e-05
DP	0	237	0	0	23	2.02581918887292e-05
DP	0	238	0	0	24	2.11389828404131e-05
DP	0	239	0	0	21	1.84966099853614e-05
DP	0	240	0	0	29	2.55429375988325e-05
DP	0	241	0	0	16	1.4092655226942e-05
DP	0	242	0	0	32	2.81853104538841e-05
DP	0	243	0	0	26	2.29005647437808e-05
DP	0	244	0	0	21	1.84966099853614e-05
DP	0	245	0	0	23	2.02581918887292e-05
DP	0	246	0	0	18	1.58542371303098e-05
DP	0	247	0	0	26	2.29005647437808e-05
DP	0	248	0	0	20	1.76158190336776e-05
DP	0	249	0	0	23	2.02581918887292e-05
DP	0	250	0	0	21	1.84966099853614e-05
DP	0	251	0	0	18	1.58542371303098e-05
DP	0	252	0	0	14	1.23310733235743e-05
DP	0	253	0	0	14	1.23310733235743e-05
DP	0	254	0	0	24	2.11389828404131e-05
DP	0	255	0	0	24	2.11389828404131e-05
DP	0	256	0	0	31	2.73045195022002e-05
DP	0	257	0	0	18	1.58542371303098e-05
DP	0	258	0	0	22	1.93774009370453e-05
DP	0	259	0	0	27	2.37813556954647e-05
DP	0	260	0	0	22	1.93774009370453e-05
DP	0	261	0	0	23	2.02581918887292e-05
DP	0	262	0	0	18	1.58542371303098e-05
DP	0	263	0	0	13	1.14502823718904e-05
DP	0	264	0	0	24	2.11389828404131e-05
DP	0	265	0	0	24	2.11389828404131e-05
DP	0	266	0	0	24	2.11389828404131e-05
DP	0	267	0	0	17	1.49734461786259e-05
DP	0	268	0	0	26	2.29005647437808e-05
DP	0	269	0	0	21	1.84966099853614e-05
DP	0	270	0	0	17	1.49734461786259e-05
DP	0	271	0	0	30	2.64237285505163e-05
DP	0	272	0	0	22	1.93774009370453e-05
DP	0	273	0	0	27	2.37813556954647e-05
DP	0	274	0	0	18	1.58542371303098e-05
DP	0	275	0	0	21	1.84966099853614e-05
DP	0	276	0	0	23	2.02581918887292e-05
DP	0	277	0	0	15	1.32118642752582e-05
DP	0	278	0	0	22	1.93774009370453e-05
DP	0	279	0	0	25	2.20197737920969e-05
DP	0	280	0	0	23	2.02581918887292e-05
DP	0	281	0	0	22	1.93774009370453e-05
DP	0	282	0	0	29	2.55429375988325e-05
DP	0	283	0	0	22	1.93774009370453e-05
DP	0	284	0	0	27	2.37813556954647e-05
DP	0	285	0	0	19	1.67350280819937e-05
DP	0	286	0	0	17	1.49734461786259e-05
DP	0	287	0	0	25	2.20197737920969e-05
DP	0	288	0	0	23	2.02581918887292e-05
DP	0	289	0	0	20	1.76158190336776e-05
DP	0	290	0	0	24	2.11389828404131e-05
DP	0	291	0	0	22	1.93774009370453e-05
DP	0	292	0	0	20	1.76158190336776e-05
DP	0	293	0	0	18	1.58542371303098e-05
DP	0	294	0	0	14	1.23310733235743e-05
DP	0	295	0	0	24	2.11389828404131e-05
DP	0	296	0	0	11	9.68870046852265e-06
DP	0	297	0	0	14	1.23310733235743e-05
DP	0	298	0	0	27	2.37813556954647e-05
DP	0	299	0	0	9	7.9271185651549e-06
DP	0	300	0	0	15	1.32118642752582e-05
DP	0	301	0	0	14	1.23310733235743e-05
DP	0	302	0	0	26	2.29005647437808e-05
DP	0	303	0	0	23	2.02581918887292e-05
DP	0	304	0	0	14	1.23310733235743e-05
DP	0	305	0	0	23	2.02581918887292e-05
DP	0	306	0	0	19	1.67350280819937e-05
DP	0	307	0	0	15	1.32118642752582e-05
DP	0	308	0	0	17	1.49734461786259e-05
DP	0	309	0	0	29	2.55429375988325e-05
DP	0	310	0	0	14	1.23310733235743e-05
DP	0	311	0	0	19	1.67350280819937e-05
DP	0	312	0	0	21	1.84966099853614e-05
DP	0	313	0	0	23	2.02581918887292e-05
DP	0	314	0	0	20	1.76158190336776e-05
DP	0	315	0	0	11	9.68870046852265e-06
DP	0	316	0	0	19	1.67350280819937e-05
DP	0	317	0	0	19	1.67350280819937e-05
DP	0	318	0	0	23	2.02581918887292e-05
DP	0	319	0	0	14	1.23310733235743e-05
DP	0	320	0	0	19	1.67350280819937e-05
DP	0	321	0	0	20	1.76158190336776e-05
DP	0	322	0	0	14	1.23310733235743e-05
DP	0	323	0	0	26	2.29005647437808e-05
DP	0	324	0	0	23	2.02581918887292e-05
DP	0	325	0	0	14	1.23310733235743e-05
DP	0	326	0	0	28	2.46621466471486e-05
DP	0	327	0	0	15	1.32118642752582e-05
DP	0	328	0	0	22	1.93774009370453e-05
DP	0	329	0	0	23	2.02581918887292e-05
DP	0	330	0	0	22	1.93774009370453e-05
DP	0	331	0	0	19	1.67350280819937e-05
DP	0	332	0	0	21	1.84966099853614e-05
DP	0	333	0	0	17	1.49734461786259e-05
DP	0	334	0	0	24	2.11389828404131e-05
DP	0	335	0	0	26	2.29005647437808e-05
DP	0	336	0	0	25	2.20197737920969e-05
DP	0	337	0	0	19	1.67350280819937e-05
DP	0	338	0	0	23	2.02581918887292e-05
DP	0	339	0	0	16	1.4092655226942e-05
DP	0	340	0	0	11	9.68870046852265e-06
DP	0	341	0	0	26	2.29005647437808e-05
DP	0	342	0	0	14	1.23310733235743e-05
DP	0	343	0	0	13	1.14502823718904e-05
DP	0	344	0	0	18	1.58542371303098e-05
DP	0	345	0	0	14	1.23310733235743e-05
DP	0	346	0	0	24	2.11389828404131e-05
DP	0	347	0	0	16	1.4092655226942e-05
DP	0	348	0	0	13	1.14502823718904e-05
DP	0	349	0	0	18	1.58542371303098e-05
DP	0	350	0	0	17	1.49734461786259e-05
DP	0	351	0	0	12	1.05694914202065e-05
DP	0	352	0	0	14	1.23310733235743e-05
DP	0	353	0	0	17	1.49734461786259e-05
DP	0	354	0	0	17	1.49734461786259e-05
DP	0	355	0	0	19	1.67350280819937e-05
DP	0	356	0	0	16	1.4092655226942e-05
DP	0	357	0	0	16	1.4092655226942e-05
DP	0	358	0	0	17	1.49734461786259e-05
DP	0	359	0	0	19	1.67350280819937e-05
DP	0	360	0	0	13	1.14502823718904e-05
DP	0	361	0	0	12	1.05694914202065e-05
DP	0	362	0	0	10	8.80790951683878e-06
DP	0	363	0	0	13	1.14502823718904e-05
DP	0	364	0	0	19	1.67350280819937e-05
DP	0	365	0	0	17	1.49734461786259e-05
DP	0	366	0	0	19	1.67350280819937e-05
DP	0	367	0	0	16	1.4092655226942e-05
DP	0	368	0	0	16	1.4092655226942e-05
DP	0	369	0	0	19	1.67350280819937e-05
DP	0	370	0	0	25	2.20197737920969e-05
DP	0	371	0	0	17	1.49734461786259e-05
DP	0	372	0	0	21	1.84966099853614e-05
DP	0	373	0	0	22	1.93774009370453e-05
DP	0	374	0	0	15	1.32118642752582e-05
DP	0	375	0	0	12	1.05694914202065e-05
DP	0	376	0	0	19	1.67350280819937e-05
DP	0	377	0	0	21	1.84966099853614e-05
DP	0	378	0	0	24	2.11389828404131e-05
DP	0	379	0	0	20	1.76158190336776e-05
DP	0	380	0	0	14	1.23310733235743e-05
DP	0	381	0	0	18	1.58542371303098e-05
DP	0	382	0	0	13	1.14502823718904e-05
DP	0	383	0	0	20	1.76158190336776e-05
DP	0	384	0	0	10	8.80790951683878e-06
DP	0	385	0	0	20	1.76158190336776e-05
DP	0	386	0	0	17	1.49734461786259e-05
DP	0	387	0	0	12	1.05694914202065e-05
DP	0	388	0	0	16	1.4092655226942e-05
DP	0	389	0	0	14	1.23310733235743e-05
DP	0	390	0	0	16	1.4092655226942e-05
DP	0	391	0	0	25	2.20197737920969e-05
DP	0	392	0	0	16	1.4092655226942e-05
DP	0	393	0	0	15	1.32118642752582e-05
DP	0	394	0	0	13	1.14502823718904e-05
DP	0	395	0	0	22	1.93774009370453e-05
DP	0	396	0	0	17	1.49734461786259e-05
DP	0	397	0	0	18	1.58542371303098e-05
DP	0	398	0	0	16	1.4092655226942e-05
DP	0	399	0	0	17	1.49734461786259e-05
DP	0	400	0	0	19	1.67350280819937e-05
DP	0	401	0	0	17	1.49734461786259e-05
DP	0	402	0	0	23	2.02581918887292e-05
DP	0	403	0	0	19	1.67350280819937e-05
DP	0	404	0	0	13	1.14502823718904e-05
DP	0	405	0	0	15	1.32118642752582e-05
DP	0	406	0	0	24	2.11389828404131e-05
DP	0	407	0	0	12	1.05694914202065e-05
DP	0	408	0	0	9	7.9271185651549e-06
DP	0	409	0	0	20	1.76158190336776e-05
DP	0	410	0	0	12	1.05694914202065e-05
DP	0	411	0	0	23	2.02581918887292e-05
DP	0	412	0	0	17	1.49734461786259e-05
DP	0	413	0	0	12	1.05694914202065e-05
DP	0	414	0	0	15	1.32118642752582e-05
DP	0	415	0	0	19	1.67350280819937e-05
DP	0	416	0	0	14	1.23310733235743e-05
DP	0	417	0	0	18	1.58542371303098e-05
DP	0	418	0	0	14	1.23310733235743e-05
DP	0	419	0	0	16	1.4092655226942e-05
DP	0	420	0	0	19	1.67350280819937e-05
DP	0	421	0	0	21	1.84966099853614e-05
DP	0	422	0	0	19	1.67350280819937e-05
DP	0	423	0	0	13	1.14502823718904e-05
DP	0	424	0	0	10	8.80790951683878e-06
DP	0	425	0	0	21	1.84966099853614e-05
DP	0	426	0	0	14	1.23310733235743e-05
DP	0	427	0	0	22	1.93774009370453e-05
DP	0	428	0	0	18	1.58542371303098e-05
DP	0	429	0	0	17	1.49734461786259e-05
DP	0	430	0	0	18	1.58542371303098e-05
DP	0	431	0	0	13	1.14502823718904e-05
DP	0	432	0	0	21	1.84966099853614e-05
DP	0	433	0	0	20	1.76158190336776e-05
DP	0	434	0	0	15	1.32118642752582e-05
DP	0	435	0	0	13	1.14502823718904e-05
DP	0	436	0	0	20	1.76158190336776e-05
DP	0	437	0	0	17	1.49734461786259e-05
DP	0	438	0	0	19	1.67350280819937e-05
DP	0	439	0	0	14	1.23310733235743e-05
DP	0	440	0	0	16	1.4092655226942e-05
DP	0	441	0	0	18	1.58542371303098e-05
DP	0	442	0	0	19	1.67350280819937e-05
DP	0	443	0	0	16	1.4092655226942e-05
DP	0	444	0	0	14	1.23310733235743e-05
DP	0	445	0	0	14	1.23310733235743e-05
DP	0	446	0	0	15	1.32118642752582e-05
DP	0	447	0	0	20	1.76158190336776e-05
DP	0	448	0	0	11	9.68870046852265e-06
DP	0	449	0	0	21	1.84966099853614e-05
DP	0	450	0	0	15	1.32118642752582e-05
DP	0	451	0	0	16	1.4092655226942e-05
DP	0	452	0	0	25	2.20197737920969e-05
DP	0	453	0	0	13	1.14502823718904e-05
DP	0	454	0	0	9	7.9271185651549e-06
DP	0	455	0	0	18	1.58542371303098e-05
DP	0	456	0	0	14	1.23310733235743e-05
DP	0	457	0	0	17	1.49734461786259e-05
DP	0	458	0	0	14	1.23310733235743e-05
DP	0	459	0	0	15	1.32118642752582e-05
DP	0	460	0	0	20	1.76158190336776e-05
DP	0	461	0	0	21	1.84966099853614e-05
DP	0	462	0	0	12	1.05694914202065e-05
DP	0	463	0	0	21	1.84966099853614e-05
DP	0	464	0	0	13	1.14502823718904e-05
DP	0	465	0	0	13	1.14502823718904e-05
DP	0	466	0	0	16	1.4092655226942e-05
DP	0	467	0	0	23	2.02581918887292e-05
DP	0	468	0	0	12	1.05694914202065e-05
DP	0	469	0	0	9	7.9271185651549e-06
DP	0	470	0	0	16	1.4092655226942e-05
DP	0	471	0	0	12	1.05694914202065e-05
DP	0	472	0	0	16	1.4092655226942e-05
DP	0	473	0	0	18	1.58542371303098e-05
DP	0	474	0	0	12	1.05694914202065e-05
DP	0	475	0	0	11	9.68870046852265e-06
DP	0	476	0	0	10	8.80790951683878e-06
DP	0	477	0	0	15	1.32118642752582e-05
DP	0	478	0	0	18	1.58542371303098e-05
DP	0	479	0	0	14	1.23310733235743e-05
DP	0	480	0	0	12	1.05694914202065e-05
DP	0	481	0	0	21	1.84966099853614e-05
DP	0	482	0	0	14	1.23310733235743e-05
DP	0	483	0	0	12	1.05694914202065e-05
DP	0	484	0	0	17	1.49734461786259e-05
DP	0	485	0	0	12	1.05694914202065e-05
DP	0	486	0	0	18	1.58542371303098e-05
DP	0	487	0	0	12	1.05694914202065e-05
DP	0	488	0	0	14	1.23310733235743e-05
DP	0	489	0	0	19	1.67350280819937e-05
DP	0	490	0	0	15	1.32118642752582e-05
DP	0	491	0	0	15	1.32118642752582e-05
DP	0	492	0	0	9	7.9271185651549e-06
DP	0	493	0	0	12	1.05694914202065e-05
DP	0	494	0	0	19	1.67350280819937e-05
DP	0	495	0	0	14	1.23310733235743e-05
DP	0	496	0	0	14	1.23310733235743e-05
DP	0	497	0	0	9	7.9271185651549e-06
DP	0	498	0	0	15	1.32118642752582e-05
DP	0	499	0	0	12	1.05694914202065e-05
DP	0	500	0	0	16	1.4092655226942e-05
DP	0	>500	0	0	113522398	99.9895009718559
# QUAL, Stats by quality
# QUAL	[2]id	[3]Quality	[4]number of SNPs	[5]number of transitions (1st ALT)	[6]number of transversions (1st ALT)	[7]number of indels
QUAL	0	30	49027	21529	25417	4312
QUAL	0	31	50147	21145	25926	4157
QUAL	0	32	27915	10153	15034	3505
QUAL	0	33	51886	22870	26505	4637
QUAL	0	34	44995	18896	23094	4007
QUAL	0	35	26366	9682	14081	3366
QUAL	0	36	52717	23361	26893	4638
QUAL	0	37	40601	17038	20805	3983
QUAL	0	38	25787	9879	13353	3348
QUAL	0	39	53189	23921	26795	4422
QUAL	0	40	37173	15820	18703	3720
QUAL	0	41	24571	9268	12931	3164
QUAL	0	42	52407	23704	26319	4410
QUAL	0	43	34262	14646	17012	3731
QUAL	0	44	23762	9153	12200	3205
QUAL	0	45	51103	23222	25548	4368
QUAL	0	46	33590	14403	16587	3648
QUAL	0	47	23452	9210	11938	3111
QUAL	0	48	49737	22449	24874	4367
QUAL	0	49	33687	14464	16587	3519
QUAL	0	50	24569	9651	12273	3058
QUAL	0	51	48973	21844	24487	4034
QUAL	0	52	33574	14446	16380	3357
QUAL	0	53	23782	9582	11684	2783
QUAL	0	54	45858	20728	22720	3840
QUAL	0	55	32846	14653	15847	3174
QUAL	0	56	22786	9490	11091	2754
QUAL	0	57	42176	18912	21097	3743
QUAL	0	58	33159	14738	16111	2981
QUAL	0	59	22074	9118	10951	2617
QUAL	0	60	39224	17641	19446	3569
QUAL	0	61	33138	15023	16063	3036
QUAL	0	62	22146	9438	10783	2529
QUAL	0	63	35996	16263	17809	3379
QUAL	0	64	33907	15542	16362	2911
QUAL	0	65	21203	9171	10246	2479
QUAL	0	66	33960	15489	16644	3323
QUAL	0	67	33650	15448	16275	2871
QUAL	0	68	21364	9343	10205	2497
QUAL	0	69	31351	14370	15171	3251
QUAL	0	70	34303	16004	16465	2859
QUAL	0	71	20692	8940	10031	2451
QUAL	0	72	29780	13598	14396	3182
QUAL	0	73	34615	16196	16611	2932
QUAL	0	74	20680	9000	9896	2299
QUAL	0	75	28356	13292	13387	3071
QUAL	0	76	34556	16206	16590	2908
QUAL	0	77	20407	9010	9735	2381
QUAL	0	78	27701	13170	12911	3233
QUAL	0	79	34995	16512	16772	2774
QUAL	0	80	20290	9087	9604	2408
QUAL	0	81	27106	12828	12657	3110
QUAL	0	82	34112	16149	16268	2771
QUAL	0	83	19937	8923	9394	2315
QUAL	0	84	26862	12918	12321	3174
QUAL	0	85	33865	16248	15927	2645
QUAL	0	86	19374	8680	9185	2293
QUAL	0	87	26572	12682	12279	3049
QUAL	0	88	32962	15802	15500	2657
QUAL	0	89	19062	8534	9062	2186
QUAL	0	90	26351	12852	12117	3107
QUAL	0	91	32681	15716	15361	2558
QUAL	0	92	18841	8561	8703	2145
QUAL	0	93	26699	12774	12350	2970
QUAL	0	94	31860	15444	14726	2452
QUAL	0	95	18721	8478	8722	2074
QUAL	0	96	27639	13426	12720	3051
QUAL	0	97	30635	15334	13668	2444
QUAL	0	98	18464	8526	8491	2097
QUAL	0	99	26629	12692	12496	2910
QUAL	0	100	31114	15539	14032	2375
QUAL	0	101	18506	8721	8400	2096
QUAL	0	102	26814	12945	12439	2873
QUAL	0	103	30114	15194	13424	2455
QUAL	0	104	18710	8946	8369	2026
QUAL	0	105	27829	13541	12915	2904
QUAL	0	106	28839	14725	12674	2354
QUAL	0	107	19066	9213	8450	2108
QUAL	0	108	28019	13798	12929	2771
QUAL	0	109	28389	14521	12358	2433
QUAL	0	110	19454	9642	8480	1945
QUAL	0	111	28612	13856	13425	2905
QUAL	0	112	27139	14079	11642	2453
QUAL	0	113	20014	9928	8656	2173
QUAL	0	114	29701	14574	13784	2912
QUAL	0	115	25901	13483	11019	2359
QUAL	0	116	20431	10322	8758	2019
QUAL	0	117	29724	14842	13476	2886
QUAL	0	118	24619	12781	10438	2398
QUAL	0	119	21564	10800	9386	1993
QUAL	0	120	30700	15609	13776	2869
QUAL	0	121	23171	11947	9833	2521
QUAL	0	122	22258	11556	9438	1992
QUAL	0	123	30927	15927	13647	2846
QUAL	0	124	22459	11487	9641	2353
QUAL	0	125	23285	11928	10041	2049
QUAL	0	126	31643	16372	13948	2957
QUAL	0	127	21155	10789	9016	2397
QUAL	0	128	24251	12501	10419	2027
QUAL	0	129	32243	16987	13937	2934
QUAL	0	130	20480	10547	8656	2293
QUAL	0	131	25152	12995	10854	2033
QUAL	0	132	32925	17763	13859	2899
QUAL	0	133	20477	10761	8502	2368
QUAL	0	134	25861	13401	11224	1994
QUAL	0	135	33472	18306	13853	3019
QUAL	0	136	20304	10625	8388	2365
QUAL	0	137	27193	14139	11759	1925
QUAL	0	138	34007	19043	13705	2937
QUAL	0	139	20181	10581	8295	2301
QUAL	0	140	28064	14502	12319	1987
QUAL	0	141	33201	18635	13279	2846
QUAL	0	142	21017	11083	8739	2413
QUAL	0	143	28937	15281	12503	2022
QUAL	0	144	32566	18450	12841	2807
QUAL	0	145	22042	11853	8967	2384
QUAL	0	146	30086	15813	13109	1911
QUAL	0	147	31219	17494	12428	2934
QUAL	0	148	22824	12371	9158	2356
QUAL	0	149	32186	17129	13808	2150
QUAL	0	150	29154	16315	11610	2824
QUAL	0	151	23362	12664	9396	2476
QUAL	0	152	33580	18167	14217	2049
QUAL	0	153	27239	15315	10726	2819
QUAL	0	154	24021	13066	9706	2520
QUAL	0	155	36270	19815	15215	2150
QUAL	0	156	25420	14152	10055	2911
QUAL	0	157	24951	13745	9926	2503
QUAL	0	158	38607	21398	15950	2147
QUAL	0	159	23680	13091	9441	2896
QUAL	0	160	25872	14229	10438	2513
QUAL	0	161	41339	23594	16442	2235
QUAL	0	162	22702	12378	9150	2997
QUAL	0	163	26170	14411	10539	2565
QUAL	0	164	44272	25508	17562	2263
QUAL	0	165	21758	11977	8665	2958
QUAL	0	166	27107	14947	10975	2503
QUAL	0	167	46557	27408	17917	2242
QUAL	0	168	22295	12190	8919	3025
QUAL	0	169	27480	15033	11229	2504
QUAL	0	170	48399	28663	18548	2285
QUAL	0	171	22714	12602	8992	2988
QUAL	0	172	28805	15927	11698	2604
QUAL	0	173	49282	29354	18685	2343
QUAL	0	174	23558	13157	9204	3171
QUAL	0	175	30618	16939	12387	2455
QUAL	0	176	48625	29150	18211	2340
QUAL	0	177	24988	14117	9650	3128
QUAL	0	178	32185	17931	13098	2489
QUAL	0	179	46687	28006	17483	2348
QUAL	0	180	26172	14864	10105	3159
QUAL	0	181	35065	19612	14213	2581
QUAL	0	182	43662	26089	16380	2513
QUAL	0	183	26809	15411	10169	3207
QUAL	0	184	38402	21868	15268	2629
QUAL	0	185	39970	23801	14997	2532
QUAL	0	186	27698	16052	10485	3118
QUAL	0	187	42777	24640	16908	2621
QUAL	0	188	36692	21807	13731	2540
QUAL	0	189	28313	16527	10581	3165
QUAL	0	190	47441	27869	18321	2621
QUAL	0	191	34075	19850	13030	2572
QUAL	0	192	28528	16539	10803	3192
QUAL	0	193	52262	30970	20004	2676
QUAL	0	194	32277	18638	12483	2743
QUAL	0	195	28803	16926	10690	3222
QUAL	0	196	57573	34741	21584	2636
QUAL	0	197	31876	18400	12307	2736
QUAL	0	198	28956	16936	10816	3410
QUAL	0	199	62412	37977	23153	2555
QUAL	0	200	32789	18971	12567	2751
QUAL	0	201	29035	17023	10841	3489
QUAL	0	202	65707	40487	23977	2601
QUAL	0	203	34719	20110	13353	2739
QUAL	0	204	29530	17363	11041	3671
QUAL	0	205	67196	41518	24457	2643
QUAL	0	206	38123	22318	14621	2888
QUAL	0	207	29394	17382	10921	3762
QUAL	0	208	66761	41573	23914	2780
QUAL	0	209	42009	24945	15904	2772
QUAL	0	210	29912	17479	11267	4075
QUAL	0	211	63732	39806	22689	2672
QUAL	0	212	46367	27505	17581	2786
QUAL	0	213	30282	17740	11452	4004
QUAL	0	214	59297	36742	21384	2726
QUAL	0	215	51645	31198	19233	2815
QUAL	0	216	31195	18388	11684	4106
QUAL	0	217	54045	33449	19376	2774
QUAL	0	218	57219	34716	21262	2813
QUAL	0	219	32980	19497	12314	4199
QUAL	0	220	49032	30302	17496	2839
QUAL	0	221	63710	39265	23198	2874
QUAL	0	222	34551	20685	12713	4121
QUAL	0	223	44029	26831	15965	2866
QUAL	0	224	70077	43273	25462	2914
QUAL	0	225	35776	21624	12978	4074
QUAL	0	226	40802	24866	14715	2908
QUAL	0	227	76094	47384	27404	3059
QUAL	0	228	38198	23109	13989	4073
QUAL	0	229	38961	23663	14133	3111
QUAL	0	230	81712	51254	29101	3025
QUAL	0	231	40683	24763	14665	3983
QUAL	0	232	38418	23132	14149	3115
QUAL	0	233	86078	54226	30514	3135
QUAL	0	234	43212	26421	15549	3926
QUAL	0	235	39256	23640	14518	3151
QUAL	0	236	88209	55534	31376	3120
QUAL	0	237	44625	27593	15832	4089
QUAL	0	238	41486	25133	15236	3340
QUAL	0	239	87404	55137	30956	3197
QUAL	0	240	45892	28499	16247	4006
QUAL	0	241	44948	27326	16444	3428
QUAL	0	242	83960	53053	29613	3160
QUAL	0	243	47252	29373	16706	4089
QUAL	0	244	50125	30652	18302	3455
QUAL	0	245	77835	49075	27501	3406
QUAL	0	246	48251	30164	16960	4362
QUAL	0	247	56398	34546	20605	3537
QUAL	0	248	69880	44022	24679	3410
QUAL	0	249	48996	30434	17364	4499
QUAL	0	250	63879	39573	23059	3620
QUAL	0	251	61922	38778	21968	3595
QUAL	0	252	50325	31307	17777	4598
QUAL	0	253	73721	46300	26120	3655
QUAL	0	254	54035	33606	19219	3585
QUAL	0	255	52480	32754	18516	4683
QUAL	0	256	83041	52120	29591	3728
QUAL	0	257	45551	28114	16256	3645
QUAL	0	258	54840	34218	19533	4736
QUAL	0	259	94653	60006	33256	3871
QUAL	0	260	47105	29500	16467	3733
QUAL	0	261	52649	32454	18977	4718
QUAL	0	262	103388	65979	36054	3835
QUAL	0	263	49904	31120	17512	3671
QUAL	0	264	50669	31303	18246	4623
QUAL	0	265	110198	70325	38444	3857
QUAL	0	266	52329	32851	18296	3731
QUAL	0	267	51290	31585	18501	4644
QUAL	0	268	111996	71555	39097	3862
QUAL	0	269	55169	34511	19438	3688
QUAL	0	270	53917	33313	19490	4676
QUAL	0	271	111052	71086	38576	3947
QUAL	0	272	56963	35921	19798	3775
QUAL	0	273	57924	35873	20883	4858
QUAL	0	274	106166	67953	36836	3844
QUAL	0	275	58368	36999	20127	3890
QUAL	0	276	63855	39809	22795	4890
QUAL	0	277	97163	61938	33890	3920
QUAL	0	278	58976	37378	20396	3982
QUAL	0	279	72264	45271	25749	4946
QUAL	0	280	87640	55854	30470	4011
QUAL	0	281	58964	37540	20207	4125
QUAL	0	282	82730	52259	29165	5083
QUAL	0	283	76481	48627	26559	3982
QUAL	0	284	58641	37522	19966	4278
QUAL	0	285	96026	60845	33824	5448
QUAL	0	286	66854	42297	23275	4005
QUAL	0	287	58623	37082	20299	4410
QUAL	0	288	109865	70253	38248	5666
QUAL	0	289	59958	37876	20800	4055
QUAL	0	290	58795	37339	20227	4512
QUAL	0	291	122728	78459	42800	5889
QUAL	0	292	55308	34875	19228	4015
QUAL	0	293	58678	37280	20209	4474
QUAL	0	294	135118	86913	46741	6099
QUAL	0	295	54385	34099	19041	4101
QUAL	0	296	59651	37989	20465	4510
QUAL	0	297	142501	91722	49316	6118
QUAL	0	298	55413	34908	19214	4168
QUAL	0	299	60425	38068	21219	4439
QUAL	0	300	145560	93528	50548	6066
QUAL	0	301	56997	36190	19605	4242
QUAL	0	302	63949	40416	22262	4538
QUAL	0	303	144445	93287	49671	5911
QUAL	0	304	60079	38364	20421	4391
QUAL	0	305	67796	42790	23780	4634
QUAL	0	306	135578	87200	46858	5780
QUAL	0	307	62461	39755	21479	4352
QUAL	0	308	73882	46788	25860	4617
QUAL	0	309	123914	79795	42703	5571
QUAL	0	310	64488	41107	22158	4526
QUAL	0	311	82699	52583	28867	4674
QUAL	0	312	109542	70569	37601	5375
QUAL	0	313	66995	43183	22486	4614
QUAL	0	314	93223	59497	32445	4712
QUAL	0	315	95384	61128	32937	5380
QUAL	0	316	69265	44240	23719	4734
QUAL	0	317	106813	68657	36800	4740
QUAL	0	318	82769	52820	28657	5299
QUAL	0	319	69972	45116	23620	4901
QUAL	0	320	121368	78065	41918	4781
QUAL	0	321	74573	47154	26171	5355
QUAL	0	322	70919	45891	23747	5047
QUAL	0	323	136301	87988	46908	4822
QUAL	0	324	69950	44291	24417	5500
QUAL	0	325	70701	45853	23688	5119
QUAL	0	326	149318	96703	51130	4934
QUAL	0	327	69619	44180	24181	5999
QUAL	0	328	70726	45453	24088	5254
QUAL	0	329	157754	102258	54037	5017
QUAL	0	330	72617	46110	25223	6210
QUAL	0	331	70539	45538	23818	5467
QUAL	0	332	160752	104390	54924	5216
QUAL	0	333	78249	49777	27199	6435
QUAL	0	334	70047	44891	23944	5555
QUAL	0	335	156703	102060	53133	5043
QUAL	0	336	84909	54082	29444	6710
QUAL	0	337	69636	44714	23733	5360
QUAL	0	338	148824	96733	50690	5192
QUAL	0	339	93000	59572	32117	6806
QUAL	0	340	69147	44346	23595	5234
QUAL	0	341	136788	88774	46610	5114
QUAL	0	342	103257	66411	35484	6870
QUAL	0	343	69383	44456	23729	5037
QUAL	0	344	121810	79097	41309	5269
QUAL	0	345	115064	74277	39417	6626
QUAL	0	346	69937	44567	24164	4890
QUAL	0	347	106612	68951	36364	5364
QUAL	0	348	127560	82315	43840	6258
QUAL	0	349	72108	46312	24530	4799
QUAL	0	350	93538	60484	31814	5380
QUAL	0	351	139156	90223	47447	6220
QUAL	0	352	74416	47803	25327	4741
QUAL	0	353	83374	53883	28252	5583
QUAL	0	354	152031	98651	51910	5978
QUAL	0	355	77056	49678	26047	5016
QUAL	0	356	77214	49727	26334	5534
QUAL	0	357	161728	104852	55338	6092
QUAL	0	358	79980	51693	27038	4963
QUAL	0	359	74489	47872	25446	5624
QUAL	0	360	168809	109591	57707	6250
QUAL	0	361	82933	53628	27996	4983
QUAL	0	362	74929	48137	25613	5617
QUAL	0	363	164713	106571	56701	6686
QUAL	0	364	91817	59735	30761	5087
QUAL	0	365	76364	49016	26089	5437
QUAL	0	366	158674	102646	54478	7125
QUAL	0	367	95989	62708	31993	5183
QUAL	0	368	80845	52166	27509	5386
QUAL	0	369	148082	95660	50962	7751
QUAL	0	370	97398	64074	31991	5189
QUAL	0	371	85617	55039	29261	5516
QUAL	0	372	97295	62494	33525	8106
QUAL	0	373	136383	89523	45400	5230
QUAL	0	374	96931	62801	32885	5429
QUAL	0	375	86571	55709	29622	8471
QUAL	0	376	129979	85154	43441	5260
QUAL	0	377	108291	70104	36852	5048
QUAL	0	378	81580	52402	27985	8815
QUAL	0	379	118961	77509	40037	5148
QUAL	0	380	123033	80040	41630	5090
QUAL	0	381	80478	51778	27463	8883
QUAL	0	382	105489	68748	35387	5214
QUAL	0	383	138633	89804	47361	4957
QUAL	0	384	80704	51868	27582	8728
QUAL	0	385	94306	61214	31813	5438
QUAL	0	386	152682	99780	51458	4838
QUAL	0	387	82963	53572	28129	8625
QUAL	0	388	86899	56298	29362	5623
QUAL	0	389	164978	107456	55991	4888
QUAL	0	390	84125	54272	28566	8240
QUAL	0	391	80900	52317	27381	5594
QUAL	0	392	174619	113851	59245	4825
QUAL	0	393	87032	56554	29158	7869
QUAL	0	394	80459	51742	27536	5835
QUAL	0	395	175353	114438	59425	4615
QUAL	0	396	88163	57343	29475	7736
QUAL	0	397	81974	52901	27889	6129
QUAL	0	398	171031	111356	58162	4769
QUAL	0	399	88661	57588	29787	7398
QUAL	0	400	86906	56113	29575	6238
QUAL	0	401	160513	104705	54334	4804
QUAL	0	402	89087	57719	30095	7286
QUAL	0	403	93190	60171	31721	6465
QUAL	0	404	145811	94895	49558	4740
QUAL	0	405	89219	58251	29744	7565
QUAL	0	406	102867	66736	34842	6349
QUAL	0	407	128342	83208	43785	4956
QUAL	0	408	88920	57951	29712	7855
QUAL	0	409	115250	74756	39207	6195
QUAL	0	410	111913	72769	37868	5020
QUAL	0	411	88453	57560	29662	8355
QUAL	0	412	128934	83764	43795	6197
QUAL	0	413	96653	62744	32688	5143
QUAL	0	414	87892	57265	29499	8793
QUAL	0	415	144868	94703	48793	6033
QUAL	0	416	86037	55746	29052	4969
QUAL	0	417	87452	56567	29703	9049
QUAL	0	418	159105	104051	53618	5881
QUAL	0	419	79119	51250	26703	5013
QUAL	0	420	86653	56333	29178	9533
QUAL	0	421	170312	111317	57528	5675
QUAL	0	422	75515	48804	25485	5140
QUAL	0	423	86813	56026	29590	9749
QUAL	0	424	178011	116174	60379	5635
QUAL	0	425	74642	48450	24993	5176
QUAL	0	426	86779	56153	29447	9650
QUAL	0	427	178437	116994	59975	5708
QUAL	0	428	76620	49621	25755	5265
QUAL	0	429	87387	56378	29900	9142
QUAL	0	430	173654	113630	58565	5776
QUAL	0	431	78554	50839	26517	5334
QUAL	0	432	89883	57952	30745	8875
QUAL	0	433	162003	105769	54869	5778
QUAL	0	434	79768	51707	26864	5298
QUAL	0	435	94137	60872	32122	8206
QUAL	0	436	146155	95626	49202	5880
QUAL	0	437	81794	53240	27347	5392
QUAL	0	438	100641	65512	33906	7908
QUAL	0	439	129989	84664	44033	5856
QUAL	0	440	83812	54777	27817	5498
QUAL	0	441	110211	71555	37401	7994
QUAL	0	442	112828	73092	38497	6016
QUAL	0	443	85156	55696	28296	5472
QUAL	0	444	122045	79430	41385	7658
QUAL	0	445	97187	62926	33002	5871
QUAL	0	446	85769	56320	28326	5441
QUAL	0	447	134298	87490	45504	7860
QUAL	0	448	87602	56806	29679	5960
QUAL	0	449	86115	56535	28411	5391
QUAL	0	450	147027	96203	49517	8382
QUAL	0	451	82572	53377	28046	5875
QUAL	0	452	85902	56364	28397	5345
QUAL	0	453	156758	102422	52956	8977
QUAL	0	454	80383	52043	27200	5815
QUAL	0	455	84359	55098	28140	5380
QUAL	0	456	162534	106276	54847	9445
QUAL	0	457	81355	52857	27356	5763
QUAL	0	458	83413	54312	27999	5173
QUAL	0	459	162190	106140	54686	10050
QUAL	0	460	83650	53981	28506	5890
QUAL	0	461	81847	53390	27326	5222
QUAL	0	462	157792	103047	53339	10278
QUAL	0	463	88102	57381	29525	5822
QUAL	0	464	80249	52304	26866	5216
QUAL	0	465	147596	96469	49849	10219
QUAL	0	466	93283	60697	31439	5913
QUAL	0	467	78101	50924	26148	5238
QUAL	0	468	133779	87626	44883	10076
QUAL	0	469	100154	65258	33707	5786
QUAL	0	470	77046	50115	25853	5064
QUAL	0	471	119646	77767	40740	9725
QUAL	0	472	109265	71327	36706	5869
QUAL	0	473	76207	49555	25534	5172
QUAL	0	474	105183	68700	35311	9343
QUAL	0	475	117601	76745	39628	5839
QUAL	0	476	76525	49956	25516	4978
QUAL	0	477	93057	60324	31585	8917
QUAL	0	478	123836	81311	41306	5821
QUAL	0	479	78972	51825	26101	4902
QUAL	0	480	85336	55668	28606	8368
QUAL	0	481	129839	84753	43847	5929
QUAL	0	482	81784	53711	26931	5042
QUAL	0	483	79082	51456	26607	7995
QUAL	0	484	130205	85032	43932	5709
QUAL	0	485	87703	58084	28503	4736
QUAL	0	486	74962	48156	25718	8060
QUAL	0	487	114127	74344	38607	5838
QUAL	0	488	111430	73532	36722	4966
QUAL	0	489	72820	47013	24784	8315
QUAL	0	490	96831	63032	32633	5840
QUAL	0	491	129679	85729	42719	4894
QUAL	0	492	73928	47713	25219	8800
QUAL	0	493	88199	57722	29389	5848
QUAL	0	494	133056	87442	44357	5002
QUAL	0	495	76455	49268	26108	9298
QUAL	0	496	83008	54002	27895	5935
QUAL	0	497	127863	84084	42591	5235
QUAL	0	498	81412	52402	27923	9866
QUAL	0	499	79398	51654	26729	5784
QUAL	0	500	117976	77179	39678	5302
QUAL	0	501	87291	56369	29792	10502
QUAL	0	502	76221	49652	25555	5643
QUAL	0	503	106064	69346	35611	5404
QUAL	0	504	94959	61739	32130	10665
QUAL	0	505	73237	47704	24477	5624
QUAL	0	506	92723	60585	31151	5297
QUAL	0	507	105972	69302	35548	10688
QUAL	0	508	70997	46373	23663	5560
QUAL	0	509	81967	53539	27433	5343
QUAL	0	510	115022	75004	38853	10232
QUAL	0	511	70168	45768	23407	5418
QUAL	0	512	75733	49606	25148	5309
QUAL	0	513	122200	80013	41024	9598
QUAL	0	514	69951	45461	23424	5244
QUAL	0	515	71373	46747	23692	5473
QUAL	0	516	127048	83486	42461	9019
QUAL	0	517	69680	45695	22938	5182
QUAL	0	518	69579	45667	22940	5145
QUAL	0	519	128600	84397	43041	8395
QUAL	0	520	70491	46102	23377	5081
QUAL	0	521	69036	44857	23230	5394
QUAL	0	522	127972	83776	43000	7850
QUAL	0	523	70308	46121	23187	4962
QUAL	0	524	69278	45205	23111	5286
QUAL	0	525	122294	80034	41163	7704
QUAL	0	526	70825	46515	23324	5068
QUAL	0	527	70574	46070	23556	5410
QUAL	0	528	114445	74836	38558	7734
QUAL	0	529	70603	46343	23261	5055
QUAL	0	530	74187	48349	24822	5466
QUAL	0	531	105217	68666	35517	8156
QUAL	0	532	68719	45180	22582	5070
QUAL	0	533	78075	51071	26042	5500
QUAL	0	534	93826	60941	31823	8607
QUAL	0	535	69144	45544	22663	5323
QUAL	0	536	83652	54704	27977	5375
QUAL	0	537	83469	54309	28107	9258
QUAL	0	538	67714	44486	22355	5330
QUAL	0	539	91070	59421	30655	5451
QUAL	0	540	74514	48493	25091	10028
QUAL	0	541	67216	44083	22172	5315
QUAL	0	542	97523	63987	32508	5255
QUAL	0	543	68554	44204	23391	10225
QUAL	0	544	66289	43564	21870	5298
QUAL	0	545	103970	68332	34612	5079
QUAL	0	546	64110	41368	21818	10589
QUAL	0	547	65615	42923	21723	5193
QUAL	0	548	108580	71378	36165	5104
QUAL	0	549	61401	39860	20617	10314
QUAL	0	550	64495	42102	21446	5064
QUAL	0	551	111053	72839	37195	4966
QUAL	0	552	60902	39307	20623	10042
QUAL	0	553	64045	41960	21179	4989
QUAL	0	554	110321	72629	36675	4689
QUAL	0	555	61086	39658	20479	9471
QUAL	0	556	63961	41812	21205	5079
QUAL	0	557	105248	68911	35301	4591
QUAL	0	558	60473	39454	20149	8755
QUAL	0	559	64204	42050	21309	4942
QUAL	0	560	97623	63926	32667	4657
QUAL	0	561	62572	40904	20799	8471
QUAL	0	562	66187	43450	21829	5005
QUAL	0	563	89003	58468	29556	4604
QUAL	0	564	62812	40892	21030	7788
QUAL	0	565	68438	44700	22804	5041
QUAL	0	566	80000	52323	26689	4693
QUAL	0	567	62521	40677	20950	7698
QUAL	0	568	72249	47096	24253	5046
QUAL	0	569	72436	47494	24072	4786
QUAL	0	570	61962	40285	20803	7639
QUAL	0	571	76543	50391	25269	5130
QUAL	0	572	65483	42787	21809	4819
QUAL	0	573	61674	40434	20370	7787
QUAL	0	574	82345	54230	27196	5069
QUAL	0	575	61139	39829	20450	4956
QUAL	0	576	61051	39727	20484	8322
QUAL	0	577	85625	56209	28474	5201
QUAL	0	578	58168	38032	19256	5060
QUAL	0	579	60944	39579	20508	8671
QUAL	0	580	88966	58341	29671	5015
QUAL	0	581	57146	37365	18882	5145
QUAL	0	582	60347	39253	20211	9260
QUAL	0	583	90484	59404	30138	5161
QUAL	0	584	56900	37124	18963	5030
QUAL	0	585	59740	38696	20252	9604
QUAL	0	586	88842	58272	29633	5034
QUAL	0	587	57682	37801	19057	5045
QUAL	0	588	59007	38283	19863	9566
QUAL	0	589	85136	56032	28190	4717
QUAL	0	590	59061	38591	19586	5084
QUAL	0	591	57855	37365	19630	9439
QUAL	0	592	80078	52765	26434	4610
QUAL	0	593	61174	39889	20443	4942
QUAL	0	594	56490	36586	19045	9191
QUAL	0	595	74499	48786	24822	4474
QUAL	0	596	62199	40718	20615	4981
QUAL	0	597	56125	36387	18933	8713
QUAL	0	598	68551	44957	22722	4495
QUAL	0	599	63507	41517	21161	4827
QUAL	0	600	56381	36811	18783	8137
QUAL	0	601	63239	41242	21164	4283
QUAL	0	602	64165	41857	21483	4684
QUAL	0	603	55147	36054	18332	7730
QUAL	0	604	58222	37991	19419	4499
QUAL	0	605	58802	38412	19559	4758
QUAL	0	606	66054	43028	22165	7183
QUAL	0	607	55382	36116	18504	4344
QUAL	0	608	57063	37580	18736	4640
QUAL	0	609	69711	45599	23228	7038
QUAL	0	610	53065	34427	17814	4674
QUAL	0	611	55977	36949	18263	4468
QUAL	0	612	73069	48033	24156	7116
QUAL	0	613	51664	33703	17139	4473
QUAL	0	614	55117	36102	18188	4502
QUAL	0	615	73849	48239	24766	7418
QUAL	0	616	50855	33095	17002	4526
QUAL	0	617	54424	35863	17800	4413
QUAL	0	618	73587	48210	24566	7857
QUAL	0	619	51365	33508	17066	4796
QUAL	0	620	53741	35374	17559	4384
QUAL	0	621	71392	46463	24089	8206
QUAL	0	622	51876	33860	17215	4820
QUAL	0	623	52267	34236	17291	4426
QUAL	0	624	66830	43523	22419	8689
QUAL	0	625	55386	36140	18447	4754
QUAL	0	626	51343	33661	16909	4195
QUAL	0	627	62605	40825	21022	9181
QUAL	0	628	57012	37289	18946	4745
QUAL	0	629	49633	32538	16356	4283
QUAL	0	630	59166	38646	19722	9209
QUAL	0	631	58814	38572	19474	4575
QUAL	0	632	49193	32193	16200	4138
QUAL	0	633	56068	36574	18733	9087
QUAL	0	634	60582	39546	20201	4484
QUAL	0	635	48355	31630	15978	4128
QUAL	0	636	53573	35077	17656	8645
QUAL	0	637	62207	40829	20535	4275
QUAL	0	638	47714	31431	15567	4100
QUAL	0	639	51338	33311	17293	8139
QUAL	0	640	63329	41489	21015	4352
QUAL	0	641	47106	30899	15470	3955
QUAL	0	642	49699	32411	16540	7587
QUAL	0	643	64108	42059	21238	4324
QUAL	0	644	46665	30416	15515	4020
QUAL	0	645	49535	32268	16554	7094
QUAL	0	646	64153	41910	21469	4377
QUAL	0	647	46017	30131	15129	3917
QUAL	0	648	48598	31654	16203	6679
QUAL	0	649	63863	41917	21132	4368
QUAL	0	650	45920	30295	14886	4058
QUAL	0	651	48873	31851	16260	6195
QUAL	0	652	61980	40452	20780	4329
QUAL	0	653	45675	29974	14975	4062
QUAL	0	654	49055	31879	16443	6294
QUAL	0	655	59174	38681	19726	4324
QUAL	0	656	45285	29743	14828	4174
QUAL	0	657	49803	32281	16782	6468
QUAL	0	658	57167	37233	19153	4372
QUAL	0	659	45658	29815	15151	4371
QUAL	0	660	51607	33528	17364	6731
QUAL	0	661	53683	35306	17663	4355
QUAL	0	662	45222	29729	14757	4412
QUAL	0	663	52754	34436	17636	7129
QUAL	0	664	51016	33366	16898	4334
QUAL	0	665	44904	29583	14683	4620
QUAL	0	666	54145	35217	18214	7647
QUAL	0	667	48334	31592	16038	4367
QUAL	0	668	44672	29311	14674	4377
QUAL	0	669	55082	35952	18399	7781
QUAL	0	670	46508	30343	15437	4226
QUAL	0	671	44566	29320	14545	4296
QUAL	0	672	57230	37310	19166	7972
QUAL	0	673	44655	29257	14727	4134
QUAL	0	674	44542	29231	14639	4119
QUAL	0	675	58240	37906	19613	7776
QUAL	0	676	44116	28861	14594	4039
QUAL	0	677	43956	28750	14534	4085
QUAL	0	678	57851	37683	19397	7569
QUAL	0	679	44238	28906	14600	3923
QUAL	0	680	44340	29230	14448	3879
QUAL	0	681	56937	37141	19005	7097
QUAL	0	682	43746	28652	14416	3883
QUAL	0	683	43995	28785	14514	3653
QUAL	0	684	56178	36806	18607	6589
QUAL	0	685	43013	28266	14025	3929
QUAL	0	686	44011	28861	14444	3619
QUAL	0	687	54514	35802	17987	6169
QUAL	0	688	42434	27815	13923	4039
QUAL	0	689	44544	29332	14540	3553
QUAL	0	690	53131	34726	17714	5953
QUAL	0	691	42820	27988	14189	3964
QUAL	0	692	44531	29294	14571	3605
QUAL	0	693	51086	33481	16930	5970
QUAL	0	694	42841	28111	14049	4048
QUAL	0	695	46086	30279	15113	3579
QUAL	0	696	49061	32024	16353	5819
QUAL	0	697	42636	27799	14195	4105
QUAL	0	698	46630	30691	15292	3566
QUAL	0	699	48012	31170	16154	6202
QUAL	0	700	42290	27886	13716	4269
QUAL	0	701	47510	31261	15541	3590
QUAL	0	702	46941	30665	15584	6270
QUAL	0	703	42104	27505	13919	4387
QUAL	0	704	47818	31587	15584	3721
QUAL	0	705	46567	30276	15643	6524
QUAL	0	706	42553	27951	13940	4161
QUAL	0	707	49058	32254	16135	3644
QUAL	0	708	45587	29701	15280	6847
QUAL	0	709	42324	27714	13954	4239
QUAL	0	710	48867	32014	16162	3739
QUAL	0	711	45055	29280	15119	7002
QUAL	0	712	42681	27880	14143	4057
QUAL	0	713	48834	32047	16105	3529
QUAL	0	714	45004	29299	15000	6849
QUAL	0	715	42642	27950	13975	3984
QUAL	0	716	48742	32014	16039	3450
QUAL	0	717	44768	29197	14887	6817
QUAL	0	718	41495	27161	13683	3850
QUAL	0	719	48315	31807	15829	3410
QUAL	0	720	43277	28187	14417	6606
QUAL	0	721	41761	27410	13668	3817
QUAL	0	722	47198	31174	15381	3408
QUAL	0	723	42365	27775	13953	6093
QUAL	0	724	42776	28125	14002	3700
QUAL	0	725	46382	30455	15262	3300
QUAL	0	726	41474	27082	13746	5774
QUAL	0	727	43571	28662	14299	3703
QUAL	0	728	45672	29970	15046	3317
QUAL	0	729	41977	27391	13952	5319
QUAL	0	730	43936	28860	14407	3759
QUAL	0	731	45008	29574	14791	3393
QUAL	0	732	41246	26986	13596	5115
QUAL	0	733	44564	29293	14588	3788
QUAL	0	734	44305	29148	14480	3315
QUAL	0	735	41071	26736	13685	5074
QUAL	0	736	44954	29399	14885	3803
QUAL	0	737	43962	28847	14473	3386
QUAL	0	738	41629	27356	13615	5013
QUAL	0	739	44919	29356	14869	3953
QUAL	0	740	43358	28528	14186	3357
QUAL	0	741	41825	27264	13966	5141
QUAL	0	742	44410	29255	14549	3882
QUAL	0	743	43935	28843	14392	3480
QUAL	0	744	41685	27286	13767	5470
QUAL	0	745	43988	28977	14346	3845
QUAL	0	746	43058	28101	14320	3407
QUAL	0	747	42118	27709	13777	5587
QUAL	0	748	44032	28855	14517	3869
QUAL	0	749	43188	28460	14078	3429
QUAL	0	750	42283	27789	13894	5836
QUAL	0	751	44000	28897	14442	3897
QUAL	0	752	42467	27880	13954	3390
QUAL	0	753	42324	27658	14018	5838
QUAL	0	754	43127	28391	14072	3602
QUAL	0	755	41957	27529	13789	3378
QUAL	0	756	41729	27265	13838	5938
QUAL	0	757	43089	28302	14180	3590
QUAL	0	758	41855	27563	13739	3345
QUAL	0	759	41753	27316	13817	5734
QUAL	0	760	42665	28053	14006	3585
QUAL	0	761	41751	27320	13837	3069
QUAL	0	762	42003	27311	14114	5660
QUAL	0	763	43425	28617	14228	3436
QUAL	0	764	42003	27607	13783	3099
QUAL	0	765	41413	27147	13655	5312
QUAL	0	766	42545	27912	13975	3540
QUAL	0	767	42505	27965	13904	3050
QUAL	0	768	41420	27203	13563	4987
QUAL	0	769	42304	27927	13775	3646
QUAL	0	770	41813	27532	13670	3042
QUAL	0	771	40675	26566	13482	4828
QUAL	0	772	42479	27973	13903	3619
QUAL	0	773	42916	28240	14083	2964
QUAL	0	774	40359	26498	13284	4539
QUAL	0	775	42464	27958	13886	3587
QUAL	0	776	42895	28189	14108	3115
QUAL	0	777	40107	26255	13223	4503
QUAL	0	778	41758	27339	13823	3565
QUAL	0	779	42732	28066	14084	3128
QUAL	0	780	40387	26578	13163	4638
QUAL	0	781	41869	27652	13612	3684
QUAL	0	782	42794	28232	13943	3181
QUAL	0	783	40103	26327	13210	4542
QUAL	0	784	40933	27013	13326	3707
QUAL	0	785	42524	27999	13939	3135
QUAL	0	786	40118	26396	13089	4709
QUAL	0	787	40747	26614	13469	3727
QUAL	0	788	42563	28085	13896	3195
QUAL	0	789	40683	26804	13274	5004
QUAL	0	790	40732	26616	13479	3583
QUAL	0	791	41903	27599	13654	3177
QUAL	0	792	40768	26984	13190	4941
QUAL	0	793	40660	26543	13516	3629
QUAL	0	794	41451	27201	13619	3088
QUAL	0	795	40832	26783	13454	5105
QUAL	0	796	40862	26810	13430	3536
QUAL	0	797	41503	27616	13319	3143
QUAL	0	798	41391	27139	13691	5186
QUAL	0	799	40914	26958	13384	3489
QUAL	0	800	41210	27128	13481	3114
QUAL	0	801	40699	26652	13451	4889
QUAL	0	802	41495	27535	13358	3412
QUAL	0	803	40648	26851	13215	3142
QUAL	0	804	40878	26861	13401	4696
QUAL	0	805	41569	27395	13583	3324
QUAL	0	806	40087	26357	13103	3037
QUAL	0	807	40621	26796	13172	4588
QUAL	0	808	42397	28030	13809	3333
QUAL	0	809	39234	25804	12849	2939
QUAL	0	810	40371	26538	13232	4439
QUAL	0	811	42609	28196	13849	3227
QUAL	0	812	38681	25637	12453	2915
QUAL	0	813	40397	26550	13262	4197
QUAL	0	814	42571	27986	14028	3269
QUAL	0	815	38286	25274	12425	2879
QUAL	0	816	39813	26345	12866	4253
QUAL	0	817	42979	28454	13968	3395
QUAL	0	818	38050	25040	12454	2972
QUAL	0	819	39733	26208	12966	4075
QUAL	0	820	42842	28296	13998	3330
QUAL	0	821	37891	25176	12103	2964
QUAL	0	822	39664	25932	13156	4053
QUAL	0	823	43386	28713	14079	3355
QUAL	0	824	37890	25066	12229	2898
QUAL	0	825	39514	25989	12920	4212
QUAL	0	826	42895	28205	14124	3343
QUAL	0	827	38074	25228	12262	2900
QUAL	0	828	39754	26056	13116	4195
QUAL	0	829	42672	28184	13910	3440
QUAL	0	830	38040	25100	12376	2922
QUAL	0	831	39857	26216	13085	4302
QUAL	0	832	42202	27797	13824	3392
QUAL	0	833	38736	25642	12551	2849
QUAL	0	834	40070	26416	13058	4262
QUAL	0	835	41755	27486	13694	3359
QUAL	0	836	38663	25405	12680	2797
QUAL	0	837	40528	26692	13304	4403
QUAL	0	838	40419	26548	13279	3356
QUAL	0	839	38703	25751	12364	2860
QUAL	0	840	40634	26558	13516	4445
QUAL	0	841	39551	26121	12878	3347
QUAL	0	842	39187	25767	12883	2871
QUAL	0	843	41209	27167	13478	4301
QUAL	0	844	38981	25707	12670	3255
QUAL	0	845	39068	25914	12599	2804
QUAL	0	846	41558	27376	13632	4204
QUAL	0	847	38173	25139	12479	3240
QUAL	0	848	38952	25633	12728	2852
QUAL	0	849	41855	27606	13644	3898
QUAL	0	850	37878	24964	12345	3281
QUAL	0	851	38440	25503	12353	2740
QUAL	0	852	42291	27871	13885	3831
QUAL	0	853	37159	24342	12266	3159
QUAL	0	854	38001	25175	12245	2719
QUAL	0	855	42348	27914	13868	3714
QUAL	0	856	36560	24258	11763	3277
QUAL	0	857	38009	25193	12274	2745
QUAL	0	858	42518	27801	14135	3580
QUAL	0	859	36909	24517	11824	3158
QUAL	0	860	37642	24679	12405	2693
QUAL	0	861	42420	27884	13951	3498
QUAL	0	862	36744	24208	12002	3337
QUAL	0	863	37512	24687	12235	2788
QUAL	0	864	41733	27569	13593	3608
QUAL	0	865	37264	24655	12058	3334
QUAL	0	866	37759	25122	12043	2657
QUAL	0	867	41617	27411	13665	3606
QUAL	0	868	38088	25230	12323	3372
QUAL	0	869	37815	24985	12323	2763
QUAL	0	870	41281	27192	13515	3602
QUAL	0	871	37404	24783	12070	3273
QUAL	0	872	38097	25163	12392	2784
QUAL	0	873	39524	26001	13012	3769
QUAL	0	874	38279	25500	12239	3197
QUAL	0	875	38312	25417	12343	2762
QUAL	0	876	38612	25282	12797	3729
QUAL	0	877	38424	25404	12430	3289
QUAL	0	878	38986	25929	12532	2706
QUAL	0	879	38345	25192	12628	3723
QUAL	0	880	38319	25454	12309	3152
QUAL	0	881	38707	25630	12529	2850
QUAL	0	882	38088	25037	12564	3813
QUAL	0	883	38161	25235	12355	3242
QUAL	0	884	38984	25838	12595	2824
QUAL	0	885	36928	24200	12164	3698
QUAL	0	886	37760	24933	12304	3112
QUAL	0	887	39059	25867	12635	2689
QUAL	0	888	36408	23959	11900	3607
QUAL	0	889	37983	25214	12220	3177
QUAL	0	890	39112	25853	12722	2761
QUAL	0	891	36588	24076	12002	3340
QUAL	0	892	37310	24696	12082	3155
QUAL	0	893	39281	25967	12760	2676
QUAL	0	894	36974	24393	12003	3294
QUAL	0	895	36980	24280	12156	3121
QUAL	0	896	38661	25612	12525	2668
QUAL	0	897	36820	24312	11994	3225
QUAL	0	898	36649	24346	11798	3183
QUAL	0	899	38631	25559	12552	2718
QUAL	0	900	37188	24732	11945	3226
QUAL	0	901	37025	24366	12117	3081
QUAL	0	902	38702	25716	12491	2714
QUAL	0	903	37332	24676	12108	3240
QUAL	0	904	36561	24099	11905	3126
QUAL	0	905	37307	24734	12056	2670
QUAL	0	906	37298	24689	12125	3103
QUAL	0	907	36349	24128	11678	3116
QUAL	0	908	37253	24522	12184	2666
QUAL	0	909	37204	24652	12020	3177
QUAL	0	910	36207	24032	11684	3212
QUAL	0	911	36184	23951	11679	2668
QUAL	0	912	37940	25123	12292	3257
QUAL	0	913	36341	23991	11839	3155
QUAL	0	914	36073	23969	11607	2613
QUAL	0	915	37509	24826	12168	3363
QUAL	0	916	36436	24116	11764	3279
QUAL	0	917	35880	23596	11717	2723
QUAL	0	918	37569	24886	12187	3246
QUAL	0	919	36462	24107	11839	3104
QUAL	0	920	35273	23360	11387	2562
QUAL	0	921	37489	24872	12101	3292
QUAL	0	922	36138	23907	11726	3226
QUAL	0	923	35098	23272	11362	2688
QUAL	0	924	37255	24586	12117	3179
QUAL	0	925	35762	23640	11614	2997
QUAL	0	926	35118	23214	11401	2668
QUAL	0	927	36533	24203	11833	3235
QUAL	0	928	36211	23994	11695	3216
QUAL	0	929	35377	23338	11508	2601
QUAL	0	930	36240	23929	11812	3031
QUAL	0	931	35904	23853	11525	3188
QUAL	0	932	35592	23509	11582	2541
QUAL	0	933	35050	23340	11212	3095
QUAL	0	934	35659	23574	11569	3141
QUAL	0	935	35719	23649	11548	2634
QUAL	0	936	34783	22973	11337	2968
QUAL	0	937	36231	24097	11603	3066
QUAL	0	938	36198	23936	11783	2611
QUAL	0	939	34276	22746	11041	2873
QUAL	0	940	34873	23009	11364	3127
QUAL	0	941	36149	23896	11705	2573
QUAL	0	942	33888	22452	10917	2857
QUAL	0	943	34566	22861	11202	3149
QUAL	0	944	36330	24197	11635	2488
QUAL	0	945	33609	22284	10825	2790
QUAL	0	946	33918	22549	10890	2952
QUAL	0	947	36405	24218	11687	2576
QUAL	0	948	33762	22346	10896	2755
QUAL	0	949	33769	22200	11046	3104
QUAL	0	950	36296	24115	11703	2574
QUAL	0	951	33654	22374	10773	2854
QUAL	0	952	33536	22066	11025	3090
QUAL	0	953	35988	23962	11541	2647
QUAL	0	954	33528	22210	10811	2813
QUAL	0	955	33688	22266	10877	3103
QUAL	0	956	35205	23316	11377	2601
QUAL	0	957	33434	22239	10681	2887
QUAL	0	958	33265	22011	10750	3057
QUAL	0	959	35246	23256	11469	2580
QUAL	0	960	33375	22135	10766	2957
QUAL	0	961	33590	22173	10941	3095
QUAL	0	962	34787	22962	11334	2521
QUAL	0	963	33144	21994	10693	2853
QUAL	0	964	33616	22316	10823	3189
QUAL	0	965	33914	22502	10893	2610
QUAL	0	966	33010	21907	10613	2882
QUAL	0	967	33809	22506	10804	2949
QUAL	0	968	33202	22008	10684	2467
QUAL	0	969	33035	21977	10558	2867
QUAL	0	970	34425	22726	11222	3006
QUAL	0	971	32884	21746	10659	2513
QUAL	0	972	33103	22029	10595	2770
QUAL	0	973	34165	22618	11040	2971
QUAL	0	974	31900	21145	10265	2519
QUAL	0	975	31956	21049	10429	2738
QUAL	0	976	34895	23165	11240	3132
QUAL	0	977	31340	20702	10149	2552
QUAL	0	978	31814	21064	10274	2670
QUAL	0	979	34787	23051	11269	3106
QUAL	0	980	31325	20814	10076	2488
QUAL	0	981	31432	20866	10091	2609
QUAL	0	982	34759	23114	11151	3040
QUAL	0	983	30846	20492	9907	2458
QUAL	0	984	31345	20631	10241	2540
QUAL	0	985	34757	22918	11358	3044
QUAL	0	986	31269	20772	10032	2487
QUAL	0	987	31291	20827	9981	2530
QUAL	0	988	34184	22815	10892	3093
QUAL	0	989	30948	20501	9981	2497
QUAL	0	990	31286	20692	10145	2676
QUAL	0	991	33841	22281	11083	3047
QUAL	0	992	30778	20396	9883	2572
QUAL	0	993	30666	20335	9854	2658
QUAL	0	994	32961	21822	10656	2924
QUAL	0	995	30774	20395	9926	2437
QUAL	0	996	31279	20608	10208	2601
QUAL	0	997	32640	21583	10632	3020
QUAL	0	998	46877903	30813029	14663442	6812241
