# This file was produced by plot-vcfstats, the command line was:
#   plot-vcfstats -m ./chm13_AFR/1kgp.chr1.recalibrated.snp_indel.pass.AFR.bcftools.stats.txt ./chm13_AFR/1kgp.chr10.recalibrated.snp_indel.pass.AFR.bcftools.stats.txt ./chm13_AFR/1kgp.chr11.recalibrated.snp_indel.pass.AFR.bcftools.stats.txt ./chm13_AFR/1kgp.chr12.recalibrated.snp_indel.pass.AFR.bcftools.stats.txt ./chm13_AFR/1kgp.chr13.recalibrated.snp_indel.pass.AFR.bcftools.stats.txt ./chm13_AFR/1kgp.chr14.recalibrated.snp_indel.pass.AFR.bcftools.stats.txt ./chm13_AFR/1kgp.chr15.recalibrated.snp_indel.pass.AFR.bcftools.stats.txt ./chm13_AFR/1kgp.chr16.recalibrated.snp_indel.pass.AFR.bcftools.stats.txt ./chm13_AFR/1kgp.chr17.recalibrated.snp_indel.pass.AFR.bcftools.stats.txt ./chm13_AFR/1kgp.chr18.recalibrated.snp_indel.pass.AFR.bcftools.stats.txt ./chm13_AFR/1kgp.chr19.recalibrated.snp_indel.pass.AFR.bcftools.stats.txt ./chm13_AFR/1kgp.chr2.recalibrated.snp_indel.pass.AFR.bcftools.stats.txt ./chm13_AFR/1kgp.chr20.recalibrated.snp_indel.pass.AFR.bcftools.stats.txt ./chm13_AFR/1kgp.chr21.recalibrated.snp_indel.pass.AFR.bcftools.stats.txt ./chm13_AFR/1kgp.chr22.recalibrated.snp_indel.pass.AFR.bcftools.stats.txt ./chm13_AFR/1kgp.chr3.recalibrated.snp_indel.pass.AFR.bcftools.stats.txt ./chm13_AFR/1kgp.chr4.recalibrated.snp_indel.pass.AFR.bcftools.stats.txt ./chm13_AFR/1kgp.chr5.recalibrated.snp_indel.pass.AFR.bcftools.stats.txt ./chm13_AFR/1kgp.chr6.recalibrated.snp_indel.pass.AFR.bcftools.stats.txt ./chm13_AFR/1kgp.chr7.recalibrated.snp_indel.pass.AFR.bcftools.stats.txt ./chm13_AFR/1kgp.chr8.recalibrated.snp_indel.pass.AFR.bcftools.stats.txt ./chm13_AFR/1kgp.chr9.recalibrated.snp_indel.pass.AFR.bcftools.stats.txt
#
# Definition of sets
# ID	[2]id	[3]tab-separated file names
ID	0	/cromwell_root/fc-51aefb1c-4e8e-4dcb-a59c-62e318ea351a/8e5da3a4-75d1-4d39-b5ab-1fe2a321e193/bgzip_bcftools_index/*1.recalibrated.snp_indel.pass.AFR.vcf.gz
# SN, Summary numbers
# SN	[2]id	[3]key	[4]value
SN	0	number of samples:	893
SN	0	number of records:	113534318
SN	0	number of no-ALTs:	0
SN	0	number of SNPs:	103672128
SN	0	number of MNPs:	0
SN	0	number of indels:	11109273
SN	0	number of others:	1524772
SN	0	number of multiallelic sites:	8211016
SN	0	number of multiallelic SNP sites:	4343504
# # TSTV, transition/transversions:
# TSTV	[2]id	[3]ts	[4]tv	[5]ts/tv	[6]ts (1st ALT)	[7]tv (1st ALT)	[8]ts/tv (1st ALT)
TSTV	0	69088609	36749651	1.88	66946067	34337845	1.95
# Sis, Singleton stats
# SiS	[2]id	[3]allele count	[4]number of SNPs	[5]number of transitions	[6]number of transversions	[7]number of indels	[8]repeat-consistent	[9]repeat-inconsistent	[10]not applicable
SiS	0	1	14470070	9322719	5147351	1925427	0	0	1925427
# AF, Stats by non-reference allele frequency
# AF	[2]id	[3]allele frequency	[4]number of SNPs	[5]number of transitions	[6]number of transversions	[7]number of indels	[8]repeat-consistent	[9]repeat-inconsistent	[10]not applicable
AF	0	0.000000	78529592	51105174	27424418	8684599	0	0	8684599
AF	0	0.001120	4563675	2958447	1605228	920604	0	0	920604
AF	0	0.002240	2207364	1424502	782862	477731	0	0	477731
AF	0	0.003359	1436171	927272	508899	319469	0	0	319469
AF	0	0.004479	1057038	684184	372854	240556	0	0	240556
AF	0	0.005599	836089	543939	292150	193667	0	0	193667
AF	0	0.006719	689590	449119	240471	162384	0	0	162384
AF	0	0.007839	590995	385718	205277	140519	0	0	140519
AF	0	0.008959	514676	336901	177775	123463	0	0	123463
AF	0	0.010078	455226	298828	156398	110584	0	0	110584
AF	0	0.011198	408776	268713	140063	100366	0	0	100366
AF	0	0.012318	372034	244545	127489	91907	0	0	91907
AF	0	0.013438	339402	223512	115890	85134	0	0	85134
AF	0	0.014558	312419	205707	106712	79068	0	0	79068
AF	0	0.015677	292090	192809	99281	75806	0	0	75806
AF	0	0.016797	266367	176330	90037	67474	0	0	67474
AF	0	0.017917	249533	165066	84467	64842	0	0	64842
AF	0	0.019037	234337	155116	79221	60695	0	0	60695
AF	0	0.020157	221326	147052	74274	58813	0	0	58813
AF	0	0.021277	213052	140973	72079	55823	0	0	55823
AF	0	0.022396	198967	131931	67036	53018	0	0	53018
AF	0	0.023516	189111	125592	63519	50547	0	0	50547
AF	0	0.024636	181021	120350	60671	48420	0	0	48420
AF	0	0.025756	171399	113954	57445	46627	0	0	46627
AF	0	0.026876	165111	109457	55654	45140	0	0	45140
AF	0	0.027996	157465	104987	52478	43782	0	0	43782
AF	0	0.029115	150147	100018	50129	41778	0	0	41778
AF	0	0.030235	143105	95311	47794	40257	0	0	40257
AF	0	0.031355	138453	92414	46039	38977	0	0	38977
AF	0	0.032475	133778	89337	44441	38593	0	0	38593
AF	0	0.033595	127032	84728	42304	35799	0	0	35799
AF	0	0.034714	123778	82135	41643	35184	0	0	35184
AF	0	0.035834	121550	80866	40684	34542	0	0	34542
AF	0	0.036954	117214	77908	39306	33497	0	0	33497
AF	0	0.038074	113383	75616	37767	32219	0	0	32219
AF	0	0.039194	108331	72197	36134	31384	0	0	31384
AF	0	0.040314	105365	70058	35307	30722	0	0	30722
AF	0	0.041433	101564	67707	33857	29424	0	0	29424
AF	0	0.042553	99193	66148	33045	29316	0	0	29316
AF	0	0.043673	96886	64632	32254	28754	0	0	28754
AF	0	0.044793	94035	62679	31356	27890	0	0	27890
AF	0	0.045913	91359	60936	30423	27201	0	0	27201
AF	0	0.047032	90214	60294	29920	26497	0	0	26497
AF	0	0.048152	87330	57968	29362	26085	0	0	26085
AF	0	0.049272	84630	56628	28002	25254	0	0	25254
AF	0	0.050392	82501	55099	27402	24933	0	0	24933
AF	0	0.051512	79167	53071	26096	24263	0	0	24263
AF	0	0.052632	78194	52566	25628	23981	0	0	23981
AF	0	0.053751	76998	51756	25242	23212	0	0	23212
AF	0	0.054871	74702	50013	24689	22927	0	0	22927
AF	0	0.055991	73221	48692	24529	22708	0	0	22708
AF	0	0.057111	71586	47696	23890	21827	0	0	21827
AF	0	0.058231	69416	46167	23249	21638	0	0	21638
AF	0	0.059351	68989	46033	22956	21637	0	0	21637
AF	0	0.060470	66634	44682	21952	20871	0	0	20871
AF	0	0.061590	65683	43909	21774	20538	0	0	20538
AF	0	0.062710	63877	42634	21243	20685	0	0	20685
AF	0	0.063830	62320	41806	20514	19257	0	0	19257
AF	0	0.064950	61447	41230	20217	19655	0	0	19655
AF	0	0.066069	60048	40090	19958	19663	0	0	19663
AF	0	0.067189	57181	37970	19211	18107	0	0	18107
AF	0	0.068309	57713	38422	19291	18299	0	0	18299
AF	0	0.069429	55869	37276	18593	18114	0	0	18114
AF	0	0.070549	55782	37385	18397	17659	0	0	17659
AF	0	0.071669	54409	36539	17870	17422	0	0	17422
AF	0	0.072788	54657	36443	18214	17435	0	0	17435
AF	0	0.073908	52276	35010	17266	16811	0	0	16811
AF	0	0.075028	50948	34048	16900	16556	0	0	16556
AF	0	0.076148	50446	33719	16727	16395	0	0	16395
AF	0	0.077268	49340	33016	16324	16254	0	0	16254
AF	0	0.078387	48667	32612	16055	15695	0	0	15695
AF	0	0.079507	48187	32219	15968	15476	0	0	15476
AF	0	0.080627	47208	31411	15797	15605	0	0	15605
AF	0	0.081747	47287	31835	15452	15552	0	0	15552
AF	0	0.082867	45863	30621	15242	14953	0	0	14953
AF	0	0.083987	45922	30697	15225	15019	0	0	15019
AF	0	0.085106	45396	30254	15142	14760	0	0	14760
AF	0	0.086226	43778	29309	14469	14679	0	0	14679
AF	0	0.087346	43821	29440	14381	14561	0	0	14561
AF	0	0.088466	42727	28502	14225	14079	0	0	14079
AF	0	0.089586	42204	28187	14017	13952	0	0	13952
AF	0	0.090705	41348	27684	13664	13870	0	0	13870
AF	0	0.091825	41541	27836	13705	13738	0	0	13738
AF	0	0.092945	40697	27223	13474	13335	0	0	13335
AF	0	0.094065	39529	26468	13061	13340	0	0	13340
AF	0	0.095185	40052	26608	13444	13086	0	0	13086
AF	0	0.096305	38668	25780	12888	13043	0	0	13043
AF	0	0.097424	37935	25408	12527	12692	0	0	12692
AF	0	0.098544	37742	25128	12614	12437	0	0	12437
AF	0	0.099664	37776	25248	12528	12249	0	0	12249
AF	0	0.100784	36150	24341	11809	12309	0	0	12309
AF	0	0.101904	35874	24037	11837	12117	0	0	12117
AF	0	0.103024	35064	23377	11687	11978	0	0	11978
AF	0	0.104143	35390	23607	11783	12228	0	0	12228
AF	0	0.105263	34994	23416	11578	12013	0	0	12013
AF	0	0.106383	33831	22629	11202	11555	0	0	11555
AF	0	0.107503	34217	23026	11191	11458	0	0	11458
AF	0	0.108623	33566	22523	11043	11464	0	0	11464
AF	0	0.109742	33273	22286	10987	11107	0	0	11107
AF	0	0.110862	33202	22117	11085	11050	0	0	11050
AF	0	0.111982	31893	21249	10644	10870	0	0	10870
AF	0	0.113102	32471	21825	10646	10769	0	0	10769
AF	0	0.114222	32689	21658	11031	10819	0	0	10819
AF	0	0.115342	32569	21756	10813	10687	0	0	10687
AF	0	0.116461	31057	20833	10224	10428	0	0	10428
AF	0	0.117581	30730	20505	10225	10512	0	0	10512
AF	0	0.118701	30156	20275	9881	10258	0	0	10258
AF	0	0.119821	29718	19944	9774	9936	0	0	9936
AF	0	0.120941	29591	19796	9795	10132	0	0	10132
AF	0	0.122060	29014	19470	9544	9903	0	0	9903
AF	0	0.123180	27725	18646	9079	9876	0	0	9876
AF	0	0.124300	28094	18776	9318	9438	0	0	9438
AF	0	0.125420	27244	18000	9244	9578	0	0	9578
AF	0	0.126540	28303	18944	9359	9757	0	0	9757
AF	0	0.127660	27510	18371	9139	9244	0	0	9244
AF	0	0.128779	27013	18104	8909	9312	0	0	9312
AF	0	0.129899	27234	18146	9088	9331	0	0	9331
AF	0	0.131019	27518	18373	9145	9261	0	0	9261
AF	0	0.132139	26497	17757	8740	9042	0	0	9042
AF	0	0.133259	26404	17573	8831	9088	0	0	9088
AF	0	0.134378	25215	16742	8473	8779	0	0	8779
AF	0	0.135498	25680	17099	8581	8441	0	0	8441
AF	0	0.136618	25045	16754	8291	8613	0	0	8613
AF	0	0.137738	25533	17097	8436	8770	0	0	8770
AF	0	0.138858	24861	16562	8299	8469	0	0	8469
AF	0	0.139978	24735	16591	8144	8382	0	0	8382
AF	0	0.141097	24600	16448	8152	8662	0	0	8662
AF	0	0.142217	24318	16229	8089	7953	0	0	7953
AF	0	0.143337	24158	16221	7937	8075	0	0	8075
AF	0	0.144457	23501	15740	7761	8039	0	0	8039
AF	0	0.145577	23639	15744	7895	8151	0	0	8151
AF	0	0.146697	23036	15440	7596	7963	0	0	7963
AF	0	0.147816	23092	15530	7562	7796	0	0	7796
AF	0	0.148936	23566	15893	7673	7935	0	0	7935
AF	0	0.150056	23684	15729	7955	7773	0	0	7773
AF	0	0.151176	22766	15147	7619	7855	0	0	7855
AF	0	0.152296	21826	14620	7206	7597	0	0	7597
AF	0	0.153415	21831	14751	7080	7502	0	0	7502
AF	0	0.154535	22227	14752	7475	7416	0	0	7416
AF	0	0.155655	21998	14804	7194	7672	0	0	7672
AF	0	0.156775	21821	14599	7222	7362	0	0	7362
AF	0	0.157895	20972	14063	6909	7154	0	0	7154
AF	0	0.159015	20471	13766	6705	7117	0	0	7117
AF	0	0.160134	21066	13964	7102	7039	0	0	7039
AF	0	0.161254	21401	14210	7191	7234	0	0	7234
AF	0	0.162374	21114	14232	6882	6918	0	0	6918
AF	0	0.163494	20330	13530	6800	6979	0	0	6979
AF	0	0.164614	20753	13747	7006	6896	0	0	6896
AF	0	0.165733	20051	13354	6697	6608	0	0	6608
AF	0	0.166853	20021	13346	6675	6770	0	0	6770
AF	0	0.167973	19995	13355	6640	6856	0	0	6856
AF	0	0.169093	20126	13473	6653	6800	0	0	6800
AF	0	0.170213	19687	13039	6648	6649	0	0	6649
AF	0	0.171333	19124	12741	6383	6475	0	0	6475
AF	0	0.172452	19163	12771	6392	6632	0	0	6632
AF	0	0.173572	18465	12340	6125	6546	0	0	6546
AF	0	0.174692	18387	12233	6154	6311	0	0	6311
AF	0	0.175812	18375	12313	6062	6270	0	0	6270
AF	0	0.176932	18600	12468	6132	6268	0	0	6268
AF	0	0.178052	19057	12629	6428	6353	0	0	6353
AF	0	0.179171	18100	12015	6085	6245	0	0	6245
AF	0	0.180291	17339	11634	5705	6038	0	0	6038
AF	0	0.181411	18079	12033	6046	6082	0	0	6082
AF	0	0.182531	17614	11799	5815	5959	0	0	5959
AF	0	0.183651	17799	11962	5837	6045	0	0	6045
AF	0	0.184770	17213	11427	5786	6058	0	0	6058
AF	0	0.185890	17660	11805	5855	5859	0	0	5859
AF	0	0.187010	17580	11753	5827	5833	0	0	5833
AF	0	0.188130	17026	11388	5638	5778	0	0	5778
AF	0	0.189250	17212	11480	5732	5643	0	0	5643
AF	0	0.190370	17506	11741	5765	5818	0	0	5818
AF	0	0.191489	17192	11465	5727	5659	0	0	5659
AF	0	0.192609	17274	11510	5764	5612	0	0	5612
AF	0	0.193729	16597	11181	5416	5516	0	0	5516
AF	0	0.194849	16739	11125	5614	5513	0	0	5513
AF	0	0.195969	17098	11462	5636	5544	0	0	5544
AF	0	0.197088	16909	11314	5595	5669	0	0	5669
AF	0	0.198208	16847	11269	5578	5462	0	0	5462
AF	0	0.199328	16119	10782	5337	5368	0	0	5368
AF	0	0.200448	16114	10741	5373	5505	0	0	5505
AF	0	0.201568	15983	10661	5322	5376	0	0	5376
AF	0	0.202688	15909	10616	5293	5166	0	0	5166
AF	0	0.203807	15663	10472	5191	5265	0	0	5265
AF	0	0.204927	15602	10384	5218	5140	0	0	5140
AF	0	0.206047	15580	10396	5184	5176	0	0	5176
AF	0	0.207167	15362	10274	5088	5170	0	0	5170
AF	0	0.208287	15239	10148	5091	5129	0	0	5129
AF	0	0.209406	15280	10090	5190	5106	0	0	5106
AF	0	0.210526	14872	9958	4914	4876	0	0	4876
AF	0	0.211646	14757	9790	4967	4939	0	0	4939
AF	0	0.212766	14787	9877	4910	4841	0	0	4841
AF	0	0.213886	14836	9817	5019	4871	0	0	4871
AF	0	0.215006	14472	9621	4851	4717	0	0	4717
AF	0	0.216125	14611	9817	4794	4822	0	0	4822
AF	0	0.217245	14296	9623	4673	4827	0	0	4827
AF	0	0.218365	14383	9602	4781	4658	0	0	4658
AF	0	0.219485	14602	9755	4847	4761	0	0	4761
AF	0	0.220605	14037	9423	4614	4691	0	0	4691
AF	0	0.221725	14130	9440	4690	4659	0	0	4659
AF	0	0.222844	14191	9445	4746	4637	0	0	4637
AF	0	0.223964	14479	9681	4798	4516	0	0	4516
AF	0	0.225084	13577	8979	4598	4520	0	0	4520
AF	0	0.226204	13739	9232	4507	4548	0	0	4548
AF	0	0.227324	13903	9324	4579	4559	0	0	4559
AF	0	0.228443	13580	9076	4504	4443	0	0	4443
AF	0	0.229563	13960	9370	4590	4382	0	0	4382
AF	0	0.230683	13375	8939	4436	4490	0	0	4490
AF	0	0.231803	12807	8581	4226	4239	0	0	4239
AF	0	0.232923	12980	8685	4295	4257	0	0	4257
AF	0	0.234043	12912	8605	4307	4204	0	0	4204
AF	0	0.235162	13102	8817	4285	4213	0	0	4213
AF	0	0.236282	13038	8660	4378	4254	0	0	4254
AF	0	0.237402	12367	8321	4046	4166	0	0	4166
AF	0	0.238522	12669	8424	4245	4162	0	0	4162
AF	0	0.239642	12598	8348	4250	4206	0	0	4206
AF	0	0.240761	12744	8472	4272	4037	0	0	4037
AF	0	0.241881	12810	8480	4330	4028	0	0	4028
AF	0	0.243001	12331	8308	4023	4100	0	0	4100
AF	0	0.244121	12464	8297	4167	4016	0	0	4016
AF	0	0.245241	11972	8018	3954	3943	0	0	3943
AF	0	0.246361	12661	8454	4207	4038	0	0	4038
AF	0	0.247480	12195	8096	4099	3957	0	0	3957
AF	0	0.248600	12310	8206	4104	3712	0	0	3712
AF	0	0.249720	12435	8153	4282	3859	0	0	3859
AF	0	0.250840	12427	8226	4201	3853	0	0	3853
AF	0	0.251960	12119	8134	3985	3916	0	0	3916
AF	0	0.253080	12084	7991	4093	3934	0	0	3934
AF	0	0.254199	12059	8028	4031	3757	0	0	3757
AF	0	0.255319	11640	7762	3878	3796	0	0	3796
AF	0	0.256439	11591	7708	3883	3732	0	0	3732
AF	0	0.257559	11744	7841	3903	3681	0	0	3681
AF	0	0.258679	11558	7839	3719	3791	0	0	3791
AF	0	0.259798	11709	7790	3919	3665	0	0	3665
AF	0	0.260918	11749	7831	3918	3718	0	0	3718
AF	0	0.262038	11386	7658	3728	3525	0	0	3525
AF	0	0.263158	11322	7630	3692	3566	0	0	3566
AF	0	0.264278	11348	7608	3740	3474	0	0	3474
AF	0	0.265398	11535	7709	3826	3540	0	0	3540
AF	0	0.266517	11174	7401	3773	3532	0	0	3532
AF	0	0.267637	11309	7539	3770	3657	0	0	3657
AF	0	0.268757	11255	7556	3699	3538	0	0	3538
AF	0	0.269877	11195	7453	3742	3483	0	0	3483
AF	0	0.270997	11402	7681	3721	3466	0	0	3466
AF	0	0.272116	11069	7387	3682	3420	0	0	3420
AF	0	0.273236	10932	7240	3692	3435	0	0	3435
AF	0	0.274356	10469	6936	3533	3286	0	0	3286
AF	0	0.275476	10766	7259	3507	3384	0	0	3384
AF	0	0.276596	10960	7236	3724	3324	0	0	3324
AF	0	0.277716	10679	7139	3540	3420	0	0	3420
AF	0	0.278835	10631	7088	3543	3352	0	0	3352
AF	0	0.279955	10911	7356	3555	3394	0	0	3394
AF	0	0.281075	10837	7132	3705	3290	0	0	3290
AF	0	0.282195	10712	7182	3530	3297	0	0	3297
AF	0	0.283315	10689	7159	3530	3417	0	0	3417
AF	0	0.284434	10899	7214	3685	3292	0	0	3292
AF	0	0.285554	10317	6800	3517	3105	0	0	3105
AF	0	0.286674	10574	7023	3551	3281	0	0	3281
AF	0	0.287794	10242	6774	3468	3320	0	0	3320
AF	0	0.288914	9939	6560	3379	3101	0	0	3101
AF	0	0.290034	10156	6841	3315	3111	0	0	3111
AF	0	0.291153	10186	6737	3449	3069	0	0	3069
AF	0	0.292273	10436	6853	3583	3150	0	0	3150
AF	0	0.293393	10446	6942	3504	3093	0	0	3093
AF	0	0.294513	10128	6745	3383	3107	0	0	3107
AF	0	0.295633	10365	6894	3471	3029	0	0	3029
AF	0	0.296753	10787	7101	3686	3060	0	0	3060
AF	0	0.297872	9752	6556	3196	2862	0	0	2862
AF	0	0.298992	9937	6719	3218	2963	0	0	2963
AF	0	0.300112	9754	6496	3258	3170	0	0	3170
AF	0	0.301232	9768	6568	3200	2882	0	0	2882
AF	0	0.302352	9971	6597	3374	2963	0	0	2963
AF	0	0.303471	9710	6487	3223	2908	0	0	2908
AF	0	0.304591	9694	6500	3194	3018	0	0	3018
AF	0	0.305711	9670	6502	3168	2950	0	0	2950
AF	0	0.306831	9546	6442	3104	2868	0	0	2868
AF	0	0.307951	9513	6262	3251	2881	0	0	2881
AF	0	0.309071	9052	6064	2988	2790	0	0	2790
AF	0	0.310190	9466	6248	3218	2867	0	0	2867
AF	0	0.311310	9307	6221	3086	2759	0	0	2759
AF	0	0.312430	9525	6330	3195	2847	0	0	2847
AF	0	0.313550	9459	6436	3023	2759	0	0	2759
AF	0	0.314670	8976	5975	3001	2696	0	0	2696
AF	0	0.315789	9078	6029	3049	2819	0	0	2819
AF	0	0.316909	9293	6187	3106	2757	0	0	2757
AF	0	0.318029	9541	6269	3272	2818	0	0	2818
AF	0	0.319149	8770	5918	2852	2751	0	0	2751
AF	0	0.320269	9214	6212	3002	2634	0	0	2634
AF	0	0.321389	8919	5953	2966	2731	0	0	2731
AF	0	0.322508	8725	5705	3020	2686	0	0	2686
AF	0	0.323628	8754	5833	2921	2595	0	0	2595
AF	0	0.324748	8905	5968	2937	2548	0	0	2548
AF	0	0.325868	8948	5990	2958	2631	0	0	2631
AF	0	0.326988	8778	5876	2902	2593	0	0	2593
AF	0	0.328108	8716	5855	2861	2642	0	0	2642
AF	0	0.329227	8537	5672	2865	2494	0	0	2494
AF	0	0.330347	8167	5494	2673	2541	0	0	2541
AF	0	0.331467	8856	5910	2946	2529	0	0	2529
AF	0	0.332587	8637	5714	2923	2472	0	0	2472
AF	0	0.333707	8791	5850	2941	2565	0	0	2565
AF	0	0.334826	8440	5531	2909	2456	0	0	2456
AF	0	0.335946	8134	5465	2669	2516	0	0	2516
AF	0	0.337066	8290	5513	2777	2464	0	0	2464
AF	0	0.338186	8082	5380	2702	2369	0	0	2369
AF	0	0.339306	8398	5577	2821	2379	0	0	2379
AF	0	0.340426	8186	5487	2699	2419	0	0	2419
AF	0	0.341545	8411	5613	2798	2455	0	0	2455
AF	0	0.342665	8373	5652	2721	2463	0	0	2463
AF	0	0.343785	8386	5631	2755	2360	0	0	2360
AF	0	0.344905	8269	5531	2738	2466	0	0	2466
AF	0	0.346025	8346	5597	2749	2350	0	0	2350
AF	0	0.347144	8053	5384	2669	2221	0	0	2221
AF	0	0.348264	7843	5234	2609	2312	0	0	2312
AF	0	0.349384	7939	5360	2579	2333	0	0	2333
AF	0	0.350504	7731	5157	2574	2257	0	0	2257
AF	0	0.351624	7968	5367	2601	2327	0	0	2327
AF	0	0.352744	7782	5233	2549	2227	0	0	2227
AF	0	0.353863	7905	5290	2615	2270	0	0	2270
AF	0	0.354983	7858	5275	2583	2294	0	0	2294
AF	0	0.356103	7672	5114	2558	2273	0	0	2273
AF	0	0.357223	7889	5267	2622	2323	0	0	2323
AF	0	0.358343	7984	5312	2672	2358	0	0	2358
AF	0	0.359462	8275	5550	2725	2216	0	0	2216
AF	0	0.360582	7633	5048	2585	2241	0	0	2241
AF	0	0.361702	8265	5538	2727	2349	0	0	2349
AF	0	0.362822	8156	5474	2682	2260	0	0	2260
AF	0	0.363942	7899	5290	2609	2242	0	0	2242
AF	0	0.365062	7659	5116	2543	2198	0	0	2198
AF	0	0.366181	8074	5394	2680	2171	0	0	2171
AF	0	0.367301	7576	5009	2567	2144	0	0	2144
AF	0	0.368421	7815	5192	2623	2143	0	0	2143
AF	0	0.369541	7702	5152	2550	2153	0	0	2153
AF	0	0.370661	7481	5015	2466	2112	0	0	2112
AF	0	0.371781	7405	5004	2401	2169	0	0	2169
AF	0	0.372900	7494	4977	2517	2120	0	0	2120
AF	0	0.374020	7303	4926	2377	2078	0	0	2078
AF	0	0.375140	7391	4899	2492	2100	0	0	2100
AF	0	0.376260	7999	5308	2691	2127	0	0	2127
AF	0	0.377380	7466	5010	2456	2121	0	0	2121
AF	0	0.378499	7498	4984	2514	2080	0	0	2080
AF	0	0.379619	7635	5063	2572	2104	0	0	2104
AF	0	0.380739	7291	4875	2416	2003	0	0	2003
AF	0	0.381859	7935	5332	2603	2024	0	0	2024
AF	0	0.382979	7507	5103	2404	2054	0	0	2054
AF	0	0.384099	7482	5033	2449	2060	0	0	2060
AF	0	0.385218	7289	4824	2465	2123	0	0	2123
AF	0	0.386338	7157	4778	2379	1975	0	0	1975
AF	0	0.387458	7032	4723	2309	1931	0	0	1931
AF	0	0.388578	7481	4989	2492	2018	0	0	2018
AF	0	0.389698	7273	4861	2412	1990	0	0	1990
AF	0	0.390817	7077	4728	2349	1966	0	0	1966
AF	0	0.391937	6817	4519	2298	1990	0	0	1990
AF	0	0.393057	6955	4619	2336	1836	0	0	1836
AF	0	0.394177	7057	4718	2339	1938	0	0	1938
AF	0	0.395297	7012	4771	2241	1931	0	0	1931
AF	0	0.396417	6912	4640	2272	1904	0	0	1904
AF	0	0.397536	6671	4489	2182	1870	0	0	1870
AF	0	0.398656	7085	4776	2309	1833	0	0	1833
AF	0	0.399776	6719	4518	2201	1920	0	0	1920
AF	0	0.400896	6539	4383	2156	1855	0	0	1855
AF	0	0.402016	6786	4488	2298	1923	0	0	1923
AF	0	0.403135	6643	4490	2153	1817	0	0	1817
AF	0	0.404255	6743	4519	2224	1851	0	0	1851
AF	0	0.405375	6822	4615	2207	1864	0	0	1864
AF	0	0.406495	6706	4458	2248	1810	0	0	1810
AF	0	0.407615	6537	4337	2200	1814	0	0	1814
AF	0	0.408735	6637	4427	2210	1733	0	0	1733
AF	0	0.409854	6862	4599	2263	1884	0	0	1884
AF	0	0.410974	6577	4423	2154	1748	0	0	1748
AF	0	0.412094	6672	4407	2265	1831	0	0	1831
AF	0	0.413214	6326	4229	2097	1812	0	0	1812
AF	0	0.414334	6653	4520	2133	1827	0	0	1827
AF	0	0.415454	6562	4365	2197	1754	0	0	1754
AF	0	0.416573	6573	4457	2116	1698	0	0	1698
AF	0	0.417693	6355	4176	2179	1678	0	0	1678
AF	0	0.418813	6904	4603	2301	1735	0	0	1735
AF	0	0.419933	6369	4266	2103	1662	0	0	1662
AF	0	0.421053	6744	4509	2235	1716	0	0	1716
AF	0	0.422172	6589	4438	2151	1745	0	0	1745
AF	0	0.423292	6649	4450	2199	1750	0	0	1750
AF	0	0.424412	7133	4700	2433	1827	0	0	1827
AF	0	0.425532	6614	4436	2178	1771	0	0	1771
AF	0	0.426652	6320	4194	2126	1680	0	0	1680
AF	0	0.427772	6747	4487	2260	1662	0	0	1662
AF	0	0.428891	6539	4423	2116	1723	0	0	1723
AF	0	0.430011	6635	4450	2185	1731	0	0	1731
AF	0	0.431131	6400	4283	2117	1779	0	0	1779
AF	0	0.432251	6413	4263	2150	1663	0	0	1663
AF	0	0.433371	6349	4208	2141	1686	0	0	1686
AF	0	0.434490	6311	4211	2100	1624	0	0	1624
AF	0	0.435610	6157	4100	2057	1610	0	0	1610
AF	0	0.436730	6130	4130	2000	1655	0	0	1655
AF	0	0.437850	6297	4169	2128	1658	0	0	1658
AF	0	0.438970	6211	4145	2066	1622	0	0	1622
AF	0	0.440090	6292	4245	2047	1688	0	0	1688
AF	0	0.441209	6475	4312	2163	1653	0	0	1653
AF	0	0.442329	6313	4223	2090	1552	0	0	1552
AF	0	0.443449	6241	4166	2075	1576	0	0	1576
AF	0	0.444569	6410	4174	2236	1598	0	0	1598
AF	0	0.445689	5935	3993	1942	1562	0	0	1562
AF	0	0.446809	6073	4049	2024	1576	0	0	1576
AF	0	0.447928	5823	3904	1919	1564	0	0	1564
AF	0	0.449048	5883	3917	1966	1560	0	0	1560
AF	0	0.450168	6127	4131	1996	1518	0	0	1518
AF	0	0.451288	6055	4084	1971	1561	0	0	1561
AF	0	0.452408	6302	4262	2040	1473	0	0	1473
AF	0	0.453527	6708	4388	2320	1549	0	0	1549
AF	0	0.454647	6379	4259	2120	1520	0	0	1520
AF	0	0.455767	6111	4157	1954	1548	0	0	1548
AF	0	0.456887	5916	3960	1956	1527	0	0	1527
AF	0	0.458007	5974	4049	1925	1531	0	0	1531
AF	0	0.459127	5939	3995	1944	1480	0	0	1480
AF	0	0.460246	6247	4165	2082	1440	0	0	1440
AF	0	0.461366	6095	4105	1990	1505	0	0	1505
AF	0	0.462486	5928	3937	1991	1459	0	0	1459
AF	0	0.463606	6066	4069	1997	1477	0	0	1477
AF	0	0.464726	5947	3986	1961	1530	0	0	1530
AF	0	0.465845	5800	3919	1881	1507	0	0	1507
AF	0	0.466965	5852	3937	1915	1437	0	0	1437
AF	0	0.468085	5872	3869	2003	1446	0	0	1446
AF	0	0.469205	5951	4013	1938	1416	0	0	1416
AF	0	0.470325	5748	3861	1887	1473	0	0	1473
AF	0	0.471445	5817	3895	1922	1449	0	0	1449
AF	0	0.472564	5813	3959	1854	1449	0	0	1449
AF	0	0.473684	6095	4078	2017	1428	0	0	1428
AF	0	0.474804	6091	4007	2084	1524	0	0	1524
AF	0	0.475924	5991	3988	2003	1402	0	0	1402
AF	0	0.477044	6005	4058	1947	1389	0	0	1389
AF	0	0.478163	5994	3986	2008	1344	0	0	1344
AF	0	0.479283	5583	3718	1865	1349	0	0	1349
AF	0	0.480403	5655	3828	1827	1306	0	0	1306
AF	0	0.481523	5364	3543	1821	1352	0	0	1352
AF	0	0.482643	5459	3569	1890	1317	0	0	1317
AF	0	0.483763	5311	3552	1759	1337	0	0	1337
AF	0	0.484882	5660	3735	1925	1396	0	0	1396
AF	0	0.486002	5615	3748	1867	1305	0	0	1305
AF	0	0.487122	6009	3953	2056	1336	0	0	1336
AF	0	0.488242	5816	3905	1911	1301	0	0	1301
AF	0	0.489362	5758	3828	1930	1293	0	0	1293
AF	0	0.490482	5980	3974	2006	1308	0	0	1308
AF	0	0.491601	5909	3943	1966	1302	0	0	1302
AF	0	0.492721	5645	3804	1841	1335	0	0	1335
AF	0	0.493841	5525	3698	1827	1311	0	0	1311
AF	0	0.494961	6393	4245	2148	1284	0	0	1284
AF	0	0.496081	5600	3763	1837	1335	0	0	1335
AF	0	0.497200	5800	3882	1918	1381	0	0	1381
AF	0	0.498320	5983	3968	2015	1305	0	0	1305
AF	0	0.499440	8964	6012	2952	1936	0	0	1936
AF	0	0.500560	5976	3996	1980	1334	0	0	1334
AF	0	0.501680	5158	3432	1726	1231	0	0	1231
AF	0	0.502800	5537	3675	1862	1380	0	0	1380
AF	0	0.503919	5408	3646	1762	1204	0	0	1204
AF	0	0.505039	5313	3589	1724	1231	0	0	1231
AF	0	0.506159	5370	3610	1760	1217	0	0	1217
AF	0	0.507279	4989	3354	1635	1212	0	0	1212
AF	0	0.508399	5408	3581	1827	1220	0	0	1220
AF	0	0.509518	4789	3277	1512	1266	0	0	1266
AF	0	0.510638	5177	3491	1686	1219	0	0	1219
AF	0	0.511758	5109	3444	1665	1296	0	0	1296
AF	0	0.512878	5076	3396	1680	1187	0	0	1187
AF	0	0.513998	5110	3383	1727	1214	0	0	1214
AF	0	0.515118	4931	3351	1580	1160	0	0	1160
AF	0	0.516237	5077	3395	1682	1241	0	0	1241
AF	0	0.517357	4916	3259	1657	1187	0	0	1187
AF	0	0.518477	5201	3439	1762	1183	0	0	1183
AF	0	0.519597	5116	3366	1750	1155	0	0	1155
AF	0	0.520717	4941	3330	1611	1225	0	0	1225
AF	0	0.521837	5125	3461	1664	1190	0	0	1190
AF	0	0.522956	5285	3581	1704	1141	0	0	1141
AF	0	0.524076	5378	3596	1782	1225	0	0	1225
AF	0	0.525196	5385	3536	1849	1183	0	0	1183
AF	0	0.526316	4951	3363	1588	1122	0	0	1122
AF	0	0.527436	5163	3499	1664	1175	0	0	1175
AF	0	0.528555	5076	3390	1686	1181	0	0	1181
AF	0	0.529675	4963	3351	1612	1124	0	0	1124
AF	0	0.530795	5142	3440	1702	1152	0	0	1152
AF	0	0.531915	5080	3409	1671	1090	0	0	1090
AF	0	0.533035	4953	3253	1700	1085	0	0	1085
AF	0	0.534155	4912	3333	1579	1134	0	0	1134
AF	0	0.535274	4623	3068	1555	1037	0	0	1037
AF	0	0.536394	4751	3189	1562	1119	0	0	1119
AF	0	0.537514	4754	3151	1603	1128	0	0	1128
AF	0	0.538634	4833	3280	1553	1116	0	0	1116
AF	0	0.539754	4860	3245	1615	1040	0	0	1040
AF	0	0.540873	4745	3173	1572	1132	0	0	1132
AF	0	0.541993	4827	3165	1662	1047	0	0	1047
AF	0	0.543113	4909	3292	1617	1058	0	0	1058
AF	0	0.544233	4882	3291	1591	1151	0	0	1151
AF	0	0.545353	4918	3275	1643	1094	0	0	1094
AF	0	0.546473	4909	3187	1722	1105	0	0	1105
AF	0	0.547592	4873	3256	1617	1059	0	0	1059
AF	0	0.548712	4889	3240	1649	1019	0	0	1019
AF	0	0.549832	5222	3523	1699	1161	0	0	1161
AF	0	0.550952	4947	3307	1640	1123	0	0	1123
AF	0	0.552072	5012	3365	1647	1085	0	0	1085
AF	0	0.553191	4993	3287	1706	1089	0	0	1089
AF	0	0.554311	4883	3181	1702	1083	0	0	1083
AF	0	0.555431	4614	3121	1493	1012	0	0	1012
AF	0	0.556551	4646	3094	1552	1010	0	0	1010
AF	0	0.557671	4854	3278	1576	1082	0	0	1082
AF	0	0.558791	4543	3026	1517	1049	0	0	1049
AF	0	0.559910	4740	3185	1555	1107	0	0	1107
AF	0	0.561030	4986	3363	1623	1048	0	0	1048
AF	0	0.562150	4677	3127	1550	1009	0	0	1009
AF	0	0.563270	4596	3039	1557	1044	0	0	1044
AF	0	0.564390	4587	3111	1476	1076	0	0	1076
AF	0	0.565510	4724	3123	1601	1024	0	0	1024
AF	0	0.566629	4739	3175	1564	1011	0	0	1011
AF	0	0.567749	5008	3306	1702	1045	0	0	1045
AF	0	0.568869	4535	3004	1531	1005	0	0	1005
AF	0	0.569989	4728	3220	1508	974	0	0	974
AF	0	0.571109	4894	3281	1613	1013	0	0	1013
AF	0	0.572228	4836	3224	1612	991	0	0	991
AF	0	0.573348	4892	3228	1664	1010	0	0	1010
AF	0	0.574468	4616	3061	1555	989	0	0	989
AF	0	0.575588	4858	3237	1621	1011	0	0	1011
AF	0	0.576708	4600	3072	1528	990	0	0	990
AF	0	0.577828	4561	3083	1478	1010	0	0	1010
AF	0	0.578947	4545	3102	1443	961	0	0	961
AF	0	0.580067	4374	2901	1473	971	0	0	971
AF	0	0.581187	4507	3024	1483	992	0	0	992
AF	0	0.582307	4486	3012	1474	981	0	0	981
AF	0	0.583427	4526	3010	1516	942	0	0	942
AF	0	0.584546	4594	3082	1512	951	0	0	951
AF	0	0.585666	4492	3030	1462	917	0	0	917
AF	0	0.586786	4453	2996	1457	940	0	0	940
AF	0	0.587906	4675	3076	1599	980	0	0	980
AF	0	0.589026	4351	2946	1405	930	0	0	930
AF	0	0.590146	4507	3021	1486	922	0	0	922
AF	0	0.591265	4391	2904	1487	997	0	0	997
AF	0	0.592385	4669	3181	1488	973	0	0	973
AF	0	0.593505	4302	2879	1423	910	0	0	910
AF	0	0.594625	4330	2917	1413	964	0	0	964
AF	0	0.595745	4602	3097	1505	916	0	0	916
AF	0	0.596865	4350	2914	1436	913	0	0	913
AF	0	0.597984	4344	2926	1418	938	0	0	938
AF	0	0.599104	4479	3054	1425	889	0	0	889
AF	0	0.600224	4575	3045	1530	879	0	0	879
AF	0	0.601344	4462	2938	1524	937	0	0	937
AF	0	0.602464	4632	3110	1522	886	0	0	886
AF	0	0.603583	4429	2991	1438	914	0	0	914
AF	0	0.604703	4226	2818	1408	905	0	0	905
AF	0	0.605823	4464	2974	1490	922	0	0	922
AF	0	0.606943	4376	2890	1486	876	0	0	876
AF	0	0.608063	4607	3099	1508	894	0	0	894
AF	0	0.609183	4150	2730	1420	855	0	0	855
AF	0	0.610302	4493	3020	1473	922	0	0	922
AF	0	0.611422	4629	3098	1531	938	0	0	938
AF	0	0.612542	4385	2956	1429	872	0	0	872
AF	0	0.613662	4665	3151	1514	913	0	0	913
AF	0	0.614782	4375	2882	1493	891	0	0	891
AF	0	0.615901	4063	2690	1373	859	0	0	859
AF	0	0.617021	4148	2742	1406	827	0	0	827
AF	0	0.618141	4303	2881	1422	791	0	0	791
AF	0	0.619261	4195	2863	1332	858	0	0	858
AF	0	0.620381	4169	2774	1395	845	0	0	845
AF	0	0.621501	4097	2699	1398	843	0	0	843
AF	0	0.622620	4075	2728	1347	870	0	0	870
AF	0	0.623740	4316	2926	1390	858	0	0	858
AF	0	0.624860	3999	2739	1260	840	0	0	840
AF	0	0.625980	4141	2734	1407	826	0	0	826
AF	0	0.627100	4345	2976	1369	897	0	0	897
AF	0	0.628219	4167	2838	1329	911	0	0	911
AF	0	0.629339	4234	2815	1419	800	0	0	800
AF	0	0.630459	4260	2868	1392	826	0	0	826
AF	0	0.631579	4331	2887	1444	887	0	0	887
AF	0	0.632699	4152	2822	1330	920	0	0	920
AF	0	0.633819	4147	2814	1333	820	0	0	820
AF	0	0.634938	4422	3011	1411	843	0	0	843
AF	0	0.636058	4221	2821	1400	830	0	0	830
AF	0	0.637178	4161	2797	1364	790	0	0	790
AF	0	0.638298	3953	2705	1248	764	0	0	764
AF	0	0.639418	4214	2865	1349	846	0	0	846
AF	0	0.640538	4131	2824	1307	811	0	0	811
AF	0	0.641657	4225	2837	1388	871	0	0	871
AF	0	0.642777	4522	3100	1422	807	0	0	807
AF	0	0.643897	4456	2990	1466	849	0	0	849
AF	0	0.645017	4721	3145	1576	839	0	0	839
AF	0	0.646137	4172	2797	1375	825	0	0	825
AF	0	0.647256	4747	3185	1562	880	0	0	880
AF	0	0.648376	4039	2768	1271	805	0	0	805
AF	0	0.649496	4231	2861	1370	794	0	0	794
AF	0	0.650616	4221	2847	1374	768	0	0	768
AF	0	0.651736	4091	2753	1338	793	0	0	793
AF	0	0.652856	4286	2840	1446	793	0	0	793
AF	0	0.653975	4271	2868	1403	765	0	0	765
AF	0	0.655095	3944	2643	1301	779	0	0	779
AF	0	0.656215	4264	2878	1386	801	0	0	801
AF	0	0.657335	4478	2962	1516	836	0	0	836
AF	0	0.658455	4152	2824	1328	789	0	0	789
AF	0	0.659574	4211	2783	1428	792	0	0	792
AF	0	0.660694	4185	2867	1318	824	0	0	824
AF	0	0.661814	4027	2644	1383	807	0	0	807
AF	0	0.662934	4181	2820	1361	752	0	0	752
AF	0	0.664054	4172	2814	1358	797	0	0	797
AF	0	0.665174	4057	2736	1321	781	0	0	781
AF	0	0.666293	4137	2806	1331	794	0	0	794
AF	0	0.667413	4136	2780	1356	752	0	0	752
AF	0	0.668533	4317	2899	1418	794	0	0	794
AF	0	0.669653	4102	2727	1375	752	0	0	752
AF	0	0.670773	4153	2821	1332	793	0	0	793
AF	0	0.671892	4293	2832	1461	706	0	0	706
AF	0	0.673012	4039	2688	1351	703	0	0	703
AF	0	0.674132	4160	2821	1339	754	0	0	754
AF	0	0.675252	3873	2591	1282	750	0	0	750
AF	0	0.676372	4026	2701	1325	694	0	0	694
AF	0	0.677492	4194	2770	1424	761	0	0	761
AF	0	0.678611	4054	2731	1323	738	0	0	738
AF	0	0.679731	3951	2673	1278	716	0	0	716
AF	0	0.680851	4077	2706	1371	702	0	0	702
AF	0	0.681971	4180	2835	1345	754	0	0	754
AF	0	0.683091	4075	2789	1286	732	0	0	732
AF	0	0.684211	4088	2720	1368	727	0	0	727
AF	0	0.685330	4173	2804	1369	756	0	0	756
AF	0	0.686450	4286	2940	1346	745	0	0	745
AF	0	0.687570	4118	2749	1369	736	0	0	736
AF	0	0.688690	4072	2757	1315	782	0	0	782
AF	0	0.689810	4029	2718	1311	670	0	0	670
AF	0	0.690929	4322	2928	1394	740	0	0	740
AF	0	0.692049	4047	2688	1359	726	0	0	726
AF	0	0.693169	4040	2704	1336	722	0	0	722
AF	0	0.694289	3943	2648	1295	720	0	0	720
AF	0	0.695409	3856	2556	1300	680	0	0	680
AF	0	0.696529	4277	2874	1403	748	0	0	748
AF	0	0.697648	4202	2857	1345	680	0	0	680
AF	0	0.698768	3846	2524	1322	653	0	0	653
AF	0	0.699888	3896	2585	1311	656	0	0	656
AF	0	0.701008	4207	2764	1443	722	0	0	722
AF	0	0.702128	4135	2760	1375	748	0	0	748
AF	0	0.703247	4097	2811	1286	750	0	0	750
AF	0	0.704367	4409	2994	1415	707	0	0	707
AF	0	0.705487	4162	2866	1296	713	0	0	713
AF	0	0.706607	4145	2794	1351	674	0	0	674
AF	0	0.707727	3946	2709	1237	672	0	0	672
AF	0	0.708847	4091	2800	1291	687	0	0	687
AF	0	0.709966	4118	2752	1366	698	0	0	698
AF	0	0.711086	4174	2783	1391	656	0	0	656
AF	0	0.712206	3826	2586	1240	709	0	0	709
AF	0	0.713326	3885	2634	1251	677	0	0	677
AF	0	0.714446	3981	2683	1298	686	0	0	686
AF	0	0.715566	4109	2757	1352	716	0	0	716
AF	0	0.716685	4119	2782	1337	671	0	0	671
AF	0	0.717805	4145	2783	1362	672	0	0	672
AF	0	0.718925	4243	2871	1372	729	0	0	729
AF	0	0.720045	3846	2588	1258	698	0	0	698
AF	0	0.721165	4149	2851	1298	659	0	0	659
AF	0	0.722284	4051	2718	1333	640	0	0	640
AF	0	0.723404	4384	3003	1381	681	0	0	681
AF	0	0.724524	3859	2594	1265	651	0	0	651
AF	0	0.725644	4007	2656	1351	625	0	0	625
AF	0	0.726764	3624	2416	1208	583	0	0	583
AF	0	0.727884	3857	2615	1242	606	0	0	606
AF	0	0.729003	4057	2717	1340	653	0	0	653
AF	0	0.730123	3929	2650	1279	638	0	0	638
AF	0	0.731243	4068	2731	1337	651	0	0	651
AF	0	0.732363	4241	2854	1387	689	0	0	689
AF	0	0.733483	4131	2761	1370	700	0	0	700
AF	0	0.734602	3838	2613	1225	638	0	0	638
AF	0	0.735722	3991	2710	1281	624	0	0	624
AF	0	0.736842	3820	2595	1225	664	0	0	664
AF	0	0.737962	3957	2675	1282	606	0	0	606
AF	0	0.739082	3848	2631	1217	669	0	0	669
AF	0	0.740202	3829	2580	1249	614	0	0	614
AF	0	0.741321	3918	2695	1223	630	0	0	630
AF	0	0.742441	4069	2757	1312	660	0	0	660
AF	0	0.743561	3914	2657	1257	630	0	0	630
AF	0	0.744681	3754	2565	1189	641	0	0	641
AF	0	0.745801	3905	2628	1277	664	0	0	664
AF	0	0.746920	3771	2515	1256	652	0	0	652
AF	0	0.748040	3945	2666	1279	672	0	0	672
AF	0	0.749160	3975	2681	1294	621	0	0	621
AF	0	0.750280	3869	2606	1263	610	0	0	610
AF	0	0.751400	3850	2589	1261	587	0	0	587
AF	0	0.752520	3977	2663	1314	614	0	0	614
AF	0	0.753639	3784	2593	1191	527	0	0	527
AF	0	0.754759	4093	2773	1320	612	0	0	612
AF	0	0.755879	3857	2573	1284	597	0	0	597
AF	0	0.756999	3976	2701	1275	655	0	0	655
AF	0	0.758119	3871	2612	1259	613	0	0	613
AF	0	0.759239	3657	2486	1171	620	0	0	620
AF	0	0.760358	3755	2585	1170	603	0	0	603
AF	0	0.761478	3641	2482	1159	607	0	0	607
AF	0	0.762598	3807	2626	1181	647	0	0	647
AF	0	0.763718	3763	2524	1239	585	0	0	585
AF	0	0.764838	3770	2533	1237	578	0	0	578
AF	0	0.765957	4029	2706	1323	630	0	0	630
AF	0	0.767077	3849	2595	1254	628	0	0	628
AF	0	0.768197	3914	2628	1286	654	0	0	654
AF	0	0.769317	3880	2609	1271	596	0	0	596
AF	0	0.770437	3905	2678	1227	620	0	0	620
AF	0	0.771557	3774	2612	1162	599	0	0	599
AF	0	0.772676	4013	2716	1297	574	0	0	574
AF	0	0.773796	4154	2840	1314	575	0	0	575
AF	0	0.774916	3873	2603	1270	558	0	0	558
AF	0	0.776036	3876	2598	1278	581	0	0	581
AF	0	0.777156	3907	2625	1282	602	0	0	602
AF	0	0.778275	3824	2524	1300	581	0	0	581
AF	0	0.779395	3791	2582	1209	579	0	0	579
AF	0	0.780515	3538	2394	1144	554	0	0	554
AF	0	0.781635	3788	2604	1184	571	0	0	571
AF	0	0.782755	3930	2641	1289	576	0	0	576
AF	0	0.783875	3797	2573	1224	562	0	0	562
AF	0	0.784994	3686	2477	1209	600	0	0	600
AF	0	0.786114	3810	2516	1294	574	0	0	574
AF	0	0.787234	3730	2508	1222	555	0	0	555
AF	0	0.788354	3830	2619	1211	556	0	0	556
AF	0	0.789474	3729	2564	1165	561	0	0	561
AF	0	0.790594	3740	2522	1218	579	0	0	579
AF	0	0.791713	3778	2581	1197	577	0	0	577
AF	0	0.792833	3424	2264	1160	556	0	0	556
AF	0	0.793953	3578	2406	1172	531	0	0	531
AF	0	0.795073	3782	2608	1174	591	0	0	591
AF	0	0.796193	3875	2562	1313	585	0	0	585
AF	0	0.797312	3729	2503	1226	558	0	0	558
AF	0	0.798432	3705	2509	1196	570	0	0	570
AF	0	0.799552	3680	2452	1228	536	0	0	536
AF	0	0.800672	3706	2494	1212	572	0	0	572
AF	0	0.801792	3671	2485	1186	550	0	0	550
AF	0	0.802912	3719	2452	1267	522	0	0	522
AF	0	0.804031	3420	2357	1063	532	0	0	532
AF	0	0.805151	3605	2472	1133	530	0	0	530
AF	0	0.806271	3718	2542	1176	577	0	0	577
AF	0	0.807391	4035	2693	1342	584	0	0	584
AF	0	0.808511	3750	2559	1191	585	0	0	585
AF	0	0.809630	3832	2587	1245	581	0	0	581
AF	0	0.810750	3722	2514	1208	572	0	0	572
AF	0	0.811870	3455	2335	1120	542	0	0	542
AF	0	0.812990	3623	2445	1178	521	0	0	521
AF	0	0.814110	3586	2413	1173	526	0	0	526
AF	0	0.815230	3725	2539	1186	497	0	0	497
AF	0	0.816349	3604	2436	1168	512	0	0	512
AF	0	0.817469	3648	2435	1213	509	0	0	509
AF	0	0.818589	3752	2492	1260	484	0	0	484
AF	0	0.819709	3719	2502	1217	518	0	0	518
AF	0	0.820829	3715	2508	1207	567	0	0	567
AF	0	0.821948	3632	2489	1143	486	0	0	486
AF	0	0.823068	3539	2392	1147	535	0	0	535
AF	0	0.824188	3747	2467	1280	514	0	0	514
AF	0	0.825308	3649	2495	1154	563	0	0	563
AF	0	0.826428	3622	2451	1171	576	0	0	576
AF	0	0.827548	3576	2406	1170	495	0	0	495
AF	0	0.828667	3515	2309	1206	500	0	0	500
AF	0	0.829787	3646	2486	1160	505	0	0	505
AF	0	0.830907	3394	2310	1084	488	0	0	488
AF	0	0.832027	3520	2311	1209	518	0	0	518
AF	0	0.833147	3536	2355	1181	491	0	0	491
AF	0	0.834267	3419	2341	1078	488	0	0	488
AF	0	0.835386	3469	2288	1181	518	0	0	518
AF	0	0.836506	3745	2559	1186	500	0	0	500
AF	0	0.837626	3750	2543	1207	505	0	0	505
AF	0	0.838746	3416	2324	1092	468	0	0	468
AF	0	0.839866	3575	2429	1146	543	0	0	543
AF	0	0.840985	3688	2491	1197	506	0	0	506
AF	0	0.842105	3586	2433	1153	524	0	0	524
AF	0	0.843225	3643	2467	1176	504	0	0	504
AF	0	0.844345	3448	2300	1148	489	0	0	489
AF	0	0.845465	3651	2465	1186	491	0	0	491
AF	0	0.846585	3657	2451	1206	497	0	0	497
AF	0	0.847704	3731	2527	1204	529	0	0	529
AF	0	0.848824	3689	2468	1221	534	0	0	534
AF	0	0.849944	3408	2332	1076	528	0	0	528
AF	0	0.851064	3534	2422	1112	489	0	0	489
AF	0	0.852184	3721	2510	1211	542	0	0	542
AF	0	0.853303	3573	2415	1158	511	0	0	511
AF	0	0.854423	3403	2332	1071	491	0	0	491
AF	0	0.855543	3513	2373	1140	451	0	0	451
AF	0	0.856663	3793	2530	1263	519	0	0	519
AF	0	0.857783	3754	2510	1244	525	0	0	525
AF	0	0.858903	3631	2445	1186	497	0	0	497
AF	0	0.860022	3714	2478	1236	495	0	0	495
AF	0	0.861142	3640	2431	1209	495	0	0	495
AF	0	0.862262	3474	2358	1116	472	0	0	472
AF	0	0.863382	4026	2696	1330	515	0	0	515
AF	0	0.864502	3448	2317	1131	482	0	0	482
AF	0	0.865622	3525	2345	1180	495	0	0	495
AF	0	0.866741	3704	2516	1188	494	0	0	494
AF	0	0.867861	3634	2443	1191	481	0	0	481
AF	0	0.868981	3506	2369	1137	417	0	0	417
AF	0	0.870101	4031	2735	1296	515	0	0	515
AF	0	0.871221	3750	2559	1191	492	0	0	492
AF	0	0.872340	3544	2366	1178	519	0	0	519
AF	0	0.873460	3674	2489	1185	454	0	0	454
AF	0	0.874580	3597	2390	1207	445	0	0	445
AF	0	0.875700	3912	2626	1286	501	0	0	501
AF	0	0.876820	3540	2453	1087	480	0	0	480
AF	0	0.877940	3524	2369	1155	444	0	0	444
AF	0	0.879059	3415	2328	1087	472	0	0	472
AF	0	0.880179	3466	2355	1111	437	0	0	437
AF	0	0.881299	3607	2448	1159	465	0	0	465
AF	0	0.882419	3417	2320	1097	450	0	0	450
AF	0	0.883539	3354	2326	1028	484	0	0	484
AF	0	0.884658	3599	2409	1190	465	0	0	465
AF	0	0.885778	3477	2361	1116	470	0	0	470
AF	0	0.886898	3475	2338	1137	446	0	0	446
AF	0	0.888018	3538	2433	1105	476	0	0	476
AF	0	0.889138	3755	2578	1177	441	0	0	441
AF	0	0.890258	3250	2225	1025	424	0	0	424
AF	0	0.891377	3445	2329	1116	463	0	0	463
AF	0	0.892497	3780	2567	1213	481	0	0	481
AF	0	0.893617	3627	2460	1167	465	0	0	465
AF	0	0.894737	3570	2371	1199	459	0	0	459
AF	0	0.895857	3593	2418	1175	441	0	0	441
AF	0	0.896976	3435	2312	1123	465	0	0	465
AF	0	0.898096	3430	2373	1057	459	0	0	459
AF	0	0.899216	3465	2362	1103	462	0	0	462
AF	0	0.900336	3443	2368	1075	427	0	0	427
AF	0	0.901456	3495	2334	1161	421	0	0	421
AF	0	0.902576	3633	2446	1187	439	0	0	439
AF	0	0.903695	3358	2254	1104	480	0	0	480
AF	0	0.904815	3595	2403	1192	443	0	0	443
AF	0	0.905935	3595	2449	1146	476	0	0	476
AF	0	0.907055	3454	2392	1062	457	0	0	457
AF	0	0.908175	3330	2280	1050	398	0	0	398
AF	0	0.909295	3518	2451	1067	437	0	0	437
AF	0	0.910414	3347	2260	1087	439	0	0	439
AF	0	0.911534	3229	2186	1043	412	0	0	412
AF	0	0.912654	3558	2473	1085	395	0	0	395
AF	0	0.913774	3493	2373	1120	431	0	0	431
AF	0	0.914894	3736	2491	1245	432	0	0	432
AF	0	0.916013	3349	2258	1091	452	0	0	452
AF	0	0.917133	3102	2127	975	369	0	0	369
AF	0	0.918253	3339	2245	1094	359	0	0	359
AF	0	0.919373	3458	2348	1110	415	0	0	415
AF	0	0.920493	3375	2294	1081	415	0	0	415
AF	0	0.921613	3404	2291	1113	414	0	0	414
AF	0	0.922732	3197	2179	1018	391	0	0	391
AF	0	0.923852	3174	2169	1005	410	0	0	410
AF	0	0.924972	3284	2259	1025	409	0	0	409
AF	0	0.926092	3250	2230	1020	380	0	0	380
AF	0	0.927212	3303	2256	1047	378	0	0	378
AF	0	0.928331	3638	2439	1199	404	0	0	404
AF	0	0.929451	3373	2232	1141	379	0	0	379
AF	0	0.930571	3353	2295	1058	395	0	0	395
AF	0	0.931691	3286	2232	1054	389	0	0	389
AF	0	0.932811	3417	2337	1080	407	0	0	407
AF	0	0.933931	3346	2235	1111	415	0	0	415
AF	0	0.935050	3594	2446	1148	400	0	0	400
AF	0	0.936170	3388	2287	1101	362	0	0	362
AF	0	0.937290	3178	2164	1014	378	0	0	378
AF	0	0.938410	3451	2364	1087	400	0	0	400
AF	0	0.939530	3298	2271	1027	386	0	0	386
AF	0	0.940649	3325	2217	1108	403	0	0	403
AF	0	0.941769	3522	2379	1143	399	0	0	399
AF	0	0.942889	3472	2351	1121	412	0	0	412
AF	0	0.944009	3503	2367	1136	380	0	0	380
AF	0	0.945129	3472	2315	1157	396	0	0	396
AF	0	0.946249	3431	2333	1098	409	0	0	409
AF	0	0.947368	3429	2320	1109	348	0	0	348
AF	0	0.948488	3356	2256	1100	381	0	0	381
AF	0	0.949608	3458	2348	1110	381	0	0	381
AF	0	0.950728	3530	2382	1148	359	0	0	359
AF	0	0.951848	3552	2403	1149	367	0	0	367
AF	0	0.952968	3356	2255	1101	399	0	0	399
AF	0	0.954087	3238	2180	1058	380	0	0	380
AF	0	0.955207	3348	2259	1089	332	0	0	332
AF	0	0.956327	3440	2343	1097	405	0	0	405
AF	0	0.957447	3284	2232	1052	382	0	0	382
AF	0	0.958567	3547	2392	1155	345	0	0	345
AF	0	0.959686	3491	2403	1088	384	0	0	384
AF	0	0.960806	3528	2415	1113	389	0	0	389
AF	0	0.961926	3364	2273	1091	417	0	0	417
AF	0	0.963046	3768	2515	1253	393	0	0	393
AF	0	0.964166	3448	2382	1066	341	0	0	341
AF	0	0.965286	3675	2493	1182	367	0	0	367
AF	0	0.966405	3455	2367	1088	424	0	0	424
AF	0	0.967525	3519	2386	1133	393	0	0	393
AF	0	0.968645	3922	2693	1229	393	0	0	393
AF	0	0.969765	3872	2623	1249	411	0	0	411
AF	0	0.970885	4194	2819	1375	444	0	0	444
AF	0	0.972004	3932	2689	1243	401	0	0	401
AF	0	0.973124	4368	2952	1416	425	0	0	425
AF	0	0.974244	3494	2416	1078	371	0	0	371
AF	0	0.975364	3587	2435	1152	382	0	0	382
AF	0	0.976484	3652	2513	1139	382	0	0	382
AF	0	0.977604	4113	2812	1301	396	0	0	396
AF	0	0.978723	4196	2861	1335	404	0	0	404
AF	0	0.979843	4119	2883	1236	394	0	0	394
AF	0	0.980963	4081	2777	1304	427	0	0	427
AF	0	0.982083	4074	2764	1310	454	0	0	454
AF	0	0.983203	4196	2830	1366	385	0	0	385
AF	0	0.984323	4264	2939	1325	445	0	0	445
AF	0	0.985442	4890	3333	1557	471	0	0	471
AF	0	0.986562	5035	3484	1551	502	0	0	502
AF	0	0.987682	4498	3066	1432	435	0	0	435
AF	0	0.988802	4877	3341	1536	479	0	0	479
AF	0	0.989922	5490	3771	1719	533	0	0	533
AF	0	0.991041	6287	4342	1945	629	0	0	629
AF	0	0.992161	6635	4541	2094	597	0	0	597
AF	0	0.993281	7309	5007	2302	689	0	0	689
AF	0	0.994401	8788	6082	2706	756	0	0	756
AF	0	0.995521	10705	7387	3318	880	0	0	880
AF	0	0.996641	12965	9030	3935	1099	0	0	1099
AF	0	0.997760	19367	13613	5754	1467	0	0	1467
AF	0	0.998880	30373	20222	10151	1795	0	0	1795
# IDD, InDel distribution
# IDD	[2]id	[3]length (deletions negative)	[4]number of sites	[5]number of genotypes	[6]mean VAF
IDD	0	-60	81323
IDD	0	-59	1420
IDD	0	-58	2054
IDD	0	-57	1593
IDD	0	-56	2537
IDD	0	-55	2071
IDD	0	-54	2832
IDD	0	-53	1745
IDD	0	-52	2943
IDD	0	-51	2106
IDD	0	-50	3738
IDD	0	-49	2597
IDD	0	-48	4286
IDD	0	-47	2369
IDD	0	-46	3662
IDD	0	-45	3648
IDD	0	-44	4806
IDD	0	-43	3040
IDD	0	-42	5582
IDD	0	-41	3568
IDD	0	-40	7939
IDD	0	-39	4448
IDD	0	-38	6466
IDD	0	-37	5016
IDD	0	-36	9166
IDD	0	-35	6813
IDD	0	-34	9285
IDD	0	-33	6951
IDD	0	-32	12983
IDD	0	-31	7656
IDD	0	-30	15884
IDD	0	-29	9562
IDD	0	-28	18916
IDD	0	-27	12792
IDD	0	-26	20222
IDD	0	-25	17018
IDD	0	-24	30833
IDD	0	-23	17672
IDD	0	-22	27898
IDD	0	-21	21565
IDD	0	-20	48716
IDD	0	-19	25766
IDD	0	-18	46288
IDD	0	-17	31924
IDD	0	-16	68505
IDD	0	-15	57967
IDD	0	-14	71235
IDD	0	-13	54431
IDD	0	-12	127005
IDD	0	-11	72563
IDD	0	-10	145966
IDD	0	-9	98771
IDD	0	-8	197501
IDD	0	-7	135035
IDD	0	-6	273589
IDD	0	-5	378366
IDD	0	-4	1004207
IDD	0	-3	848981
IDD	0	-2	1494331
IDD	0	-1	3402409
IDD	0	1	2821329
IDD	0	2	1130354
IDD	0	3	439241
IDD	0	4	561469
IDD	0	5	207947
IDD	0	6	221984
IDD	0	7	79904
IDD	0	8	179141
IDD	0	9	63015
IDD	0	10	102411
IDD	0	11	36278
IDD	0	12	92106
IDD	0	13	27062
IDD	0	14	43595
IDD	0	15	37017
IDD	0	16	49924
IDD	0	17	20196
IDD	0	18	34545
IDD	0	19	17749
IDD	0	20	38352
IDD	0	21	16634
IDD	0	22	21345
IDD	0	23	13742
IDD	0	24	24831
IDD	0	25	14310
IDD	0	26	17352
IDD	0	27	10876
IDD	0	28	16603
IDD	0	29	8914
IDD	0	30	15121
IDD	0	31	7412
IDD	0	32	12164
IDD	0	33	6493
IDD	0	34	9100
IDD	0	35	6251
IDD	0	36	8763
IDD	0	37	4778
IDD	0	38	6530
IDD	0	39	4243
IDD	0	40	6818
IDD	0	41	3156
IDD	0	42	5218
IDD	0	43	3282
IDD	0	44	4404
IDD	0	45	3219
IDD	0	46	3701
IDD	0	47	2375
IDD	0	48	4167
IDD	0	49	2738
IDD	0	50	3803
IDD	0	51	2251
IDD	0	52	3298
IDD	0	53	1830
IDD	0	54	3126
IDD	0	55	2033
IDD	0	56	2885
IDD	0	57	1746
IDD	0	58	2367
IDD	0	59	1850
IDD	0	60	54160
# ST, Substitution types
# ST	[2]id	[3]type	[4]count
ST	0	A>C	4188156
ST	0	A>G	14206262
ST	0	A>T	4005697
ST	0	C>A	5436384
ST	0	C>G	4742333
ST	0	C>T	20344289
ST	0	G>A	20380769
ST	0	G>C	4731174
ST	0	G>T	5416627
ST	0	T>A	4042321
ST	0	T>C	14157289
ST	0	T>G	4186959
# DP, Depth distribution
# DP	[2]id	[3]bin	[4]number of genotypes	[5]fraction of genotypes (%)	[6]number of sites	[7]fraction of sites (%)
DP	0	1	0	0	3	2.64237285505163e-06
DP	0	2	0	0	27	2.37813556954647e-05
DP	0	3	0	0	19	1.67350280819937e-05
DP	0	4	0	0	27	2.37813556954647e-05
DP	0	5	0	0	19	1.67350280819937e-05
DP	0	6	0	0	35	3.08276833089357e-05
DP	0	7	0	0	33	2.9066101405568e-05
DP	0	8	0	0	26	2.29005647437808e-05
DP	0	9	0	0	35	3.08276833089357e-05
DP	0	10	0	0	45	3.96355928257745e-05
DP	0	11	0	0	27	2.37813556954647e-05
DP	0	12	0	0	42	3.69932199707229e-05
DP	0	13	0	0	41	3.6112429019039e-05
DP	0	14	0	0	30	2.64237285505163e-05
DP	0	15	0	0	44	3.87548018740906e-05
DP	0	16	0	0	32	2.81853104538841e-05
DP	0	17	0	0	39	3.43508471156712e-05
DP	0	18	0	0	40	3.52316380673551e-05
DP	0	19	0	0	42	3.69932199707229e-05
DP	0	20	0	0	39	3.43508471156712e-05
DP	0	21	0	0	37	3.25892652123035e-05
DP	0	22	0	0	39	3.43508471156712e-05
DP	0	23	0	0	41	3.6112429019039e-05
DP	0	24	0	0	42	3.69932199707229e-05
DP	0	25	0	0	38	3.34700561639874e-05
DP	0	26	0	0	37	3.25892652123035e-05
DP	0	27	0	0	38	3.34700561639874e-05
DP	0	28	0	0	38	3.34700561639874e-05
DP	0	29	0	0	40	3.52316380673551e-05
DP	0	30	0	0	46	4.05163837774584e-05
DP	0	31	0	0	39	3.43508471156712e-05
DP	0	32	0	0	36	3.17084742606196e-05
DP	0	33	0	0	37	3.25892652123035e-05
DP	0	34	0	0	44	3.87548018740906e-05
DP	0	35	0	0	49	4.315875663251e-05
DP	0	36	0	0	35	3.08276833089357e-05
DP	0	37	0	0	45	3.96355928257745e-05
DP	0	38	0	0	32	2.81853104538841e-05
DP	0	39	0	0	38	3.34700561639874e-05
DP	0	40	0	0	35	3.08276833089357e-05
DP	0	41	0	0	42	3.69932199707229e-05
DP	0	42	0	0	44	3.87548018740906e-05
DP	0	43	0	0	34	2.99468923572518e-05
DP	0	44	0	0	48	4.22779656808261e-05
DP	0	45	0	0	38	3.34700561639874e-05
DP	0	46	0	0	41	3.6112429019039e-05
DP	0	47	0	0	34	2.99468923572518e-05
DP	0	48	0	0	45	3.96355928257745e-05
DP	0	49	0	0	46	4.05163837774584e-05
DP	0	50	0	0	35	3.08276833089357e-05
DP	0	51	0	0	30	2.64237285505163e-05
DP	0	52	0	0	33	2.9066101405568e-05
DP	0	53	0	0	28	2.46621466471486e-05
DP	0	54	0	0	38	3.34700561639874e-05
DP	0	55	0	0	39	3.43508471156712e-05
DP	0	56	0	0	31	2.73045195022002e-05
DP	0	57	0	0	35	3.08276833089357e-05
DP	0	58	0	0	40	3.52316380673551e-05
DP	0	59	0	0	33	2.9066101405568e-05
DP	0	60	0	0	23	2.02581918887292e-05
DP	0	61	0	0	36	3.17084742606196e-05
DP	0	62	0	0	44	3.87548018740906e-05
DP	0	63	0	0	31	2.73045195022002e-05
DP	0	64	0	0	33	2.9066101405568e-05
DP	0	65	0	0	29	2.55429375988325e-05
DP	0	66	0	0	36	3.17084742606196e-05
DP	0	67	0	0	37	3.25892652123035e-05
DP	0	68	0	0	39	3.43508471156712e-05
DP	0	69	0	0	37	3.25892652123035e-05
DP	0	70	0	0	36	3.17084742606196e-05
DP	0	71	0	0	34	2.99468923572518e-05
DP	0	72	0	0	42	3.69932199707229e-05
DP	0	73	0	0	29	2.55429375988325e-05
DP	0	74	0	0	33	2.9066101405568e-05
DP	0	75	0	0	43	3.78740109224067e-05
DP	0	76	0	0	26	2.29005647437808e-05
DP	0	77	0	0	30	2.64237285505163e-05
DP	0	78	0	0	35	3.08276833089357e-05
DP	0	79	0	0	38	3.34700561639874e-05
DP	0	80	0	0	30	2.64237285505163e-05
DP	0	81	0	0	42	3.69932199707229e-05
DP	0	82	0	0	30	2.64237285505163e-05
DP	0	83	0	0	30	2.64237285505163e-05
DP	0	84	0	0	30	2.64237285505163e-05
DP	0	85	0	0	27	2.37813556954647e-05
DP	0	86	0	0	43	3.78740109224067e-05
DP	0	87	0	0	27	2.37813556954647e-05
DP	0	88	0	0	42	3.69932199707229e-05
DP	0	89	0	0	31	2.73045195022002e-05
DP	0	90	0	0	25	2.20197737920969e-05
DP	0	91	0	0	30	2.64237285505163e-05
DP	0	92	0	0	36	3.17084742606196e-05
DP	0	93	0	0	24	2.11389828404131e-05
DP	0	94	0	0	38	3.34700561639874e-05
DP	0	95	0	0	22	1.93774009370453e-05
DP	0	96	0	0	48	4.22779656808261e-05
DP	0	97	0	0	27	2.37813556954647e-05
DP	0	98	0	0	38	3.34700561639874e-05
DP	0	99	0	0	34	2.99468923572518e-05
DP	0	100	0	0	38	3.34700561639874e-05
DP	0	101	0	0	35	3.08276833089357e-05
DP	0	102	0	0	32	2.81853104538841e-05
DP	0	103	0	0	29	2.55429375988325e-05
DP	0	104	0	0	34	2.99468923572518e-05
DP	0	105	0	0	33	2.9066101405568e-05
DP	0	106	0	0	35	3.08276833089357e-05
DP	0	107	0	0	49	4.315875663251e-05
DP	0	108	0	0	27	2.37813556954647e-05
DP	0	109	0	0	25	2.20197737920969e-05
DP	0	110	0	0	41	3.6112429019039e-05
DP	0	111	0	0	26	2.29005647437808e-05
DP	0	112	0	0	36	3.17084742606196e-05
DP	0	113	0	0	33	2.9066101405568e-05
DP	0	114	0	0	30	2.64237285505163e-05
DP	0	115	0	0	40	3.52316380673551e-05
DP	0	116	0	0	26	2.29005647437808e-05
DP	0	117	0	0	26	2.29005647437808e-05
DP	0	118	0	0	32	2.81853104538841e-05
DP	0	119	0	0	30	2.64237285505163e-05
DP	0	120	0	0	31	2.73045195022002e-05
DP	0	121	0	0	33	2.9066101405568e-05
DP	0	122	0	0	31	2.73045195022002e-05
DP	0	123	0	0	38	3.34700561639874e-05
DP	0	124	0	0	41	3.6112429019039e-05
DP	0	125	0	0	35	3.08276833089357e-05
DP	0	126	0	0	23	2.02581918887292e-05
DP	0	127	0	0	29	2.55429375988325e-05
DP	0	128	0	0	33	2.9066101405568e-05
DP	0	129	0	0	29	2.55429375988325e-05
DP	0	130	0	0	29	2.55429375988325e-05
DP	0	131	0	0	26	2.29005647437808e-05
DP	0	132	0	0	26	2.29005647437808e-05
DP	0	133	0	0	36	3.17084742606196e-05
DP	0	134	0	0	24	2.11389828404131e-05
DP	0	135	0	0	28	2.46621466471486e-05
DP	0	136	0	0	19	1.67350280819937e-05
DP	0	137	0	0	26	2.29005647437808e-05
DP	0	138	0	0	36	3.17084742606196e-05
DP	0	139	0	0	30	2.64237285505163e-05
DP	0	140	0	0	42	3.69932199707229e-05
DP	0	141	0	0	28	2.46621466471486e-05
DP	0	142	0	0	26	2.29005647437808e-05
DP	0	143	0	0	20	1.76158190336776e-05
DP	0	144	0	0	30	2.64237285505163e-05
DP	0	145	0	0	25	2.20197737920969e-05
DP	0	146	0	0	27	2.37813556954647e-05
DP	0	147	0	0	31	2.73045195022002e-05
DP	0	148	0	0	27	2.37813556954647e-05
DP	0	149	0	0	43	3.78740109224067e-05
DP	0	150	0	0	27	2.37813556954647e-05
DP	0	151	0	0	28	2.46621466471486e-05
DP	0	152	0	0	34	2.99468923572518e-05
DP	0	153	0	0	24	2.11389828404131e-05
DP	0	154	0	0	33	2.9066101405568e-05
DP	0	155	0	0	25	2.20197737920969e-05
DP	0	156	0	0	20	1.76158190336776e-05
DP	0	157	0	0	35	3.08276833089357e-05
DP	0	158	0	0	31	2.73045195022002e-05
DP	0	159	0	0	24	2.11389828404131e-05
DP	0	160	0	0	24	2.11389828404131e-05
DP	0	161	0	0	19	1.67350280819937e-05
DP	0	162	0	0	26	2.29005647437808e-05
DP	0	163	0	0	29	2.55429375988325e-05
DP	0	164	0	0	27	2.37813556954647e-05
DP	0	165	0	0	19	1.67350280819937e-05
DP	0	166	0	0	36	3.17084742606196e-05
DP	0	167	0	0	35	3.08276833089357e-05
DP	0	168	0	0	29	2.55429375988325e-05
DP	0	169	0	0	32	2.81853104538841e-05
DP	0	170	0	0	24	2.11389828404131e-05
DP	0	171	0	0	23	2.02581918887292e-05
DP	0	172	0	0	23	2.02581918887292e-05
DP	0	173	0	0	23	2.02581918887292e-05
DP	0	174	0	0	16	1.4092655226942e-05
DP	0	175	0	0	32	2.81853104538841e-05
DP	0	176	0	0	25	2.20197737920969e-05
DP	0	177	0	0	25	2.20197737920969e-05
DP	0	178	0	0	16	1.4092655226942e-05
DP	0	179	0	0	25	2.20197737920969e-05
DP	0	180	0	0	27	2.37813556954647e-05
DP	0	181	0	0	18	1.58542371303098e-05
DP	0	182	0	0	20	1.76158190336776e-05
DP	0	183	0	0	26	2.29005647437808e-05
DP	0	184	0	0	29	2.55429375988325e-05
DP	0	185	0	0	23	2.02581918887292e-05
DP	0	186	0	0	31	2.73045195022002e-05
DP	0	187	0	0	23	2.02581918887292e-05
DP	0	188	0	0	21	1.84966099853614e-05
DP	0	189	0	0	31	2.73045195022002e-05
DP	0	190	0	0	29	2.55429375988325e-05
DP	0	191	0	0	29	2.55429375988325e-05
DP	0	192	0	0	33	2.9066101405568e-05
DP	0	193	0	0	22	1.93774009370453e-05
DP	0	194	0	0	26	2.29005647437808e-05
DP	0	195	0	0	24	2.11389828404131e-05
DP	0	196	0	0	28	2.46621466471486e-05
DP	0	197	0	0	20	1.76158190336776e-05
DP	0	198	0	0	23	2.02581918887292e-05
DP	0	199	0	0	26	2.29005647437808e-05
DP	0	200	0	0	21	1.84966099853614e-05
DP	0	201	0	0	26	2.29005647437808e-05
DP	0	202	0	0	13	1.14502823718904e-05
DP	0	203	0	0	27	2.37813556954647e-05
DP	0	204	0	0	25	2.20197737920969e-05
DP	0	205	0	0	26	2.29005647437808e-05
DP	0	206	0	0	20	1.76158190336776e-05
DP	0	207	0	0	27	2.37813556954647e-05
DP	0	208	0	0	16	1.4092655226942e-05
DP	0	209	0	0	30	2.64237285505163e-05
DP	0	210	0	0	18	1.58542371303098e-05
DP	0	211	0	0	26	2.29005647437808e-05
DP	0	212	0	0	23	2.02581918887292e-05
DP	0	213	0	0	28	2.46621466471486e-05
DP	0	214	0	0	19	1.67350280819937e-05
DP	0	215	0	0	21	1.84966099853614e-05
DP	0	216	0	0	19	1.67350280819937e-05
DP	0	217	0	0	25	2.20197737920969e-05
DP	0	218	0	0	18	1.58542371303098e-05
DP	0	219	0	0	18	1.58542371303098e-05
DP	0	220	0	0	24	2.11389828404131e-05
DP	0	221	0	0	19	1.67350280819937e-05
DP	0	222	0	0	18	1.58542371303098e-05
DP	0	223	0	0	19	1.67350280819937e-05
DP	0	224	0	0	28	2.46621466471486e-05
DP	0	225	0	0	30	2.64237285505163e-05
DP	0	226	0	0	14	1.23310733235743e-05
DP	0	227	0	0	17	1.49734461786259e-05
DP	0	228	0	0	30	2.64237285505163e-05
DP	0	229	0	0	21	1.84966099853614e-05
DP	0	230	0	0	23	2.02581918887292e-05
DP	0	231	0	0	18	1.58542371303098e-05
DP	0	232	0	0	16	1.4092655226942e-05
DP	0	233	0	0	22	1.93774009370453e-05
DP	0	234	0	0	22	1.93774009370453e-05
DP	0	235	0	0	25	2.20197737920969e-05
DP	0	236	0	0	22	1.93774009370453e-05
DP	0	237	0	0	23	2.02581918887292e-05
DP	0	238	0	0	24	2.11389828404131e-05
DP	0	239	0	0	21	1.84966099853614e-05
DP	0	240	0	0	29	2.55429375988325e-05
DP	0	241	0	0	16	1.4092655226942e-05
DP	0	242	0	0	32	2.81853104538841e-05
DP	0	243	0	0	26	2.29005647437808e-05
DP	0	244	0	0	21	1.84966099853614e-05
DP	0	245	0	0	23	2.02581918887292e-05
DP	0	246	0	0	18	1.58542371303098e-05
DP	0	247	0	0	26	2.29005647437808e-05
DP	0	248	0	0	20	1.76158190336776e-05
DP	0	249	0	0	23	2.02581918887292e-05
DP	0	250	0	0	21	1.84966099853614e-05
DP	0	251	0	0	18	1.58542371303098e-05
DP	0	252	0	0	14	1.23310733235743e-05
DP	0	253	0	0	14	1.23310733235743e-05
DP	0	254	0	0	24	2.11389828404131e-05
DP	0	255	0	0	24	2.11389828404131e-05
DP	0	256	0	0	31	2.73045195022002e-05
DP	0	257	0	0	18	1.58542371303098e-05
DP	0	258	0	0	22	1.93774009370453e-05
DP	0	259	0	0	27	2.37813556954647e-05
DP	0	260	0	0	22	1.93774009370453e-05
DP	0	261	0	0	23	2.02581918887292e-05
DP	0	262	0	0	18	1.58542371303098e-05
DP	0	263	0	0	13	1.14502823718904e-05
DP	0	264	0	0	24	2.11389828404131e-05
DP	0	265	0	0	24	2.11389828404131e-05
DP	0	266	0	0	24	2.11389828404131e-05
DP	0	267	0	0	17	1.49734461786259e-05
DP	0	268	0	0	26	2.29005647437808e-05
DP	0	269	0	0	21	1.84966099853614e-05
DP	0	270	0	0	17	1.49734461786259e-05
DP	0	271	0	0	30	2.64237285505163e-05
DP	0	272	0	0	22	1.93774009370453e-05
DP	0	273	0	0	27	2.37813556954647e-05
DP	0	274	0	0	18	1.58542371303098e-05
DP	0	275	0	0	21	1.84966099853614e-05
DP	0	276	0	0	23	2.02581918887292e-05
DP	0	277	0	0	15	1.32118642752582e-05
DP	0	278	0	0	22	1.93774009370453e-05
DP	0	279	0	0	25	2.20197737920969e-05
DP	0	280	0	0	23	2.02581918887292e-05
DP	0	281	0	0	22	1.93774009370453e-05
DP	0	282	0	0	29	2.55429375988325e-05
DP	0	283	0	0	22	1.93774009370453e-05
DP	0	284	0	0	27	2.37813556954647e-05
DP	0	285	0	0	19	1.67350280819937e-05
DP	0	286	0	0	17	1.49734461786259e-05
DP	0	287	0	0	25	2.20197737920969e-05
DP	0	288	0	0	23	2.02581918887292e-05
DP	0	289	0	0	20	1.76158190336776e-05
DP	0	290	0	0	24	2.11389828404131e-05
DP	0	291	0	0	22	1.93774009370453e-05
DP	0	292	0	0	20	1.76158190336776e-05
DP	0	293	0	0	18	1.58542371303098e-05
DP	0	294	0	0	14	1.23310733235743e-05
DP	0	295	0	0	24	2.11389828404131e-05
DP	0	296	0	0	11	9.68870046852265e-06
DP	0	297	0	0	14	1.23310733235743e-05
DP	0	298	0	0	27	2.37813556954647e-05
DP	0	299	0	0	9	7.9271185651549e-06
DP	0	300	0	0	15	1.32118642752582e-05
DP	0	301	0	0	14	1.23310733235743e-05
DP	0	302	0	0	26	2.29005647437808e-05
DP	0	303	0	0	23	2.02581918887292e-05
DP	0	304	0	0	14	1.23310733235743e-05
DP	0	305	0	0	23	2.02581918887292e-05
DP	0	306	0	0	19	1.67350280819937e-05
DP	0	307	0	0	15	1.32118642752582e-05
DP	0	308	0	0	17	1.49734461786259e-05
DP	0	309	0	0	29	2.55429375988325e-05
DP	0	310	0	0	14	1.23310733235743e-05
DP	0	311	0	0	19	1.67350280819937e-05
DP	0	312	0	0	21	1.84966099853614e-05
DP	0	313	0	0	23	2.02581918887292e-05
DP	0	314	0	0	20	1.76158190336776e-05
DP	0	315	0	0	11	9.68870046852265e-06
DP	0	316	0	0	19	1.67350280819937e-05
DP	0	317	0	0	19	1.67350280819937e-05
DP	0	318	0	0	23	2.02581918887292e-05
DP	0	319	0	0	14	1.23310733235743e-05
DP	0	320	0	0	19	1.67350280819937e-05
DP	0	321	0	0	20	1.76158190336776e-05
DP	0	322	0	0	14	1.23310733235743e-05
DP	0	323	0	0	26	2.29005647437808e-05
DP	0	324	0	0	23	2.02581918887292e-05
DP	0	325	0	0	14	1.23310733235743e-05
DP	0	326	0	0	28	2.46621466471486e-05
DP	0	327	0	0	15	1.32118642752582e-05
DP	0	328	0	0	22	1.93774009370453e-05
DP	0	329	0	0	23	2.02581918887292e-05
DP	0	330	0	0	22	1.93774009370453e-05
DP	0	331	0	0	19	1.67350280819937e-05
DP	0	332	0	0	21	1.84966099853614e-05
DP	0	333	0	0	17	1.49734461786259e-05
DP	0	334	0	0	24	2.11389828404131e-05
DP	0	335	0	0	26	2.29005647437808e-05
DP	0	336	0	0	25	2.20197737920969e-05
DP	0	337	0	0	19	1.67350280819937e-05
DP	0	338	0	0	23	2.02581918887292e-05
DP	0	339	0	0	16	1.4092655226942e-05
DP	0	340	0	0	11	9.68870046852265e-06
DP	0	341	0	0	26	2.29005647437808e-05
DP	0	342	0	0	14	1.23310733235743e-05
DP	0	343	0	0	13	1.14502823718904e-05
DP	0	344	0	0	18	1.58542371303098e-05
DP	0	345	0	0	14	1.23310733235743e-05
DP	0	346	0	0	24	2.11389828404131e-05
DP	0	347	0	0	16	1.4092655226942e-05
DP	0	348	0	0	13	1.14502823718904e-05
DP	0	349	0	0	18	1.58542371303098e-05
DP	0	350	0	0	17	1.49734461786259e-05
DP	0	351	0	0	12	1.05694914202065e-05
DP	0	352	0	0	14	1.23310733235743e-05
DP	0	353	0	0	17	1.49734461786259e-05
DP	0	354	0	0	17	1.49734461786259e-05
DP	0	355	0	0	19	1.67350280819937e-05
DP	0	356	0	0	16	1.4092655226942e-05
DP	0	357	0	0	16	1.4092655226942e-05
DP	0	358	0	0	17	1.49734461786259e-05
DP	0	359	0	0	19	1.67350280819937e-05
DP	0	360	0	0	13	1.14502823718904e-05
DP	0	361	0	0	12	1.05694914202065e-05
DP	0	362	0	0	10	8.80790951683878e-06
DP	0	363	0	0	13	1.14502823718904e-05
DP	0	364	0	0	19	1.67350280819937e-05
DP	0	365	0	0	17	1.49734461786259e-05
DP	0	366	0	0	19	1.67350280819937e-05
DP	0	367	0	0	16	1.4092655226942e-05
DP	0	368	0	0	16	1.4092655226942e-05
DP	0	369	0	0	19	1.67350280819937e-05
DP	0	370	0	0	25	2.20197737920969e-05
DP	0	371	0	0	17	1.49734461786259e-05
DP	0	372	0	0	21	1.84966099853614e-05
DP	0	373	0	0	22	1.93774009370453e-05
DP	0	374	0	0	15	1.32118642752582e-05
DP	0	375	0	0	12	1.05694914202065e-05
DP	0	376	0	0	19	1.67350280819937e-05
DP	0	377	0	0	21	1.84966099853614e-05
DP	0	378	0	0	24	2.11389828404131e-05
DP	0	379	0	0	20	1.76158190336776e-05
DP	0	380	0	0	14	1.23310733235743e-05
DP	0	381	0	0	18	1.58542371303098e-05
DP	0	382	0	0	13	1.14502823718904e-05
DP	0	383	0	0	20	1.76158190336776e-05
DP	0	384	0	0	10	8.80790951683878e-06
DP	0	385	0	0	20	1.76158190336776e-05
DP	0	386	0	0	17	1.49734461786259e-05
DP	0	387	0	0	12	1.05694914202065e-05
DP	0	388	0	0	16	1.4092655226942e-05
DP	0	389	0	0	14	1.23310733235743e-05
DP	0	390	0	0	16	1.4092655226942e-05
DP	0	391	0	0	25	2.20197737920969e-05
DP	0	392	0	0	16	1.4092655226942e-05
DP	0	393	0	0	15	1.32118642752582e-05
DP	0	394	0	0	13	1.14502823718904e-05
DP	0	395	0	0	22	1.93774009370453e-05
DP	0	396	0	0	17	1.49734461786259e-05
DP	0	397	0	0	18	1.58542371303098e-05
DP	0	398	0	0	16	1.4092655226942e-05
DP	0	399	0	0	17	1.49734461786259e-05
DP	0	400	0	0	19	1.67350280819937e-05
DP	0	401	0	0	17	1.49734461786259e-05
DP	0	402	0	0	23	2.02581918887292e-05
DP	0	403	0	0	19	1.67350280819937e-05
DP	0	404	0	0	13	1.14502823718904e-05
DP	0	405	0	0	15	1.32118642752582e-05
DP	0	406	0	0	24	2.11389828404131e-05
DP	0	407	0	0	12	1.05694914202065e-05
DP	0	408	0	0	9	7.9271185651549e-06
DP	0	409	0	0	20	1.76158190336776e-05
DP	0	410	0	0	12	1.05694914202065e-05
DP	0	411	0	0	23	2.02581918887292e-05
DP	0	412	0	0	17	1.49734461786259e-05
DP	0	413	0	0	12	1.05694914202065e-05
DP	0	414	0	0	15	1.32118642752582e-05
DP	0	415	0	0	19	1.67350280819937e-05
DP	0	416	0	0	14	1.23310733235743e-05
DP	0	417	0	0	18	1.58542371303098e-05
DP	0	418	0	0	14	1.23310733235743e-05
DP	0	419	0	0	16	1.4092655226942e-05
DP	0	420	0	0	19	1.67350280819937e-05
DP	0	421	0	0	21	1.84966099853614e-05
DP	0	422	0	0	19	1.67350280819937e-05
DP	0	423	0	0	13	1.14502823718904e-05
DP	0	424	0	0	10	8.80790951683878e-06
DP	0	425	0	0	21	1.84966099853614e-05
DP	0	426	0	0	14	1.23310733235743e-05
DP	0	427	0	0	22	1.93774009370453e-05
DP	0	428	0	0	18	1.58542371303098e-05
DP	0	429	0	0	17	1.49734461786259e-05
DP	0	430	0	0	18	1.58542371303098e-05
DP	0	431	0	0	13	1.14502823718904e-05
DP	0	432	0	0	21	1.84966099853614e-05
DP	0	433	0	0	20	1.76158190336776e-05
DP	0	434	0	0	15	1.32118642752582e-05
DP	0	435	0	0	13	1.14502823718904e-05
DP	0	436	0	0	20	1.76158190336776e-05
DP	0	437	0	0	17	1.49734461786259e-05
DP	0	438	0	0	19	1.67350280819937e-05
DP	0	439	0	0	14	1.23310733235743e-05
DP	0	440	0	0	16	1.4092655226942e-05
DP	0	441	0	0	18	1.58542371303098e-05
DP	0	442	0	0	19	1.67350280819937e-05
DP	0	443	0	0	16	1.4092655226942e-05
DP	0	444	0	0	14	1.23310733235743e-05
DP	0	445	0	0	14	1.23310733235743e-05
DP	0	446	0	0	15	1.32118642752582e-05
DP	0	447	0	0	20	1.76158190336776e-05
DP	0	448	0	0	11	9.68870046852265e-06
DP	0	449	0	0	21	1.84966099853614e-05
DP	0	450	0	0	15	1.32118642752582e-05
DP	0	451	0	0	16	1.4092655226942e-05
DP	0	452	0	0	25	2.20197737920969e-05
DP	0	453	0	0	13	1.14502823718904e-05
DP	0	454	0	0	9	7.9271185651549e-06
DP	0	455	0	0	18	1.58542371303098e-05
DP	0	456	0	0	14	1.23310733235743e-05
DP	0	457	0	0	17	1.49734461786259e-05
DP	0	458	0	0	14	1.23310733235743e-05
DP	0	459	0	0	15	1.32118642752582e-05
DP	0	460	0	0	20	1.76158190336776e-05
DP	0	461	0	0	21	1.84966099853614e-05
DP	0	462	0	0	12	1.05694914202065e-05
DP	0	463	0	0	21	1.84966099853614e-05
DP	0	464	0	0	13	1.14502823718904e-05
DP	0	465	0	0	13	1.14502823718904e-05
DP	0	466	0	0	16	1.4092655226942e-05
DP	0	467	0	0	23	2.02581918887292e-05
DP	0	468	0	0	12	1.05694914202065e-05
DP	0	469	0	0	9	7.9271185651549e-06
DP	0	470	0	0	16	1.4092655226942e-05
DP	0	471	0	0	12	1.05694914202065e-05
DP	0	472	0	0	16	1.4092655226942e-05
DP	0	473	0	0	18	1.58542371303098e-05
DP	0	474	0	0	12	1.05694914202065e-05
DP	0	475	0	0	11	9.68870046852265e-06
DP	0	476	0	0	10	8.80790951683878e-06
DP	0	477	0	0	15	1.32118642752582e-05
DP	0	478	0	0	18	1.58542371303098e-05
DP	0	479	0	0	14	1.23310733235743e-05
DP	0	480	0	0	12	1.05694914202065e-05
DP	0	481	0	0	21	1.84966099853614e-05
DP	0	482	0	0	14	1.23310733235743e-05
DP	0	483	0	0	12	1.05694914202065e-05
DP	0	484	0	0	17	1.49734461786259e-05
DP	0	485	0	0	12	1.05694914202065e-05
DP	0	486	0	0	18	1.58542371303098e-05
DP	0	487	0	0	12	1.05694914202065e-05
DP	0	488	0	0	14	1.23310733235743e-05
DP	0	489	0	0	19	1.67350280819937e-05
DP	0	490	0	0	15	1.32118642752582e-05
DP	0	491	0	0	15	1.32118642752582e-05
DP	0	492	0	0	9	7.9271185651549e-06
DP	0	493	0	0	12	1.05694914202065e-05
DP	0	494	0	0	19	1.67350280819937e-05
DP	0	495	0	0	14	1.23310733235743e-05
DP	0	496	0	0	14	1.23310733235743e-05
DP	0	497	0	0	9	7.9271185651549e-06
DP	0	498	0	0	15	1.32118642752582e-05
DP	0	499	0	0	12	1.05694914202065e-05
DP	0	500	0	0	16	1.4092655226942e-05
DP	0	>500	0	0	113522398	99.9895009718559
# QUAL, Stats by quality
# QUAL	[2]id	[3]Quality	[4]number of SNPs	[5]number of transitions (1st ALT)	[6]number of transversions (1st ALT)	[7]number of indels
QUAL	0	30	49027	21529	25417	4312
QUAL	0	31	50147	21145	25926	4157
QUAL	0	32	27915	10153	15034	3505
QUAL	0	33	51886	22870	26505	4637
QUAL	0	34	44995	18896	23094	4007
QUAL	0	35	26366	9682	14081	3366
QUAL	0	36	52717	23361	26893	4638
QUAL	0	37	40601	17038	20805	3983
QUAL	0	38	25787	9879	13353	3348
QUAL	0	39	53189	23921	26795	4422
QUAL	0	40	37173	15820	18703	3720
QUAL	0	41	24571	9268	12931	3164
QUAL	0	42	52407	23704	26319	4410
QUAL	0	43	34262	14646	17012	3731
QUAL	0	44	23762	9153	12200	3205
QUAL	0	45	51103	23222	25548	4368
QUAL	0	46	33590	14403	16587	3648
QUAL	0	47	23452	9210	11938	3111
QUAL	0	48	49737	22449	24874	4367
QUAL	0	49	33687	14464	16587	3519
QUAL	0	50	24569	9651	12273	3058
QUAL	0	51	48973	21844	24487	4034
QUAL	0	52	33574	14446	16380	3357
QUAL	0	53	23782	9582	11684	2783
QUAL	0	54	45858	20728	22720	3840
QUAL	0	55	32846	14653	15847	3174
QUAL	0	56	22786	9490	11091	2754
QUAL	0	57	42176	18912	21097	3743
QUAL	0	58	33159	14738	16111	2981
QUAL	0	59	22074	9118	10951	2617
QUAL	0	60	39224	17641	19446	3569
QUAL	0	61	33138	15023	16063	3036
QUAL	0	62	22146	9438	10783	2529
QUAL	0	63	35996	16263	17809	3379
QUAL	0	64	33907	15542	16362	2911
QUAL	0	65	21203	9171	10246	2479
QUAL	0	66	33960	15489	16644	3323
QUAL	0	67	33650	15448	16275	2871
QUAL	0	68	21364	9343	10205	2497
QUAL	0	69	31351	14370	15171	3251
QUAL	0	70	34303	16004	16465	2859
QUAL	0	71	20692	8940	10031	2451
QUAL	0	72	29780	13598	14396	3182
QUAL	0	73	34615	16196	16611	2932
QUAL	0	74	20680	9000	9896	2299
QUAL	0	75	28356	13292	13387	3071
QUAL	0	76	34556	16206	16590	2908
QUAL	0	77	20407	9010	9735	2381
QUAL	0	78	27701	13170	12911	3233
QUAL	0	79	34995	16512	16772	2774
QUAL	0	80	20290	9087	9604	2408
QUAL	0	81	27106	12828	12657	3110
QUAL	0	82	34112	16149	16268	2771
QUAL	0	83	19937	8923	9394	2315
QUAL	0	84	26862	12918	12321	3174
QUAL	0	85	33865	16248	15927	2645
QUAL	0	86	19374	8680	9185	2293
QUAL	0	87	26572	12682	12279	3049
QUAL	0	88	32962	15802	15500	2657
QUAL	0	89	19062	8534	9062	2186
QUAL	0	90	26351	12852	12117	3107
QUAL	0	91	32681	15716	15361	2558
QUAL	0	92	18841	8561	8703	2145
QUAL	0	93	26699	12774	12350	2970
QUAL	0	94	31860	15444	14726	2452
QUAL	0	95	18721	8478	8722	2074
QUAL	0	96	27639	13426	12720	3051
QUAL	0	97	30635	15334	13668	2444
QUAL	0	98	18464	8526	8491	2097
QUAL	0	99	26629	12692	12496	2910
QUAL	0	100	31114	15539	14032	2375
QUAL	0	101	18506	8721	8400	2096
QUAL	0	102	26814	12945	12439	2873
QUAL	0	103	30114	15194	13424	2455
QUAL	0	104	18710	8946	8369	2026
QUAL	0	105	27829	13541	12915	2904
QUAL	0	106	28839	14725	12674	2354
QUAL	0	107	19066	9213	8450	2108
QUAL	0	108	28019	13798	12929	2771
QUAL	0	109	28389	14521	12358	2433
QUAL	0	110	19454	9642	8480	1945
QUAL	0	111	28612	13856	13425	2905
QUAL	0	112	27139	14079	11642	2453
QUAL	0	113	20014	9928	8656	2173
QUAL	0	114	29701	14574	13784	2912
QUAL	0	115	25901	13483	11019	2359
QUAL	0	116	20431	10322	8758	2019
QUAL	0	117	29724	14842	13476	2886
QUAL	0	118	24619	12781	10438	2398
QUAL	0	119	21564	10800	9386	1993
QUAL	0	120	30700	15609	13776	2869
QUAL	0	121	23171	11947	9833	2521
QUAL	0	122	22258	11556	9438	1992
QUAL	0	123	30927	15927	13647	2846
QUAL	0	124	22459	11487	9641	2353
QUAL	0	125	23285	11928	10041	2049
QUAL	0	126	31643	16372	13948	2957
QUAL	0	127	21155	10789	9016	2397
QUAL	0	128	24251	12501	10419	2027
QUAL	0	129	32243	16987	13937	2934
QUAL	0	130	20480	10547	8656	2293
QUAL	0	131	25152	12995	10854	2033
QUAL	0	132	32925	17763	13859	2899
QUAL	0	133	20477	10761	8502	2368
QUAL	0	134	25861	13401	11224	1994
QUAL	0	135	33472	18306	13853	3019
QUAL	0	136	20304	10625	8388	2365
QUAL	0	137	27193	14139	11759	1925
QUAL	0	138	34007	19043	13705	2937
QUAL	0	139	20181	10581	8295	2301
QUAL	0	140	28064	14502	12319	1987
QUAL	0	141	33201	18635	13279	2846
QUAL	0	142	21017	11083	8739	2413
QUAL	0	143	28937	15281	12503	2022
QUAL	0	144	32566	18450	12841	2807
QUAL	0	145	22042	11853	8967	2384
QUAL	0	146	30086	15813	13109	1911
QUAL	0	147	31219	17494	12428	2934
QUAL	0	148	22824	12371	9158	2356
QUAL	0	149	32186	17129	13808	2150
QUAL	0	150	29154	16315	11610	2824
QUAL	0	151	23362	12664	9396	2476
QUAL	0	152	33580	18167	14217	2049
QUAL	0	153	27239	15315	10726	2819
QUAL	0	154	24021	13066	9706	2520
QUAL	0	155	36270	19815	15215	2150
QUAL	0	156	25420	14152	10055	2911
QUAL	0	157	24951	13745	9926	2503
QUAL	0	158	38607	21398	15950	2147
QUAL	0	159	23680	13091	9441	2896
QUAL	0	160	25872	14229	10438	2513
QUAL	0	161	41339	23594	16442	2235
QUAL	0	162	22702	12378	9150	2997
QUAL	0	163	26170	14411	10539	2565
QUAL	0	164	44272	25508	17562	2263
QUAL	0	165	21758	11977	8665	2958
QUAL	0	166	27107	14947	10975	2503
QUAL	0	167	46557	27408	17917	2242
QUAL	0	168	22295	12190	8919	3025
QUAL	0	169	27480	15033	11229	2504
QUAL	0	170	48399	28663	18548	2285
QUAL	0	171	22714	12602	8992	2988
QUAL	0	172	28805	15927	11698	2604
QUAL	0	173	49282	29354	18685	2343
QUAL	0	174	23558	13157	9204	3171
QUAL	0	175	30618	16939	12387	2455
QUAL	0	176	48625	29150	18211	2340
QUAL	0	177	24988	14117	9650	3128
QUAL	0	178	32185	17931	13098	2489
QUAL	0	179	46687	28006	17483	2348
QUAL	0	180	26172	14864	10105	3159
QUAL	0	181	35065	19612	14213	2581
QUAL	0	182	43662	26089	16380	2513
QUAL	0	183	26809	15411	10169	3207
QUAL	0	184	38402	21868	15268	2629
QUAL	0	185	39970	23801	14997	2532
QUAL	0	186	27698	16052	10485	3118
QUAL	0	187	42777	24640	16908	2621
QUAL	0	188	36692	21807	13731	2540
QUAL	0	189	28313	16527	10581	3165
QUAL	0	190	47441	27869	18321	2621
QUAL	0	191	34075	19850	13030	2572
QUAL	0	192	28528	16539	10803	3192
QUAL	0	193	52262	30970	20004	2676
QUAL	0	194	32277	18638	12483	2743
QUAL	0	195	28803	16926	10690	3222
QUAL	0	196	57573	34741	21584	2636
QUAL	0	197	31876	18400	12307	2736
QUAL	0	198	28956	16936	10816	3410
QUAL	0	199	62412	37977	23153	2555
QUAL	0	200	32789	18971	12567	2751
QUAL	0	201	29035	17023	10841	3489
QUAL	0	202	65707	40487	23977	2601
QUAL	0	203	34719	20110	13353	2739
QUAL	0	204	29530	17363	11041	3671
QUAL	0	205	67196	41518	24457	2643
QUAL	0	206	38123	22318	14621	2888
QUAL	0	207	29394	17382	10921	3762
QUAL	0	208	66761	41573	23914	2780
QUAL	0	209	42009	24945	15904	2772
QUAL	0	210	29912	17479	11267	4075
QUAL	0	211	63732	39806	22689	2672
QUAL	0	212	46367	27505	17581	2786
QUAL	0	213	30282	17740	11452	4004
QUAL	0	214	59297	36742	21384	2726
QUAL	0	215	51645	31198	19233	2815
QUAL	0	216	31195	18388	11684	4106
QUAL	0	217	54045	33449	19376	2774
QUAL	0	218	57219	34716	21262	2813
QUAL	0	219	32980	19497	12314	4199
QUAL	0	220	49032	30302	17496	2839
QUAL	0	221	63710	39265	23198	2874
QUAL	0	222	34551	20685	12713	4121
QUAL	0	223	44029	26831	15965	2866
QUAL	0	224	70077	43273	25462	2914
QUAL	0	225	35776	21624	12978	4074
QUAL	0	226	40802	24866	14715	2908
QUAL	0	227	76094	47384	27404	3059
QUAL	0	228	38198	23109	13989	4073
QUAL	0	229	38961	23663	14133	3111
QUAL	0	230	81712	51254	29101	3025
QUAL	0	231	40683	24763	14665	3983
QUAL	0	232	38418	23132	14149	3115
QUAL	0	233	86078	54226	30514	3135
QUAL	0	234	43212	26421	15549	3926
QUAL	0	235	39256	23640	14518	3151
QUAL	0	236	88209	55534	31376	3120
QUAL	0	237	44625	27593	15832	4089
QUAL	0	238	41486	25133	15236	3340
QUAL	0	239	87404	55137	30956	3197
QUAL	0	240	45892	28499	16247	4006
QUAL	0	241	44948	27326	16444	3428
QUAL	0	242	83960	53053	29613	3160
QUAL	0	243	47252	29373	16706	4089
QUAL	0	244	50125	30652	18302	3455
QUAL	0	245	77835	49075	27501	3406
QUAL	0	246	48251	30164	16960	4362
QUAL	0	247	56398	34546	20605	3537
QUAL	0	248	69880	44022	24679	3410
QUAL	0	249	48996	30434	17364	4499
QUAL	0	250	63879	39573	23059	3620
QUAL	0	251	61922	38778	21968	3595
QUAL	0	252	50325	31307	17777	4598
QUAL	0	253	73721	46300	26120	3655
QUAL	0	254	54035	33606	19219	3585
QUAL	0	255	52480	32754	18516	4683
QUAL	0	256	83041	52120	29591	3728
QUAL	0	257	45551	28114	16256	3645
QUAL	0	258	54840	34218	19533	4736
QUAL	0	259	94653	60006	33256	3871
QUAL	0	260	47105	29500	16467	3733
QUAL	0	261	52649	32454	18977	4718
QUAL	0	262	103388	65979	36054	3835
QUAL	0	263	49904	31120	17512	3671
QUAL	0	264	50669	31303	18246	4623
QUAL	0	265	110198	70325	38444	3857
QUAL	0	266	52329	32851	18296	3731
QUAL	0	267	51290	31585	18501	4644
QUAL	0	268	111996	71555	39097	3862
QUAL	0	269	55169	34511	19438	3688
QUAL	0	270	53917	33313	19490	4676
QUAL	0	271	111052	71086	38576	3947
QUAL	0	272	56963	35921	19798	3775
QUAL	0	273	57924	35873	20883	4858
QUAL	0	274	106166	67953	36836	3844
QUAL	0	275	58368	36999	20127	3890
QUAL	0	276	63855	39809	22795	4890
QUAL	0	277	97163	61938	33890	3920
QUAL	0	278	58976	37378	20396	3982
QUAL	0	279	72264	45271	25749	4946
QUAL	0	280	87640	55854	30470	4011
QUAL	0	281	58964	37540	20207	4125
QUAL	0	282	82730	52259	29165	5083
QUAL	0	283	76481	48627	26559	3982
QUAL	0	284	58641	37522	19966	4278
QUAL	0	285	96026	60845	33824	5448
QUAL	0	286	66854	42297	23275	4005
QUAL	0	287	58623	37082	20299	4410
QUAL	0	288	109865	70253	38248	5666
QUAL	0	289	59958	37876	20800	4055
QUAL	0	290	58795	37339	20227	4512
QUAL	0	291	122728	78459	42800	5889
QUAL	0	292	55308	34875	19228	4015
QUAL	0	293	58678	37280	20209	4474
QUAL	0	294	135118	86913	46741	6099
QUAL	0	295	54385	34099	19041	4101
QUAL	0	296	59651	37989	20465	4510
QUAL	0	297	142501	91722	49316	6118
QUAL	0	298	55413	34908	19214	4168
QUAL	0	299	60425	38068	21219	4439
QUAL	0	300	145560	93528	50548	6066
QUAL	0	301	56997	36190	19605	4242
QUAL	0	302	63949	40416	22262	4538
QUAL	0	303	144445	93287	49671	5911
QUAL	0	304	60079	38364	20421	4391
QUAL	0	305	67796	42790	23780	4634
QUAL	0	306	135578	87200	46858	5780
QUAL	0	307	62461	39755	21479	4352
QUAL	0	308	73882	46788	25860	4617
QUAL	0	309	123914	79795	42703	5571
QUAL	0	310	64488	41107	22158	4526
QUAL	0	311	82699	52583	28867	4674
QUAL	0	312	109542	70569	37601	5375
QUAL	0	313	66995	43183	22486	4614
QUAL	0	314	93223	59497	32445	4712
QUAL	0	315	95384	61128	32937	5380
QUAL	0	316	69265	44240	23719	4734
QUAL	0	317	106813	68657	36800	4740
QUAL	0	318	82769	52820	28657	5299
QUAL	0	319	69972	45116	23620	4901
QUAL	0	320	121368	78065	41918	4781
QUAL	0	321	74573	47154	26171	5355
QUAL	0	322	70919	45891	23747	5047
QUAL	0	323	136301	87988	46908	4822
QUAL	0	324	69950	44291	24417	5500
QUAL	0	325	70701	45853	23688	5119
QUAL	0	326	149318	96703	51130	4934
QUAL	0	327	69619	44180	24181	5999
QUAL	0	328	70726	45453	24088	5254
QUAL	0	329	157754	102258	54037	5017
QUAL	0	330	72617	46110	25223	6210
QUAL	0	331	70539	45538	23818	5467
QUAL	0	332	160752	104390	54924	5216
QUAL	0	333	78249	49777	27199	6435
QUAL	0	334	70047	44891	23944	5555
QUAL	0	335	156703	102060	53133	5043
QUAL	0	336	84909	54082	29444	6710
QUAL	0	337	69636	44714	23733	5360
QUAL	0	338	148824	96733	50690	5192
QUAL	0	339	93000	59572	32117	6806
QUAL	0	340	69147	44346	23595	5234
QUAL	0	341	136788	88774	46610	5114
QUAL	0	342	103257	66411	35484	6870
QUAL	0	343	69383	44456	23729	5037
QUAL	0	344	121810	79097	41309	5269
QUAL	0	345	115064	74277	39417	6626
QUAL	0	346	69937	44567	24164	4890
QUAL	0	347	106612	68951	36364	5364
QUAL	0	348	127560	82315	43840	6258
QUAL	0	349	72108	46312	24530	4799
QUAL	0	350	93538	60484	31814	5380
QUAL	0	351	139156	90223	47447	6220
QUAL	0	352	74416	47803	25327	4741
QUAL	0	353	83374	53883	28252	5583
QUAL	0	354	152031	98651	51910	5978
QUAL	0	355	77056	49678	26047	5016
QUAL	0	356	77214	49727	26334	5534
QUAL	0	357	161728	104852	55338	6092
QUAL	0	358	79980	51693	27038	4963
QUAL	0	359	74489	47872	25446	5624
QUAL	0	360	168809	109591	57707	6250
QUAL	0	361	82933	53628	27996	4983
QUAL	0	362	74929	48137	25613	5617
QUAL	0	363	164713	106571	56701	6686
QUAL	0	364	91817	59735	30761	5087
QUAL	0	365	76364	49016	26089	5437
QUAL	0	366	158674	102646	54478	7125
QUAL	0	367	95989	62708	31993	5183
QUAL	0	368	80845	52166	27509	5386
QUAL	0	369	148082	95660	50962	7751
QUAL	0	370	97398	64074	31991	5189
QUAL	0	371	85617	55039	29261	5516
QUAL	0	372	97295	62494	33525	8106
QUAL	0	373	136383	89523	45400	5230
QUAL	0	374	96931	62801	32885	5429
QUAL	0	375	86571	55709	29622	8471
QUAL	0	376	129979	85154	43441	5260
QUAL	0	377	108291	70104	36852	5048
QUAL	0	378	81580	52402	27985	8815
QUAL	0	379	118961	77509	40037	5148
QUAL	0	380	123033	80040	41630	5090
QUAL	0	381	80478	51778	27463	8883
QUAL	0	382	105489	68748	35387	5214
QUAL	0	383	138633	89804	47361	4957
QUAL	0	384	80704	51868	27582	8728
QUAL	0	385	94306	61214	31813	5438
QUAL	0	386	152682	99780	51458	4838
QUAL	0	387	82963	53572	28129	8625
QUAL	0	388	86899	56298	29362	5623
QUAL	0	389	164978	107456	55991	4888
QUAL	0	390	84125	54272	28566	8240
QUAL	0	391	80900	52317	27381	5594
QUAL	0	392	174619	113851	59245	4825
QUAL	0	393	87032	56554	29158	7869
QUAL	0	394	80459	51742	27536	5835
QUAL	0	395	175353	114438	59425	4615
QUAL	0	396	88163	57343	29475	7736
QUAL	0	397	81974	52901	27889	6129
QUAL	0	398	171031	111356	58162	4769
QUAL	0	399	88661	57588	29787	7398
QUAL	0	400	86906	56113	29575	6238
QUAL	0	401	160513	104705	54334	4804
QUAL	0	402	89087	57719	30095	7286
QUAL	0	403	93190	60171	31721	6465
QUAL	0	404	145811	94895	49558	4740
QUAL	0	405	89219	58251	29744	7565
QUAL	0	406	102867	66736	34842	6349
QUAL	0	407	128342	83208	43785	4956
QUAL	0	408	88920	57951	29712	7855
QUAL	0	409	115250	74756	39207	6195
QUAL	0	410	111913	72769	37868	5020
QUAL	0	411	88453	57560	29662	8355
QUAL	0	412	128934	83764	43795	6197
QUAL	0	413	96653	62744	32688	5143
QUAL	0	414	87892	57265	29499	8793
QUAL	0	415	144868	94703	48793	6033
QUAL	0	416	86037	55746	29052	4969
QUAL	0	417	87452	56567	29703	9049
QUAL	0	418	159105	104051	53618	5881
QUAL	0	419	79119	51250	26703	5013
QUAL	0	420	86653	56333	29178	9533
QUAL	0	421	170312	111317	57528	5675
QUAL	0	422	75515	48804	25485	5140
QUAL	0	423	86813	56026	29590	9749
QUAL	0	424	178011	116174	60379	5635
QUAL	0	425	74642	48450	24993	5176
QUAL	0	426	86779	56153	29447	9650
QUAL	0	427	178437	116994	59975	5708
QUAL	0	428	76620	49621	25755	5265
QUAL	0	429	87387	56378	29900	9142
QUAL	0	430	173654	113630	58565	5776
QUAL	0	431	78554	50839	26517	5334
QUAL	0	432	89883	57952	30745	8875
QUAL	0	433	162003	105769	54869	5778
QUAL	0	434	79768	51707	26864	5298
QUAL	0	435	94137	60872	32122	8206
QUAL	0	436	146155	95626	49202	5880
QUAL	0	437	81794	53240	27347	5392
QUAL	0	438	100641	65512	33906	7908
QUAL	0	439	129989	84664	44033	5856
QUAL	0	440	83812	54777	27817	5498
QUAL	0	441	110211	71555	37401	7994
QUAL	0	442	112828	73092	38497	6016
QUAL	0	443	85156	55696	28296	5472
QUAL	0	444	122045	79430	41385	7658
QUAL	0	445	97187	62926	33002	5871
QUAL	0	446	85769	56320	28326	5441
QUAL	0	447	134298	87490	45504	7860
QUAL	0	448	87602	56806	29679	5960
QUAL	0	449	86115	56535	28411	5391
QUAL	0	450	147027	96203	49517	8382
QUAL	0	451	82572	53377	28046	5875
QUAL	0	452	85902	56364	28397	5345
QUAL	0	453	156758	102422	52956	8977
QUAL	0	454	80383	52043	27200	5815
QUAL	0	455	84359	55098	28140	5380
QUAL	0	456	162534	106276	54847	9445
QUAL	0	457	81355	52857	27356	5763
QUAL	0	458	83413	54312	27999	5173
QUAL	0	459	162190	106140	54686	10050
QUAL	0	460	83650	53981	28506	5890
QUAL	0	461	81847	53390	27326	5222
QUAL	0	462	157792	103047	53339	10278
QUAL	0	463	88102	57381	29525	5822
QUAL	0	464	80249	52304	26866	5216
QUAL	0	465	147596	96469	49849	10219
QUAL	0	466	93283	60697	31439	5913
QUAL	0	467	78101	50924	26148	5238
QUAL	0	468	133779	87626	44883	10076
QUAL	0	469	100154	65258	33707	5786
QUAL	0	470	77046	50115	25853	5064
QUAL	0	471	119646	77767	40740	9725
QUAL	0	472	109265	71327	36706	5869
QUAL	0	473	76207	49555	25534	5172
QUAL	0	474	105183	68700	35311	9343
QUAL	0	475	117601	76745	39628	5839
QUAL	0	476	76525	49956	25516	4978
QUAL	0	477	93057	60324	31585	8917
QUAL	0	478	123836	81311	41306	5821
QUAL	0	479	78972	51825	26101	4902
QUAL	0	480	85336	55668	28606	8368
QUAL	0	481	129839	84753	43847	5929
QUAL	0	482	81784	53711	26931	5042
QUAL	0	483	79082	51456	26607	7995
QUAL	0	484	130205	85032	43932	5709
QUAL	0	485	87703	58084	28503	4736
QUAL	0	486	74962	48156	25718	8060
QUAL	0	487	114127	74344	38607	5838
QUAL	0	488	111430	73532	36722	4966
QUAL	0	489	72820	47013	24784	8315
QUAL	0	490	96831	63032	32633	5840
QUAL	0	491	129679	85729	42719	4894
QUAL	0	492	73928	47713	25219	8800
QUAL	0	493	88199	57722	29389	5848
QUAL	0	494	133056	87442	44357	5002
QUAL	0	495	76455	49268	26108	9298
QUAL	0	496	83008	54002	27895	5935
QUAL	0	497	127863	84084	42591	5235
QUAL	0	498	81412	52402	27923	9866
QUAL	0	499	79398	51654	26729	5784
QUAL	0	500	117976	77179	39678	5302
QUAL	0	501	87291	56369	29792	10502
QUAL	0	502	76221	49652	25555	5643
QUAL	0	503	106064	69346	35611	5404
QUAL	0	504	94959	61739	32130	10665
QUAL	0	505	73237	47704	24477	5624
QUAL	0	506	92723	60585	31151	5297
QUAL	0	507	105972	69302	35548	10688
QUAL	0	508	70997	46373	23663	5560
QUAL	0	509	81967	53539	27433	5343
QUAL	0	510	115022	75004	38853	10232
QUAL	0	511	70168	45768	23407	5418
QUAL	0	512	75733	49606	25148	5309
QUAL	0	513	122200	80013	41024	9598
QUAL	0	514	69951	45461	23424	5244
QUAL	0	515	71373	46747	23692	5473
QUAL	0	516	127048	83486	42461	9019
QUAL	0	517	69680	45695	22938	5182
QUAL	0	518	69579	45667	22940	5145
QUAL	0	519	128600	84397	43041	8395
QUAL	0	520	70491	46102	23377	5081
QUAL	0	521	69036	44857	23230	5394
QUAL	0	522	127972	83776	43000	7850
QUAL	0	523	70308	46121	23187	4962
QUAL	0	524	69278	45205	23111	5286
QUAL	0	525	122294	80034	41163	7704
QUAL	0	526	70825	46515	23324	5068
QUAL	0	527	70574	46070	23556	5410
QUAL	0	528	114445	74836	38558	7734
QUAL	0	529	70603	46343	23261	5055
QUAL	0	530	74187	48349	24822	5466
QUAL	0	531	105217	68666	35517	8156
QUAL	0	532	68719	45180	22582	5070
QUAL	0	533	78075	51071	26042	5500
QUAL	0	534	93826	60941	31823	8607
QUAL	0	535	69144	45544	22663	5323
QUAL	0	536	83652	54704	27977	5375
QUAL	0	537	83469	54309	28107	9258
QUAL	0	538	67714	44486	22355	5330
QUAL	0	539	91070	59421	30655	5451
QUAL	0	540	74514	48493	25091	10028
QUAL	0	541	67216	44083	22172	5315
QUAL	0	542	97523	63987	32508	5255
QUAL	0	543	68554	44204	23391	10225
QUAL	0	544	66289	43564	21870	5298
QUAL	0	545	103970	68332	34612	5079
QUAL	0	546	64110	41368	21818	10589
QUAL	0	547	65615	42923	21723	5193
QUAL	0	548	108580	71378	36165	5104
QUAL	0	549	61401	39860	20617	10314
QUAL	0	550	64495	42102	21446	5064
QUAL	0	551	111053	72839	37195	4966
QUAL	0	552	60902	39307	20623	10042
QUAL	0	553	64045	41960	21179	4989
QUAL	0	554	110321	72629	36675	4689
QUAL	0	555	61086	39658	20479	9471
QUAL	0	556	63961	41812	21205	5079
QUAL	0	557	105248	68911	35301	4591
QUAL	0	558	60473	39454	20149	8755
QUAL	0	559	64204	42050	21309	4942
QUAL	0	560	97623	63926	32667	4657
QUAL	0	561	62572	40904	20799	8471
QUAL	0	562	66187	43450	21829	5005
QUAL	0	563	89003	58468	29556	4604
QUAL	0	564	62812	40892	21030	7788
QUAL	0	565	68438	44700	22804	5041
QUAL	0	566	80000	52323	26689	4693
QUAL	0	567	62521	40677	20950	7698
QUAL	0	568	72249	47096	24253	5046
QUAL	0	569	72436	47494	24072	4786
QUAL	0	570	61962	40285	20803	7639
QUAL	0	571	76543	50391	25269	5130
QUAL	0	572	65483	42787	21809	4819
QUAL	0	573	61674	40434	20370	7787
QUAL	0	574	82345	54230	27196	5069
QUAL	0	575	61139	39829	20450	4956
QUAL	0	576	61051	39727	20484	8322
QUAL	0	577	85625	56209	28474	5201
QUAL	0	578	58168	38032	19256	5060
QUAL	0	579	60944	39579	20508	8671
QUAL	0	580	88966	58341	29671	5015
QUAL	0	581	57146	37365	18882	5145
QUAL	0	582	60347	39253	20211	9260
QUAL	0	583	90484	59404	30138	5161
QUAL	0	584	56900	37124	18963	5030
QUAL	0	585	59740	38696	20252	9604
QUAL	0	586	88842	58272	29633	5034
QUAL	0	587	57682	37801	19057	5045
QUAL	0	588	59007	38283	19863	9566
QUAL	0	589	85136	56032	28190	4717
QUAL	0	590	59061	38591	19586	5084
QUAL	0	591	57855	37365	19630	9439
QUAL	0	592	80078	52765	26434	4610
QUAL	0	593	61174	39889	20443	4942
QUAL	0	594	56490	36586	19045	9191
QUAL	0	595	74499	48786	24822	4474
QUAL	0	596	62199	40718	20615	4981
QUAL	0	597	56125	36387	18933	8713
QUAL	0	598	68551	44957	22722	4495
QUAL	0	599	63507	41517	21161	4827
QUAL	0	600	56381	36811	18783	8137
QUAL	0	601	63239	41242	21164	4283
QUAL	0	602	64165	41857	21483	4684
QUAL	0	603	55147	36054	18332	7730
QUAL	0	604	58222	37991	19419	4499
QUAL	0	605	58802	38412	19559	4758
QUAL	0	606	66054	43028	22165	7183
QUAL	0	607	55382	36116	18504	4344
QUAL	0	608	57063	37580	18736	4640
QUAL	0	609	69711	45599	23228	7038
QUAL	0	610	53065	34427	17814	4674
QUAL	0	611	55977	36949	18263	4468
QUAL	0	612	73069	48033	24156	7116
QUAL	0	613	51664	33703	17139	4473
QUAL	0	614	55117	36102	18188	4502
QUAL	0	615	73849	48239	24766	7418
QUAL	0	616	50855	33095	17002	4526
QUAL	0	617	54424	35863	17800	4413
QUAL	0	618	73587	48210	24566	7857
QUAL	0	619	51365	33508	17066	4796
QUAL	0	620	53741	35374	17559	4384
QUAL	0	621	71392	46463	24089	8206
QUAL	0	622	51876	33860	17215	4820
QUAL	0	623	52267	34236	17291	4426
QUAL	0	624	66830	43523	22419	8689
QUAL	0	625	55386	36140	18447	4754
QUAL	0	626	51343	33661	16909	4195
QUAL	0	627	62605	40825	21022	9181
QUAL	0	628	57012	37289	18946	4745
QUAL	0	629	49633	32538	16356	4283
QUAL	0	630	59166	38646	19722	9209
QUAL	0	631	58814	38572	19474	4575
QUAL	0	632	49193	32193	16200	4138
QUAL	0	633	56068	36574	18733	9087
QUAL	0	634	60582	39546	20201	4484
QUAL	0	635	48355	31630	15978	4128
QUAL	0	636	53573	35077	17656	8645
QUAL	0	637	62207	40829	20535	4275
QUAL	0	638	47714	31431	15567	4100
QUAL	0	639	51338	33311	17293	8139
QUAL	0	640	63329	41489	21015	4352
QUAL	0	641	47106	30899	15470	3955
QUAL	0	642	49699	32411	16540	7587
QUAL	0	643	64108	42059	21238	4324
QUAL	0	644	46665	30416	15515	4020
QUAL	0	645	49535	32268	16554	7094
QUAL	0	646	64153	41910	21469	4377
QUAL	0	647	46017	30131	15129	3917
QUAL	0	648	48598	31654	16203	6679
QUAL	0	649	63863	41917	21132	4368
QUAL	0	650	45920	30295	14886	4058
QUAL	0	651	48873	31851	16260	6195
QUAL	0	652	61980	40452	20780	4329
QUAL	0	653	45675	29974	14975	4062
QUAL	0	654	49055	31879	16443	6294
QUAL	0	655	59174	38681	19726	4324
QUAL	0	656	45285	29743	14828	4174
QUAL	0	657	49803	32281	16782	6468
QUAL	0	658	57167	37233	19153	4372
QUAL	0	659	45658	29815	15151	4371
QUAL	0	660	51607	33528	17364	6731
QUAL	0	661	53683	35306	17663	4355
QUAL	0	662	45222	29729	14757	4412
QUAL	0	663	52754	34436	17636	7129
QUAL	0	664	51016	33366	16898	4334
QUAL	0	665	44904	29583	14683	4620
QUAL	0	666	54145	35217	18214	7647
QUAL	0	667	48334	31592	16038	4367
QUAL	0	668	44672	29311	14674	4377
QUAL	0	669	55082	35952	18399	7781
QUAL	0	670	46508	30343	15437	4226
QUAL	0	671	44566	29320	14545	4296
QUAL	0	672	57230	37310	19166	7972
QUAL	0	673	44655	29257	14727	4134
QUAL	0	674	44542	29231	14639	4119
QUAL	0	675	58240	37906	19613	7776
QUAL	0	676	44116	28861	14594	4039
QUAL	0	677	43956	28750	14534	4085
QUAL	0	678	57851	37683	19397	7569
QUAL	0	679	44238	28906	14600	3923
QUAL	0	680	44340	29230	14448	3879
QUAL	0	681	56937	37141	19005	7097
QUAL	0	682	43746	28652	14416	3883
QUAL	0	683	43995	28785	14514	3653
QUAL	0	684	56178	36806	18607	6589
QUAL	0	685	43013	28266	14025	3929
QUAL	0	686	44011	28861	14444	3619
QUAL	0	687	54514	35802	17987	6169
QUAL	0	688	42434	27815	13923	4039
QUAL	0	689	44544	29332	14540	3553
QUAL	0	690	53131	34726	17714	5953
QUAL	0	691	42820	27988	14189	3964
QUAL	0	692	44531	29294	14571	3605
QUAL	0	693	51086	33481	16930	5970
QUAL	0	694	42841	28111	14049	4048
QUAL	0	695	46086	30279	15113	3579
QUAL	0	696	49061	32024	16353	5819
QUAL	0	697	42636	27799	14195	4105
QUAL	0	698	46630	30691	15292	3566
QUAL	0	699	48012	31170	16154	6202
QUAL	0	700	42290	27886	13716	4269
QUAL	0	701	47510	31261	15541	3590
QUAL	0	702	46941	30665	15584	6270
QUAL	0	703	42104	27505	13919	4387
QUAL	0	704	47818	31587	15584	3721
QUAL	0	705	46567	30276	15643	6524
QUAL	0	706	42553	27951	13940	4161
QUAL	0	707	49058	32254	16135	3644
QUAL	0	708	45587	29701	15280	6847
QUAL	0	709	42324	27714	13954	4239
QUAL	0	710	48867	32014	16162	3739
QUAL	0	711	45055	29280	15119	7002
QUAL	0	712	42681	27880	14143	4057
QUAL	0	713	48834	32047	16105	3529
QUAL	0	714	45004	29299	15000	6849
QUAL	0	715	42642	27950	13975	3984
QUAL	0	716	48742	32014	16039	3450
QUAL	0	717	44768	29197	14887	6817
QUAL	0	718	41495	27161	13683	3850
QUAL	0	719	48315	31807	15829	3410
QUAL	0	720	43277	28187	14417	6606
QUAL	0	721	41761	27410	13668	3817
QUAL	0	722	47198	31174	15381	3408
QUAL	0	723	42365	27775	13953	6093
QUAL	0	724	42776	28125	14002	3700
QUAL	0	725	46382	30455	15262	3300
QUAL	0	726	41474	27082	13746	5774
QUAL	0	727	43571	28662	14299	3703
QUAL	0	728	45672	29970	15046	3317
QUAL	0	729	41977	27391	13952	5319
QUAL	0	730	43936	28860	14407	3759
QUAL	0	731	45008	29574	14791	3393
QUAL	0	732	41246	26986	13596	5115
QUAL	0	733	44564	29293	14588	3788
QUAL	0	734	44305	29148	14480	3315
QUAL	0	735	41071	26736	13685	5074
QUAL	0	736	44954	29399	14885	3803
QUAL	0	737	43962	28847	14473	3386
QUAL	0	738	41629	27356	13615	5013
QUAL	0	739	44919	29356	14869	3953
QUAL	0	740	43358	28528	14186	3357
QUAL	0	741	41825	27264	13966	5141
QUAL	0	742	44410	29255	14549	3882
QUAL	0	743	43935	28843	14392	3480
QUAL	0	744	41685	27286	13767	5470
QUAL	0	745	43988	28977	14346	3845
QUAL	0	746	43058	28101	14320	3407
QUAL	0	747	42118	27709	13777	5587
QUAL	0	748	44032	28855	14517	3869
QUAL	0	749	43188	28460	14078	3429
QUAL	0	750	42283	27789	13894	5836
QUAL	0	751	44000	28897	14442	3897
QUAL	0	752	42467	27880	13954	3390
QUAL	0	753	42324	27658	14018	5838
QUAL	0	754	43127	28391	14072	3602
QUAL	0	755	41957	27529	13789	3378
QUAL	0	756	41729	27265	13838	5938
QUAL	0	757	43089	28302	14180	3590
QUAL	0	758	41855	27563	13739	3345
QUAL	0	759	41753	27316	13817	5734
QUAL	0	760	42665	28053	14006	3585
QUAL	0	761	41751	27320	13837	3069
QUAL	0	762	42003	27311	14114	5660
QUAL	0	763	43425	28617	14228	3436
QUAL	0	764	42003	27607	13783	3099
QUAL	0	765	41413	27147	13655	5312
QUAL	0	766	42545	27912	13975	3540
QUAL	0	767	42505	27965	13904	3050
QUAL	0	768	41420	27203	13563	4987
QUAL	0	769	42304	27927	13775	3646
QUAL	0	770	41813	27532	13670	3042
QUAL	0	771	40675	26566	13482	4828
QUAL	0	772	42479	27973	13903	3619
QUAL	0	773	42916	28240	14083	2964
QUAL	0	774	40359	26498	13284	4539
QUAL	0	775	42464	27958	13886	3587
QUAL	0	776	42895	28189	14108	3115
QUAL	0	777	40107	26255	13223	4503
QUAL	0	778	41758	27339	13823	3565
QUAL	0	779	42732	28066	14084	3128
QUAL	0	780	40387	26578	13163	4638
QUAL	0	781	41869	27652	13612	3684
QUAL	0	782	42794	28232	13943	3181
QUAL	0	783	40103	26327	13210	4542
QUAL	0	784	40933	27013	13326	3707
QUAL	0	785	42524	27999	13939	3135
QUAL	0	786	40118	26396	13089	4709
QUAL	0	787	40747	26614	13469	3727
QUAL	0	788	42563	28085	13896	3195
QUAL	0	789	40683	26804	13274	5004
QUAL	0	790	40732	26616	13479	3583
QUAL	0	791	41903	27599	13654	3177
QUAL	0	792	40768	26984	13190	4941
QUAL	0	793	40660	26543	13516	3629
QUAL	0	794	41451	27201	13619	3088
QUAL	0	795	40832	26783	13454	5105
QUAL	0	796	40862	26810	13430	3536
QUAL	0	797	41503	27616	13319	3143
QUAL	0	798	41391	27139	13691	5186
QUAL	0	799	40914	26958	13384	3489
QUAL	0	800	41210	27128	13481	3114
QUAL	0	801	40699	26652	13451	4889
QUAL	0	802	41495	27535	13358	3412
QUAL	0	803	40648	26851	13215	3142
QUAL	0	804	40878	26861	13401	4696
QUAL	0	805	41569	27395	13583	3324
QUAL	0	806	40087	26357	13103	3037
QUAL	0	807	40621	26796	13172	4588
QUAL	0	808	42397	28030	13809	3333
QUAL	0	809	39234	25804	12849	2939
QUAL	0	810	40371	26538	13232	4439
QUAL	0	811	42609	28196	13849	3227
QUAL	0	812	38681	25637	12453	2915
QUAL	0	813	40397	26550	13262	4197
QUAL	0	814	42571	27986	14028	3269
QUAL	0	815	38286	25274	12425	2879
QUAL	0	816	39813	26345	12866	4253
QUAL	0	817	42979	28454	13968	3395
QUAL	0	818	38050	25040	12454	2972
QUAL	0	819	39733	26208	12966	4075
QUAL	0	820	42842	28296	13998	3330
QUAL	0	821	37891	25176	12103	2964
QUAL	0	822	39664	25932	13156	4053
QUAL	0	823	43386	28713	14079	3355
QUAL	0	824	37890	25066	12229	2898
QUAL	0	825	39514	25989	12920	4212
QUAL	0	826	42895	28205	14124	3343
QUAL	0	827	38074	25228	12262	2900
QUAL	0	828	39754	26056	13116	4195
QUAL	0	829	42672	28184	13910	3440
QUAL	0	830	38040	25100	12376	2922
QUAL	0	831	39857	26216	13085	4302
QUAL	0	832	42202	27797	13824	3392
QUAL	0	833	38736	25642	12551	2849
QUAL	0	834	40070	26416	13058	4262
QUAL	0	835	41755	27486	13694	3359
QUAL	0	836	38663	25405	12680	2797
QUAL	0	837	40528	26692	13304	4403
QUAL	0	838	40419	26548	13279	3356
QUAL	0	839	38703	25751	12364	2860
QUAL	0	840	40634	26558	13516	4445
QUAL	0	841	39551	26121	12878	3347
QUAL	0	842	39187	25767	12883	2871
QUAL	0	843	41209	27167	13478	4301
QUAL	0	844	38981	25707	12670	3255
QUAL	0	845	39068	25914	12599	2804
QUAL	0	846	41558	27376	13632	4204
QUAL	0	847	38173	25139	12479	3240
QUAL	0	848	38952	25633	12728	2852
QUAL	0	849	41855	27606	13644	3898
QUAL	0	850	37878	24964	12345	3281
QUAL	0	851	38440	25503	12353	2740
QUAL	0	852	42291	27871	13885	3831
QUAL	0	853	37159	24342	12266	3159
QUAL	0	854	38001	25175	12245	2719
QUAL	0	855	42348	27914	13868	3714
QUAL	0	856	36560	24258	11763	3277
QUAL	0	857	38009	25193	12274	2745
QUAL	0	858	42518	27801	14135	3580
QUAL	0	859	36909	24517	11824	3158
QUAL	0	860	37642	24679	12405	2693
QUAL	0	861	42420	27884	13951	3498
QUAL	0	862	36744	24208	12002	3337
QUAL	0	863	37512	24687	12235	2788
QUAL	0	864	41733	27569	13593	3608
QUAL	0	865	37264	24655	12058	3334
QUAL	0	866	37759	25122	12043	2657
QUAL	0	867	41617	27411	13665	3606
QUAL	0	868	38088	25230	12323	3372
QUAL	0	869	37815	24985	12323	2763
QUAL	0	870	41281	27192	13515	3602
QUAL	0	871	37404	24783	12070	3273
QUAL	0	872	38097	25163	12392	2784
QUAL	0	873	39524	26001	13012	3769
QUAL	0	874	38279	25500	12239	3197
QUAL	0	875	38312	25417	12343	2762
QUAL	0	876	38612	25282	12797	3729
QUAL	0	877	38424	25404	12430	3289
QUAL	0	878	38986	25929	12532	2706
QUAL	0	879	38345	25192	12628	3723
QUAL	0	880	38319	25454	12309	3152
QUAL	0	881	38707	25630	12529	2850
QUAL	0	882	38088	25037	12564	3813
QUAL	0	883	38161	25235	12355	3242
QUAL	0	884	38984	25838	12595	2824
QUAL	0	885	36928	24200	12164	3698
QUAL	0	886	37760	24933	12304	3112
QUAL	0	887	39059	25867	12635	2689
QUAL	0	888	36408	23959	11900	3607
QUAL	0	889	37983	25214	12220	3177
QUAL	0	890	39112	25853	12722	2761
QUAL	0	891	36588	24076	12002	3340
QUAL	0	892	37310	24696	12082	3155
QUAL	0	893	39281	25967	12760	2676
QUAL	0	894	36974	24393	12003	3294
QUAL	0	895	36980	24280	12156	3121
QUAL	0	896	38661	25612	12525	2668
QUAL	0	897	36820	24312	11994	3225
QUAL	0	898	36649	24346	11798	3183
QUAL	0	899	38631	25559	12552	2718
QUAL	0	900	37188	24732	11945	3226
QUAL	0	901	37025	24366	12117	3081
QUAL	0	902	38702	25716	12491	2714
QUAL	0	903	37332	24676	12108	3240
QUAL	0	904	36561	24099	11905	3126
QUAL	0	905	37307	24734	12056	2670
QUAL	0	906	37298	24689	12125	3103
QUAL	0	907	36349	24128	11678	3116
QUAL	0	908	37253	24522	12184	2666
QUAL	0	909	37204	24652	12020	3177
QUAL	0	910	36207	24032	11684	3212
QUAL	0	911	36184	23951	11679	2668
QUAL	0	912	37940	25123	12292	3257
QUAL	0	913	36341	23991	11839	3155
QUAL	0	914	36073	23969	11607	2613
QUAL	0	915	37509	24826	12168	3363
QUAL	0	916	36436	24116	11764	3279
QUAL	0	917	35880	23596	11717	2723
QUAL	0	918	37569	24886	12187	3246
QUAL	0	919	36462	24107	11839	3104
QUAL	0	920	35273	23360	11387	2562
QUAL	0	921	37489	24872	12101	3292
QUAL	0	922	36138	23907	11726	3226
QUAL	0	923	35098	23272	11362	2688
QUAL	0	924	37255	24586	12117	3179
QUAL	0	925	35762	23640	11614	2997
QUAL	0	926	35118	23214	11401	2668
QUAL	0	927	36533	24203	11833	3235
QUAL	0	928	36211	23994	11695	3216
QUAL	0	929	35377	23338	11508	2601
QUAL	0	930	36240	23929	11812	3031
QUAL	0	931	35904	23853	11525	3188
QUAL	0	932	35592	23509	11582	2541
QUAL	0	933	35050	23340	11212	3095
QUAL	0	934	35659	23574	11569	3141
QUAL	0	935	35719	23649	11548	2634
QUAL	0	936	34783	22973	11337	2968
QUAL	0	937	36231	24097	11603	3066
QUAL	0	938	36198	23936	11783	2611
QUAL	0	939	34276	22746	11041	2873
QUAL	0	940	34873	23009	11364	3127
QUAL	0	941	36149	23896	11705	2573
QUAL	0	942	33888	22452	10917	2857
QUAL	0	943	34566	22861	11202	3149
QUAL	0	944	36330	24197	11635	2488
QUAL	0	945	33609	22284	10825	2790
QUAL	0	946	33918	22549	10890	2952
QUAL	0	947	36405	24218	11687	2576
QUAL	0	948	33762	22346	10896	2755
QUAL	0	949	33769	22200	11046	3104
QUAL	0	950	36296	24115	11703	2574
QUAL	0	951	33654	22374	10773	2854
QUAL	0	952	33536	22066	11025	3090
QUAL	0	953	35988	23962	11541	2647
QUAL	0	954	33528	22210	10811	2813
QUAL	0	955	33688	22266	10877	3103
QUAL	0	956	35205	23316	11377	2601
QUAL	0	957	33434	22239	10681	2887
QUAL	0	958	33265	22011	10750	3057
QUAL	0	959	35246	23256	11469	2580
QUAL	0	960	33375	22135	10766	2957
QUAL	0	961	33590	22173	10941	3095
QUAL	0	962	34787	22962	11334	2521
QUAL	0	963	33144	21994	10693	2853
QUAL	0	964	33616	22316	10823	3189
QUAL	0	965	33914	22502	10893	2610
QUAL	0	966	33010	21907	10613	2882
QUAL	0	967	33809	22506	10804	2949
QUAL	0	968	33202	22008	10684	2467
QUAL	0	969	33035	21977	10558	2867
QUAL	0	970	34425	22726	11222	3006
QUAL	0	971	32884	21746	10659	2513
QUAL	0	972	33103	22029	10595	2770
QUAL	0	973	34165	22618	11040	2971
QUAL	0	974	31900	21145	10265	2519
QUAL	0	975	31956	21049	10429	2738
QUAL	0	976	34895	23165	11240	3132
QUAL	0	977	31340	20702	10149	2552
QUAL	0	978	31814	21064	10274	2670
QUAL	0	979	34787	23051	11269	3106
QUAL	0	980	31325	20814	10076	2488
QUAL	0	981	31432	20866	10091	2609
QUAL	0	982	34759	23114	11151	3040
QUAL	0	983	30846	20492	9907	2458
QUAL	0	984	31345	20631	10241	2540
QUAL	0	985	34757	22918	11358	3044
QUAL	0	986	31269	20772	10032	2487
QUAL	0	987	31291	20827	9981	2530
QUAL	0	988	34184	22815	10892	3093
QUAL	0	989	30948	20501	9981	2497
QUAL	0	990	31286	20692	10145	2676
QUAL	0	991	33841	22281	11083	3047
QUAL	0	992	30778	20396	9883	2572
QUAL	0	993	30666	20335	9854	2658
QUAL	0	994	32961	21822	10656	2924
QUAL	0	995	30774	20395	9926	2437
QUAL	0	996	31279	20608	10208	2601
QUAL	0	997	32640	21583	10632	3020
QUAL	0	998	46877903	30813029	14663442	6812241
