# This file was produced by bcftools stats (1.9+htslib-1.9) and can be plotted using plot-vcfstats.
# The command line was:	bcftools stats  /cromwell_root/fc-51aefb1c-4e8e-4dcb-a59c-62e318ea351a/40f58d81-edab-4a4f-9a11-88fd6c60a26b/subset_vcf_sample_list/e0c6f9a2-0640-4fcd-89aa-1c612f1962e8/call-bgzip_bcftools_index/20201028_CCDG_14151_B01_GRM_WGS_2020-08-05_chrY.recalibrated_variants.pass.singleton.GWD_singleton.vcf.gz
#
# Definition of sets:
# ID	[2]id	[3]tab-separated file names
ID	0	/cromwell_root/fc-51aefb1c-4e8e-4dcb-a59c-62e318ea351a/40f58d81-edab-4a4f-9a11-88fd6c60a26b/subset_vcf_sample_list/e0c6f9a2-0640-4fcd-89aa-1c612f1962e8/call-bgzip_bcftools_index/20201028_CCDG_14151_B01_GRM_WGS_2020-08-05_chrY.recalibrated_variants.pass.singleton.GWD_singleton.vcf.gz
# SN, Summary numbers:
#   number of records   .. number of data rows in the VCF
#   number of no-ALTs   .. reference-only sites, ALT is either "." or identical to REF
#   number of SNPs      .. number of rows with a SNP
#   number of MNPs      .. number of rows with a MNP, such as CC>TT
#   number of indels    .. number of rows with an indel
#   number of others    .. number of rows with other type, for example a symbolic allele or
#                          a complex substitution, such as ACT>TCGA
#   number of multiallelic sites     .. number of rows with multiple alternate alleles
#   number of multiallelic SNP sites .. number of rows with multiple alternate alleles, all SNPs
# 
#   Note that rows containing multiple types will be counted multiple times, in each
#   counter. For example, a row with a SNP and an indel increments both the SNP and
#   the indel counter.
# 
# SN	[2]id	[3]key	[4]value
SN	0	number of samples:	119
SN	0	number of records:	152242
SN	0	number of no-ALTs:	0
SN	0	number of SNPs:	142594
SN	0	number of MNPs:	0
SN	0	number of indels:	10264
SN	0	number of others:	875
SN	0	number of multiallelic sites:	5308
SN	0	number of multiallelic SNP sites:	2358
# TSTV, transitions/transversions:
# TSTV	[2]id	[3]ts	[4]tv	[5]ts/tv	[6]ts (1st ALT)	[7]tv (1st ALT)	[8]ts/tv (1st ALT)
TSTV	0	85668	57991	1.48	84869	56901	1.49
# SiS, Singleton stats:
# SiS	[2]id	[3]allele count	[4]number of SNPs	[5]number of transitions	[6]number of transversions	[7]number of indels	[8]repeat-consistent	[9]repeat-inconsistent	[10]not applicable
SiS	0	1	10714	6413	4301	1565	0	0	1565
# AF, Stats by non-reference allele frequency:
# AF	[2]id	[3]allele frequency	[4]number of SNPs	[5]number of transitions	[6]number of transversions	[7]number of indels	[8]repeat-consistent	[9]repeat-inconsistent	[10]not applicable
AF	0	0.000000	133547	79770	53777	11593	0	0	11593
AF	0	0.033613	1242	744	498	394	0	0	394
AF	0	0.042017	16	9	7	23	0	0	23
AF	0	0.050420	2446	1441	1005	425	0	0	425
AF	0	0.058824	8	2	6	22	0	0	22
AF	0	0.067227	865	542	323	191	0	0	191
AF	0	0.075630	20	7	13	27	0	0	27
AF	0	0.084034	507	294	213	114	0	0	114
AF	0	0.092437	19	8	11	13	0	0	13
AF	0	0.100840	96	52	44	66	0	0	66
AF	0	0.109244	10	4	6	14	0	0	14
AF	0	0.117647	90	45	45	56	0	0	56
AF	0	0.126050	17	5	12	14	0	0	14
AF	0	0.134454	135	68	67	44	0	0	44
AF	0	0.142857	20	10	10	7	0	0	7
AF	0	0.151261	85	50	35	43	0	0	43
AF	0	0.159664	12	5	7	7	0	0	7
AF	0	0.168067	54	27	27	38	0	0	38
AF	0	0.176471	21	13	8	11	0	0	11
AF	0	0.184874	50	24	26	40	0	0	40
AF	0	0.193277	15	10	5	6	0	0	6
AF	0	0.201681	561	357	204	59	0	0	59
AF	0	0.210084	26	12	14	6	0	0	6
AF	0	0.218487	47	22	25	38	0	0	38
AF	0	0.226891	18	9	9	4	0	0	4
AF	0	0.235294	33	19	14	25	0	0	25
AF	0	0.243697	8	2	6	6	0	0	6
AF	0	0.252101	33	22	11	30	0	0	30
AF	0	0.260504	14	9	5	5	0	0	5
AF	0	0.268908	28	19	9	19	0	0	19
AF	0	0.277311	19	10	9	10	0	0	10
AF	0	0.285714	33	19	14	12	0	0	12
AF	0	0.294118	7	6	1	5	0	0	5
AF	0	0.302521	46	21	25	11	0	0	11
AF	0	0.310924	14	9	5	5	0	0	5
AF	0	0.319328	22	11	11	10	0	0	10
AF	0	0.327731	11	8	3	5	0	0	5
AF	0	0.336134	30	15	15	11	0	0	11
AF	0	0.344538	11	4	7	4	0	0	4
AF	0	0.352941	38	19	19	14	0	0	14
AF	0	0.361345	14	5	9	4	0	0	4
AF	0	0.369748	31	15	16	15	0	0	15
AF	0	0.378151	12	9	3	3	0	0	3
AF	0	0.386555	28	16	12	13	0	0	13
AF	0	0.394958	9	5	4	3	0	0	3
AF	0	0.403361	66	34	32	9	0	0	9
AF	0	0.411765	11	7	4	1	0	0	1
AF	0	0.420168	25	15	10	12	0	0	12
AF	0	0.428571	7	4	3	6	0	0	6
AF	0	0.436975	23	15	8	8	0	0	8
AF	0	0.445378	8	3	5	5	0	0	5
AF	0	0.453782	34	20	14	12	0	0	12
AF	0	0.462185	8	5	3	2	0	0	2
AF	0	0.470588	23	11	12	7	0	0	7
AF	0	0.478992	11	3	8	2	0	0	2
AF	0	0.487395	3	1	2	7	0	0	7
AF	0	0.495798	13	4	9	3	0	0	3
AF	0	0.504202	19	11	8	7	0	0	7
AF	0	0.512605	17	13	4	8	0	0	8
AF	0	0.521008	7	3	4	2	0	0	2
AF	0	0.529412	14	4	10	2	0	0	2
AF	0	0.537815	14	9	5	7	0	0	7
AF	0	0.546218	10	5	5	3	0	0	3
AF	0	0.554622	20	10	10	11	0	0	11
AF	0	0.563025	12	6	6	2	0	0	2
AF	0	0.571429	13	4	9	10	0	0	10
AF	0	0.579832	16	8	8	5	0	0	5
AF	0	0.588235	12	8	4	10	0	0	10
AF	0	0.596639	8	5	3	3	0	0	3
AF	0	0.605042	30	19	11	9	0	0	9
AF	0	0.613445	11	9	2	3	0	0	3
AF	0	0.621849	95	67	28	17	0	0	17
AF	0	0.630252	11	8	3	3	0	0	3
AF	0	0.638655	364	224	140	26	0	0	26
AF	0	0.647059	19	9	10	6	0	0	6
AF	0	0.655462	19	9	10	7	0	0	7
AF	0	0.663866	10	4	6	1	0	0	1
AF	0	0.672269	23	14	9	12	0	0	12
AF	0	0.680672	9	7	2	3	0	0	3
AF	0	0.689076	139	87	52	7	0	0	7
AF	0	0.697479	9	4	5	3	0	0	3
AF	0	0.705882	13	12	1	4	0	0	4
AF	0	0.714286	7	6	1	2	0	0	2
AF	0	0.722689	14	10	4	7	0	0	7
AF	0	0.731092	4	2	2	2	0	0	2
AF	0	0.739496	15	8	7	5	0	0	5
AF	0	0.747899	9	5	4	1	0	0	1
AF	0	0.756303	5	1	4	3	0	0	3
AF	0	0.764706	7	4	3	4	0	0	4
AF	0	0.773109	11	5	6	6	0	0	6
AF	0	0.781513	7	4	3	4	0	0	4
AF	0	0.789916	18	9	9	8	0	0	8
AF	0	0.798319	9	5	4	3	0	0	3
AF	0	0.806723	19	11	8	2	0	0	2
AF	0	0.815126	7	5	2	2	0	0	2
AF	0	0.823529	17	8	9	4	0	0	4
AF	0	0.831933	12	6	6	2	0	0	2
AF	0	0.840336	13	5	8	6	0	0	6
AF	0	0.848739	8	2	6	4	0	0	4
AF	0	0.857143	10	5	5	8	0	0	8
AF	0	0.865546	12	5	7	7	0	0	7
AF	0	0.873950	13	8	5	2	0	0	2
AF	0	0.882353	10	6	4	3	0	0	3
AF	0	0.890756	41	26	15	7	0	0	7
AF	0	0.899160	19	12	7	4	0	0	4
AF	0	0.907563	244	148	96	13	0	0	13
AF	0	0.915966	20	8	12	2	0	0	2
AF	0	0.924370	15	6	9	10	0	0	10
AF	0	0.932773	22	5	17	3	0	0	3
AF	0	0.941176	26	8	18	9	0	0	9
AF	0	0.949580	31	15	16	5	0	0	5
AF	0	0.957983	27	16	11	8	0	0	8
AF	0	0.966387	45	21	24	5	0	0	5
AF	0	0.974790	71	42	29	10	0	0	10
AF	0	0.991597	1357	787	570	81	0	0	81
# QUAL, Stats by quality:
# QUAL	[2]id	[3]Quality	[4]number of SNPs	[5]number of transitions (1st ALT)	[6]number of transversions (1st ALT)	[7]number of indels
QUAL	0	30	11	8	3	1
QUAL	0	31	32	17	15	1
QUAL	0	32	30	13	17	0
QUAL	0	33	23	13	10	1
QUAL	0	34	16	9	7	2
QUAL	0	35	18	14	4	1
QUAL	0	36	28	13	15	0
QUAL	0	37	353	176	177	6
QUAL	0	38	48	20	28	0
QUAL	0	39	14	5	9	0
QUAL	0	40	13	7	6	0
QUAL	0	41	46	20	26	0
QUAL	0	42	41	19	22	2
QUAL	0	43	25	12	13	3
QUAL	0	44	16	7	9	2
QUAL	0	45	31	12	19	0
QUAL	0	46	25	10	15	1
QUAL	0	47	24	11	13	1
QUAL	0	48	49	24	25	1
QUAL	0	49	25	12	13	2
QUAL	0	50	37	21	16	0
QUAL	0	51	257	121	136	0
QUAL	0	52	45	23	22	0
QUAL	0	53	49	30	19	1
QUAL	0	54	20	7	13	1
QUAL	0	55	24	13	11	1
QUAL	0	56	21	10	11	1
QUAL	0	57	18	7	11	3
QUAL	0	58	24	12	12	0
QUAL	0	59	28	18	10	1
QUAL	0	60	15	6	9	2
QUAL	0	61	55	23	32	2
QUAL	0	62	19	10	9	2
QUAL	0	63	18	9	9	0
QUAL	0	64	18	9	9	1
QUAL	0	65	20	11	9	0
QUAL	0	66	34	16	18	1
QUAL	0	67	21	9	12	0
QUAL	0	68	22	8	14	1
QUAL	0	69	24	8	16	0
QUAL	0	70	32	15	17	0
QUAL	0	71	37	16	21	1
QUAL	0	72	29	12	17	4
QUAL	0	73	13	6	7	19
QUAL	0	74	17	11	6	2
QUAL	0	75	22	9	13	2
QUAL	0	76	43	27	16	0
QUAL	0	77	32	16	16	2
QUAL	0	78	30	17	13	1
QUAL	0	79	13	7	6	1
QUAL	0	80	31	12	19	0
QUAL	0	81	27	12	15	1
QUAL	0	82	159	82	77	3
QUAL	0	83	33	20	13	2
QUAL	0	84	32	13	19	0
QUAL	0	85	34	16	18	1
QUAL	0	86	270	150	120	0
QUAL	0	87	38	19	19	2
QUAL	0	88	18	11	7	0
QUAL	0	89	18	8	10	7
QUAL	0	90	21	7	14	3
QUAL	0	91	22	7	15	1
QUAL	0	92	18	7	11	2
QUAL	0	93	18	9	9	2
QUAL	0	94	17	10	7	0
QUAL	0	95	28	13	15	0
QUAL	0	96	54	32	22	0
QUAL	0	97	10	5	5	0
QUAL	0	98	45	20	25	2
QUAL	0	99	17	6	11	0
QUAL	0	100	20	10	10	0
QUAL	0	101	46	29	17	1
QUAL	0	102	21	7	14	2
QUAL	0	103	16	7	9	0
QUAL	0	104	20	13	7	0
QUAL	0	105	19	11	8	1
QUAL	0	106	23	10	13	2
QUAL	0	107	14	3	11	2
QUAL	0	108	14	6	8	3
QUAL	0	109	29	14	15	0
QUAL	0	110	17	8	9	0
QUAL	0	111	55	30	25	1
QUAL	0	112	24	12	12	3
QUAL	0	113	15	4	11	2
QUAL	0	114	23	12	11	0
QUAL	0	115	22	12	10	1
QUAL	0	116	16	5	11	1
QUAL	0	117	29	11	18	2
QUAL	0	118	34	20	14	23
QUAL	0	119	22	8	14	2
QUAL	0	120	51	20	31	3
QUAL	0	121	305	158	147	2
QUAL	0	122	27	13	14	1
QUAL	0	123	9	4	5	4
QUAL	0	124	26	12	14	2
QUAL	0	125	10	8	2	2
QUAL	0	126	17	6	11	1
QUAL	0	127	87	36	51	4
QUAL	0	128	29	12	17	2
QUAL	0	129	18	8	10	0
QUAL	0	130	65	30	35	2
QUAL	0	131	24	10	14	3
QUAL	0	132	10	6	4	2
QUAL	0	133	20	10	10	1
QUAL	0	134	14	9	5	5
QUAL	0	135	18	8	10	0
QUAL	0	136	32	15	17	1
QUAL	0	137	18	8	10	1
QUAL	0	138	16	9	7	1
QUAL	0	139	16	8	8	0
QUAL	0	140	23	18	5	5
QUAL	0	141	23	10	13	5
QUAL	0	142	21	13	8	2
QUAL	0	143	27	13	14	2
QUAL	0	144	21	9	12	2
QUAL	0	145	20	10	10	2
QUAL	0	146	66	37	29	0
QUAL	0	147	33	19	14	0
QUAL	0	148	16	10	6	2
QUAL	0	149	27	17	10	2
QUAL	0	150	29	15	14	0
QUAL	0	151	14	6	8	1
QUAL	0	152	25	11	14	3
QUAL	0	153	46	20	26	2
QUAL	0	154	34	14	20	3
QUAL	0	155	73	39	34	1
QUAL	0	156	393	248	145	4
QUAL	0	157	26	9	17	3
QUAL	0	158	17	9	8	2
QUAL	0	159	25	12	13	6
QUAL	0	160	19	10	9	1
QUAL	0	161	19	10	9	3
QUAL	0	162	31	16	15	1
QUAL	0	163	14	7	7	16
QUAL	0	164	22	12	10	4
QUAL	0	165	89	56	33	0
QUAL	0	166	24	12	12	1
QUAL	0	167	14	5	9	2
QUAL	0	168	27	16	11	3
QUAL	0	169	13	5	8	0
QUAL	0	170	38	19	19	1
QUAL	0	171	13	6	7	0
QUAL	0	172	69	39	30	3
QUAL	0	173	18	5	13	5
QUAL	0	174	19	6	13	0
QUAL	0	175	28	21	7	4
QUAL	0	176	19	10	9	3
QUAL	0	177	24	11	13	2
QUAL	0	178	28	21	7	0
QUAL	0	179	21	11	9	1
QUAL	0	180	85	50	35	1
QUAL	0	181	46	19	27	1
QUAL	0	182	17	7	10	3
QUAL	0	183	15	6	9	0
QUAL	0	184	26	12	14	0
QUAL	0	185	24	13	11	0
QUAL	0	186	27	14	13	2
QUAL	0	187	48	31	17	3
QUAL	0	188	28	17	11	1
QUAL	0	189	34	17	17	1
QUAL	0	190	578	332	246	1
QUAL	0	191	36	24	12	1
QUAL	0	192	18	8	10	5
QUAL	0	193	26	13	13	2
QUAL	0	194	23	17	6	2
QUAL	0	195	24	13	11	4
QUAL	0	196	25	11	13	4
QUAL	0	197	24	14	10	3
QUAL	0	198	20	8	12	3
QUAL	0	199	24	12	12	5
QUAL	0	200	130	90	40	5
QUAL	0	201	21	9	12	1
QUAL	0	202	13	8	5	5
QUAL	0	203	11	5	6	2
QUAL	0	204	14	5	9	0
QUAL	0	205	65	34	31	1
QUAL	0	206	21	14	7	1
QUAL	0	207	28	19	9	2
QUAL	0	208	9	8	1	11
QUAL	0	209	40	27	13	1
QUAL	0	210	28	11	17	3
QUAL	0	211	13	8	5	1
QUAL	0	212	17	10	7	2
QUAL	0	213	34	20	14	3
QUAL	0	214	24	13	11	4
QUAL	0	215	111	62	49	1
QUAL	0	216	34	17	17	0
QUAL	0	217	58	30	28	5
QUAL	0	218	18	9	9	3
QUAL	0	219	61	30	31	2
QUAL	0	220	32	13	19	1
QUAL	0	221	24	14	10	1
QUAL	0	222	56	31	25	3
QUAL	0	223	38	26	11	2
QUAL	0	224	77	42	35	6
QUAL	0	225	790	471	319	2
QUAL	0	226	19	7	12	1
QUAL	0	227	31	12	19	1
QUAL	0	228	17	10	7	1
QUAL	0	229	19	7	12	1
QUAL	0	230	20	13	7	1
QUAL	0	231	19	10	9	3
QUAL	0	232	21	11	10	1
QUAL	0	233	42	16	26	2
QUAL	0	234	40	24	16	2
QUAL	0	235	143	89	54	3
QUAL	0	236	12	5	7	4
QUAL	0	237	19	7	12	2
QUAL	0	238	22	11	11	1
QUAL	0	239	33	17	16	1
QUAL	0	240	78	45	33	2
QUAL	0	241	21	10	11	2
QUAL	0	242	28	15	13	5
QUAL	0	243	18	7	11	1
QUAL	0	244	55	35	20	3
QUAL	0	245	33	22	11	1
QUAL	0	246	15	9	6	3
QUAL	0	247	26	13	13	4
QUAL	0	248	23	16	7	6
QUAL	0	249	32	20	12	3
QUAL	0	250	151	93	58	2
QUAL	0	251	46	27	19	2
QUAL	0	252	14	6	8	1
QUAL	0	253	17	11	6	23
QUAL	0	254	58	34	24	5
QUAL	0	255	23	12	11	5
QUAL	0	256	28	18	10	4
QUAL	0	257	91	50	41	4
QUAL	0	258	61	35	26	3
QUAL	0	259	180	116	63	6
QUAL	0	260	1110	653	457	2
QUAL	0	261	33	15	18	2
QUAL	0	262	52	35	17	2
QUAL	0	263	17	9	8	1
QUAL	0	264	29	18	11	3
QUAL	0	265	26	13	13	3
QUAL	0	266	45	19	26	1
QUAL	0	267	26	14	12	1
QUAL	0	268	28	23	5	1
QUAL	0	269	229	128	101	4
QUAL	0	270	20	13	6	4
QUAL	0	271	20	9	11	3
QUAL	0	272	18	7	11	1
QUAL	0	273	25	15	10	3
QUAL	0	274	43	31	12	3
QUAL	0	275	102	54	48	7
QUAL	0	276	12	3	9	0
QUAL	0	277	34	12	20	3
QUAL	0	278	30	16	14	1
QUAL	0	279	55	24	31	1
QUAL	0	280	36	20	14	4
QUAL	0	281	22	12	10	5
QUAL	0	282	26	16	10	2
QUAL	0	283	38	23	15	4
QUAL	0	284	76	54	22	4
QUAL	0	285	184	102	82	7
QUAL	0	286	50	33	17	8
QUAL	0	287	13	9	4	4
QUAL	0	288	39	26	12	5
QUAL	0	289	57	32	25	7
QUAL	0	290	26	14	12	3
QUAL	0	291	34	20	14	4
QUAL	0	292	107	68	39	5
QUAL	0	293	101	60	41	1
QUAL	0	294	237	139	98	3
QUAL	0	295	1412	850	562	1
QUAL	0	296	28	18	10	0
QUAL	0	297	15	7	8	5
QUAL	0	298	34	16	18	17
QUAL	0	299	32	15	17	5
QUAL	0	300	24	14	10	3
QUAL	0	301	27	16	10	7
QUAL	0	302	20	13	7	4
QUAL	0	303	50	23	27	8
QUAL	0	304	298	169	129	10
QUAL	0	305	39	16	22	2
QUAL	0	306	23	13	10	1
QUAL	0	307	68	33	35	3
QUAL	0	308	37	17	20	3
QUAL	0	309	184	109	75	8
QUAL	0	310	31	13	18	3
QUAL	0	311	26	13	13	4
QUAL	0	312	25	13	12	7
QUAL	0	313	30	16	14	9
QUAL	0	314	88	53	35	4
QUAL	0	315	19	6	13	3
QUAL	0	316	36	23	13	2
QUAL	0	317	48	28	20	4
QUAL	0	318	38	18	19	1
QUAL	0	319	307	186	121	1
QUAL	0	320	56	31	25	3
QUAL	0	321	28	14	14	2
QUAL	0	322	22	15	7	3
QUAL	0	323	72	37	35	6
QUAL	0	324	37	22	15	2
QUAL	0	325	24	13	11	3
QUAL	0	326	100	63	36	0
QUAL	0	327	76	42	33	1
QUAL	0	328	209	120	89	2
QUAL	0	329	1975	1186	789	1
QUAL	0	330	33	22	11	6
QUAL	0	331	20	14	6	6
QUAL	0	332	31	15	16	6
QUAL	0	333	29	19	10	13
QUAL	0	334	39	23	16	6
QUAL	0	335	26	12	13	3
QUAL	0	336	32	18	14	5
QUAL	0	337	34	13	21	0
QUAL	0	338	61	41	20	6
QUAL	0	339	344	196	148	1
QUAL	0	340	21	12	9	4
QUAL	0	341	25	14	11	5
QUAL	0	342	37	20	17	7
QUAL	0	343	48	28	20	66
QUAL	0	344	214	114	100	7
QUAL	0	345	23	10	13	6
QUAL	0	346	26	15	11	1
QUAL	0	347	27	17	10	4
QUAL	0	348	80	44	36	3
QUAL	0	349	45	24	21	4
QUAL	0	350	10	4	5	5
QUAL	0	351	37	19	18	0
QUAL	0	352	101	52	49	6
QUAL	0	353	57	33	23	3
QUAL	0	354	333	206	127	3
QUAL	0	355	70	33	37	1
QUAL	0	356	19	10	9	3
QUAL	0	357	22	8	14	3
QUAL	0	358	91	46	44	6
QUAL	0	359	44	18	26	3
QUAL	0	360	29	20	9	4
QUAL	0	361	121	74	47	4
QUAL	0	362	108	51	57	6
QUAL	0	363	243	146	96	8
QUAL	0	364	2211	1342	868	6
QUAL	0	365	28	18	10	7
QUAL	0	366	18	10	8	10
QUAL	0	367	19	12	7	9
QUAL	0	368	36	17	19	2
QUAL	0	369	52	30	22	1
QUAL	0	370	28	21	7	3
QUAL	0	371	28	14	14	3
QUAL	0	372	27	12	15	6
QUAL	0	373	107	71	36	10
QUAL	0	374	404	256	148	10
QUAL	0	375	15	10	5	1
QUAL	0	376	30	13	17	4
QUAL	0	377	49	33	16	10
QUAL	0	378	71	40	31	5
QUAL	0	379	268	160	108	8
QUAL	0	380	18	12	6	0
QUAL	0	381	37	21	16	2
QUAL	0	382	24	8	15	3
QUAL	0	383	86	57	29	14
QUAL	0	384	46	33	13	4
QUAL	0	385	24	14	10	2
QUAL	0	386	39	17	22	8
QUAL	0	387	80	46	34	13
QUAL	0	388	140	88	52	50
QUAL	0	389	383	244	139	5
QUAL	0	390	59	29	29	1
QUAL	0	391	24	12	12	4
QUAL	0	392	33	19	14	3
QUAL	0	393	85	49	36	2
QUAL	0	394	49	28	21	4
QUAL	0	395	59	26	33	10
QUAL	0	396	144	75	68	6
QUAL	0	397	194	116	78	4
QUAL	0	398	422	271	151	4
QUAL	0	399	2338	1436	902	1
QUAL	0	400	13	8	5	3
QUAL	0	401	27	18	9	5
QUAL	0	402	29	19	10	8
QUAL	0	403	42	24	18	7
QUAL	0	404	64	35	29	6
QUAL	0	405	43	31	12	1
QUAL	0	406	35	18	17	5
QUAL	0	407	63	38	25	0
QUAL	0	408	465	289	176	4
QUAL	0	409	20	11	9	5
QUAL	0	410	23	12	11	2
QUAL	0	411	33	16	17	3
QUAL	0	412	38	20	18	1
QUAL	0	413	93	57	35	8
QUAL	0	414	286	168	118	7
QUAL	0	415	18	9	9	6
QUAL	0	416	30	17	13	5
QUAL	0	417	23	14	9	3
QUAL	0	418	92	51	40	2
QUAL	0	419	45	24	21	4
QUAL	0	420	20	15	5	10
QUAL	0	421	34	19	15	7
QUAL	0	422	77	44	32	18
QUAL	0	423	153	80	73	19
QUAL	0	424	342	207	135	11
QUAL	0	425	63	34	28	13
QUAL	0	426	25	13	12	7
QUAL	0	427	33	15	18	6
QUAL	0	428	106	68	38	6
QUAL	0	429	36	17	18	3
QUAL	0	430	59	34	25	4
QUAL	0	431	159	93	66	5
QUAL	0	432	206	117	89	3
QUAL	0	433	525	320	205	44
QUAL	0	434	2365	1477	888	5
QUAL	0	435	32	16	15	7
QUAL	0	436	27	15	12	3
QUAL	0	437	39	24	14	12
QUAL	0	438	76	48	28	4
QUAL	0	439	37	26	11	5
QUAL	0	440	41	22	19	1
QUAL	0	441	55	26	29	3
QUAL	0	442	138	71	66	6
QUAL	0	443	515	320	195	0
QUAL	0	444	22	11	11	4
QUAL	0	445	32	17	12	6
QUAL	0	446	33	18	15	1
QUAL	0	447	64	33	31	8
QUAL	0	448	364	235	129	4
QUAL	0	449	28	12	16	6
QUAL	0	450	35	25	10	3
QUAL	0	451	13	8	4	7
QUAL	0	452	41	29	12	4
QUAL	0	453	107	65	42	1
QUAL	0	454	29	16	13	4
QUAL	0	455	32	15	17	6
QUAL	0	456	52	35	17	9
QUAL	0	457	79	49	28	3
QUAL	0	458	535	330	205	8
QUAL	0	459	66	37	29	3
QUAL	0	460	18	9	9	7
QUAL	0	461	30	15	15	12
QUAL	0	462	97	58	39	10
QUAL	0	463	52	33	19	6
QUAL	0	464	36	23	13	13
QUAL	0	465	121	70	51	5
QUAL	0	466	112	62	50	8
QUAL	0	467	359	206	153	9
QUAL	0	468	1636	991	645	8
QUAL	0	469	973	615	358	7
QUAL	0	470	18	7	11	4
QUAL	0	471	16	8	8	3
QUAL	0	472	43	25	18	5
QUAL	0	473	86	58	28	6
QUAL	0	474	45	25	20	7
QUAL	0	475	39	17	22	6
QUAL	0	476	53	26	27	2
QUAL	0	477	99	57	41	4
QUAL	0	478	426	263	163	52
QUAL	0	479	22	12	10	8
QUAL	0	480	24	11	13	3
QUAL	0	481	36	21	15	5
QUAL	0	482	66	37	29	5
QUAL	0	483	356	217	139	2
QUAL	0	484	29	10	19	1
QUAL	0	485	24	13	10	7
QUAL	0	486	40	22	18	6
QUAL	0	487	116	62	54	5
QUAL	0	488	98	61	37	3
QUAL	0	489	23	12	10	7
QUAL	0	490	37	16	21	2
QUAL	0	491	56	36	20	5
QUAL	0	492	87	48	39	2
QUAL	0	493	470	299	171	5
QUAL	0	494	72	33	39	3
QUAL	0	495	18	9	9	4
QUAL	0	496	29	14	15	4
QUAL	0	497	71	40	30	7
QUAL	0	498	61	33	28	9
QUAL	0	499	46	22	24	10
QUAL	0	500	119	70	49	11
QUAL	0	501	127	71	56	1
QUAL	0	502	286	170	116	5
QUAL	0	503	2368	1463	904	6
QUAL	0	504	25	12	13	5
QUAL	0	505	23	14	9	10
QUAL	0	506	31	18	13	5
QUAL	0	507	44	30	14	2
QUAL	0	508	95	58	37	4
QUAL	0	509	61	31	30	15
QUAL	0	510	44	26	17	7
QUAL	0	511	58	30	28	3
QUAL	0	512	121	70	51	8
QUAL	0	513	369	237	132	9
QUAL	0	514	21	11	10	6
QUAL	0	515	24	13	11	4
QUAL	0	516	44	25	19	1
QUAL	0	517	82	53	29	3
QUAL	0	518	328	199	129	2
QUAL	0	519	23	14	9	1
QUAL	0	520	35	21	14	4
QUAL	0	521	25	16	9	3
QUAL	0	522	105	67	37	3
QUAL	0	523	32	20	11	49
QUAL	0	524	27	12	15	10
QUAL	0	525	29	18	10	2
QUAL	0	526	55	27	28	2
QUAL	0	527	166	101	64	2
QUAL	0	528	321	198	123	6
QUAL	0	529	47	19	28	9
QUAL	0	530	22	11	11	11
QUAL	0	531	48	26	22	3
QUAL	0	532	138	69	69	3
QUAL	0	533	69	34	35	1
QUAL	0	534	41	26	15	6
QUAL	0	535	116	75	41	3
QUAL	0	536	144	87	57	5
QUAL	0	537	397	246	151	12
QUAL	0	538	1933	1204	729	15
QUAL	0	539	19	10	8	4
QUAL	0	540	22	11	11	1
QUAL	0	541	28	15	12	6
QUAL	0	542	46	28	18	5
QUAL	0	543	83	47	36	7
QUAL	0	544	69	36	33	7
QUAL	0	545	34	18	16	14
QUAL	0	546	64	39	25	2
QUAL	0	547	138	90	48	10
QUAL	0	548	308	213	95	6
QUAL	0	549	32	20	10	3
QUAL	0	550	42	21	21	2
QUAL	0	551	45	25	20	4
QUAL	0	552	133	80	53	2
QUAL	0	553	343	216	127	2
QUAL	0	554	28	19	9	0
QUAL	0	555	21	12	9	4
QUAL	0	556	39	18	20	7
QUAL	0	557	76	47	29	6
QUAL	0	558	34	24	10	18
QUAL	0	559	24	14	10	3
QUAL	0	560	42	21	20	7
QUAL	0	561	54	34	20	6
QUAL	0	562	138	83	55	7
QUAL	0	563	278	175	102	5
QUAL	0	564	46	20	25	8
QUAL	0	565	20	7	13	1
QUAL	0	566	36	23	13	2
QUAL	0	567	103	63	40	2
QUAL	0	568	45	25	20	52
QUAL	0	569	51	24	27	5
QUAL	0	570	118	68	50	6
QUAL	0	571	162	105	56	3
QUAL	0	572	405	242	163	2
QUAL	0	573	1682	1033	649	6
QUAL	0	574	12	8	4	1
QUAL	0	575	22	11	11	17
QUAL	0	576	45	24	21	3
QUAL	0	577	147	81	66	4
QUAL	0	578	71	41	30	2
QUAL	0	579	66	40	26	7
QUAL	0	580	33	14	19	5
QUAL	0	581	60	35	25	8
QUAL	0	582	378	240	137	1
QUAL	0	583	31	12	17	1
QUAL	0	584	28	19	8	6
QUAL	0	585	32	23	9	8
QUAL	0	586	49	35	14	11
QUAL	0	587	326	208	118	3
QUAL	0	588	34	20	14	3
QUAL	0	589	19	8	10	2
QUAL	0	590	13	6	7	0
QUAL	0	591	34	14	19	4
QUAL	0	592	82	51	31	5
QUAL	0	593	64	30	33	4
QUAL	0	594	33	23	10	3
QUAL	0	595	41	22	19	4
QUAL	0	596	82	43	39	5
QUAL	0	597	158	91	67	4
QUAL	0	598	225	140	85	3
QUAL	0	599	28	16	12	5
QUAL	0	600	15	8	7	4
QUAL	0	601	50	32	18	0
QUAL	0	602	76	40	36	5
QUAL	0	603	42	28	14	16
QUAL	0	604	42	24	18	1
QUAL	0	605	112	78	33	5
QUAL	0	606	201	116	85	4
QUAL	0	607	518	322	194	6
QUAL	0	608	1005	622	383	4
QUAL	0	609	17	9	8	8
QUAL	0	610	26	14	12	6
QUAL	0	611	57	31	26	12
QUAL	0	612	96	53	43	3
QUAL	0	613	115	72	43	65
QUAL	0	614	41	22	19	3
QUAL	0	615	38	23	15	1
QUAL	0	616	54	25	27	7
QUAL	0	617	259	163	96	6
QUAL	0	618	24	16	8	7
QUAL	0	619	19	16	2	4
QUAL	0	620	32	13	19	4
QUAL	0	621	76	46	29	6
QUAL	0	622	354	205	149	8
QUAL	0	623	40	25	15	5
QUAL	0	624	23	11	12	9
QUAL	0	625	11	8	3	5
QUAL	0	626	39	23	16	7
QUAL	0	627	56	30	26	5
QUAL	0	628	32	17	15	3
QUAL	0	629	26	20	6	1
QUAL	0	630	39	25	14	5
QUAL	0	631	72	49	23	1
QUAL	0	632	295	191	103	3
QUAL	0	633	40	23	17	1
QUAL	0	634	19	13	6	5
QUAL	0	635	27	18	9	6
QUAL	0	636	60	32	28	1
QUAL	0	637	41	19	22	6
QUAL	0	638	56	36	19	5
QUAL	0	639	72	36	36	2
QUAL	0	640	88	48	40	4
QUAL	0	641	199	121	78	3
QUAL	0	642	1142	686	456	7
QUAL	0	643	21	9	12	1
QUAL	0	644	19	13	6	4
QUAL	0	645	25	14	11	5
QUAL	0	646	36	19	16	9
QUAL	0	647	71	35	36	12
QUAL	0	648	130	79	50	8
QUAL	0	649	18	8	10	6
QUAL	0	650	39	22	17	9
QUAL	0	651	71	45	26	3
QUAL	0	652	208	127	80	7
QUAL	0	653	21	9	12	9
QUAL	0	654	34	17	16	6
QUAL	0	655	35	23	12	3
QUAL	0	656	76	45	31	3
QUAL	0	657	259	166	93	4
QUAL	0	658	53	33	20	36
QUAL	0	659	15	8	6	7
QUAL	0	660	25	17	8	1
QUAL	0	661	43	23	20	3
QUAL	0	662	38	24	14	5
QUAL	0	663	39	22	17	8
QUAL	0	664	25	11	13	3
QUAL	0	665	41	17	24	1
QUAL	0	666	82	47	34	8
QUAL	0	667	239	139	100	7
QUAL	0	668	33	18	15	1
QUAL	0	669	14	9	5	5
QUAL	0	670	25	15	10	3
QUAL	0	671	46	28	16	2
QUAL	0	672	68	39	29	5
QUAL	0	673	44	28	16	2
QUAL	0	674	66	46	20	5
QUAL	0	675	75	41	34	2
QUAL	0	676	188	109	79	2
QUAL	0	677	862	526	336	0
QUAL	0	678	20	9	11	3
QUAL	0	679	19	9	8	1
QUAL	0	680	29	13	16	4
QUAL	0	681	48	32	16	5
QUAL	0	682	124	71	53	2
QUAL	0	683	145	89	56	6
QUAL	0	684	24	20	4	6
QUAL	0	685	35	21	14	3
QUAL	0	686	69	42	27	2
QUAL	0	687	119	75	43	8
QUAL	0	688	27	12	14	8
QUAL	0	689	26	13	12	3
QUAL	0	690	39	24	13	7
QUAL	0	691	70	42	28	6
QUAL	0	692	203	132	70	6
QUAL	0	693	26	16	10	8
QUAL	0	694	16	10	6	3
QUAL	0	695	17	10	7	8
QUAL	0	696	58	32	24	5
QUAL	0	697	49	25	24	5
QUAL	0	698	38	27	11	1
QUAL	0	699	20	13	7	0
QUAL	0	700	38	23	14	10
QUAL	0	701	88	49	39	5
QUAL	0	702	154	96	57	2
QUAL	0	703	18	13	5	46
QUAL	0	704	11	5	6	6
QUAL	0	705	20	9	11	3
QUAL	0	706	59	40	19	4
QUAL	0	707	50	29	21	3
QUAL	0	708	53	31	22	3
QUAL	0	709	39	24	15	2
QUAL	0	710	81	52	29	2
QUAL	0	711	208	119	89	0
QUAL	0	712	586	369	217	2
QUAL	0	713	13	9	4	3
QUAL	0	714	17	13	3	1
QUAL	0	715	45	24	21	1
QUAL	0	716	65	43	21	6
QUAL	0	717	192	112	80	3
QUAL	0	718	132	80	52	3
QUAL	0	719	24	15	9	2
QUAL	0	720	33	19	14	6
QUAL	0	721	107	68	39	4
QUAL	0	722	31	17	13	5
QUAL	0	723	22	14	7	5
QUAL	0	724	27	17	10	8
QUAL	0	725	38	25	13	7
QUAL	0	726	86	59	27	2
QUAL	0	727	158	100	56	2
QUAL	0	728	29	19	10	5
QUAL	0	729	13	8	5	2
QUAL	0	730	27	14	13	1
QUAL	0	731	49	31	18	2
QUAL	0	732	56	29	26	3
QUAL	0	733	15	10	5	2
QUAL	0	734	29	13	16	3
QUAL	0	735	19	10	9	2
QUAL	0	736	80	56	24	2
QUAL	0	737	102	64	38	6
QUAL	0	738	14	8	6	6
QUAL	0	739	22	13	9	3
QUAL	0	740	32	18	14	2
QUAL	0	741	46	29	17	7
QUAL	0	742	82	55	27	2
QUAL	0	743	39	25	14	3
QUAL	0	744	47	20	26	0
QUAL	0	745	72	42	29	2
QUAL	0	746	178	105	72	5
QUAL	0	747	366	235	130	12
QUAL	0	748	21	11	10	42
QUAL	0	749	29	20	9	6
QUAL	0	750	30	15	15	1
QUAL	0	751	95	56	39	2
QUAL	0	752	233	132	101	2
QUAL	0	753	93	65	28	2
QUAL	0	754	18	8	8	5
QUAL	0	755	29	15	14	2
QUAL	0	756	113	67	46	3
QUAL	0	757	73	34	39	4
QUAL	0	758	22	12	9	3
QUAL	0	759	26	16	10	3
QUAL	0	760	38	24	14	4
QUAL	0	761	144	93	51	1
QUAL	0	762	51	34	17	5
QUAL	0	763	13	8	5	8
QUAL	0	764	16	10	6	8
QUAL	0	765	26	14	11	5
QUAL	0	766	47	31	16	4
QUAL	0	767	70	39	31	7
QUAL	0	768	13	7	6	2
QUAL	0	769	16	9	6	1
QUAL	0	770	28	14	14	4
QUAL	0	771	125	72	52	4
QUAL	0	772	15	10	5	4
QUAL	0	773	22	11	11	5
QUAL	0	774	21	12	8	1
QUAL	0	775	32	16	15	2
QUAL	0	776	66	39	27	3
QUAL	0	777	75	51	24	2
QUAL	0	778	34	20	14	2
QUAL	0	779	43	22	20	4
QUAL	0	780	71	39	32	2
QUAL	0	781	348	226	122	3
QUAL	0	782	31	13	18	10
QUAL	0	783	21	9	11	8
QUAL	0	784	30	20	10	3
QUAL	0	785	46	20	26	2
QUAL	0	786	125	78	47	4
QUAL	0	787	279	162	117	4
QUAL	0	788	41	21	20	3
QUAL	0	789	19	12	7	3
QUAL	0	790	31	21	10	2
QUAL	0	791	75	43	32	3
QUAL	0	792	28	16	12	8
QUAL	0	793	13	5	8	30
QUAL	0	794	22	14	7	7
QUAL	0	795	46	34	12	4
QUAL	0	796	171	114	56	3
QUAL	0	797	49	28	21	3
QUAL	0	798	17	9	8	7
QUAL	0	799	6	1	5	11
QUAL	0	800	39	24	15	4
QUAL	0	801	46	27	19	1
QUAL	0	802	92	48	43	2
QUAL	0	803	12	7	5	1
QUAL	0	804	24	13	11	3
QUAL	0	805	37	20	16	1
QUAL	0	806	90	56	34	2
QUAL	0	807	20	9	11	2
QUAL	0	808	20	8	12	4
QUAL	0	809	25	15	10	11
QUAL	0	810	41	20	20	5
QUAL	0	811	58	29	28	3
QUAL	0	812	85	51	34	4
QUAL	0	813	14	8	6	3
QUAL	0	814	31	22	9	5
QUAL	0	815	71	49	21	3
QUAL	0	816	261	169	92	4
QUAL	0	817	27	14	11	3
QUAL	0	818	26	15	11	4
QUAL	0	819	33	21	11	2
QUAL	0	820	66	41	25	4
QUAL	0	821	167	89	78	5
QUAL	0	822	294	189	105	3
QUAL	0	823	12	8	4	3
QUAL	0	824	17	10	7	2
QUAL	0	825	26	13	12	5
QUAL	0	826	70	39	30	7
QUAL	0	827	26	10	16	6
QUAL	0	828	16	9	7	13
QUAL	0	829	23	9	14	0
QUAL	0	830	57	33	24	4
QUAL	0	831	128	76	52	5
QUAL	0	832	47	26	21	5
QUAL	0	833	19	12	7	4
QUAL	0	834	24	8	16	3
QUAL	0	835	36	26	10	1
QUAL	0	836	75	51	24	1
QUAL	0	837	67	46	21	7
QUAL	0	838	16	10	6	28
QUAL	0	839	20	13	6	4
QUAL	0	840	43	26	16	7
QUAL	0	841	83	46	36	6
QUAL	0	842	20	15	5	3
QUAL	0	843	21	8	12	7
QUAL	0	844	26	16	10	8
QUAL	0	845	40	21	18	3
QUAL	0	846	107	64	43	6
QUAL	0	847	89	51	38	1
QUAL	0	848	25	17	8	3
QUAL	0	849	28	13	15	0
QUAL	0	850	64	41	23	4
QUAL	0	851	159	94	65	2
QUAL	0	852	21	11	8	2
QUAL	0	853	32	17	15	3
QUAL	0	854	37	19	17	6
QUAL	0	855	76	47	28	3
QUAL	0	856	220	132	88	1
QUAL	0	857	218	126	92	3
QUAL	0	858	19	10	8	1
QUAL	0	859	18	9	9	0
QUAL	0	860	54	32	21	2
QUAL	0	861	39	22	16	6
QUAL	0	862	21	13	7	0
QUAL	0	863	20	11	9	2
QUAL	0	864	32	18	13	3
QUAL	0	865	44	31	13	2
QUAL	0	866	112	72	40	3
QUAL	0	867	26	14	12	3
QUAL	0	868	16	9	7	3
QUAL	0	869	25	18	7	5
QUAL	0	870	47	26	20	1
QUAL	0	871	91	53	38	5
QUAL	0	872	44	26	17	6
QUAL	0	873	14	9	5	12
QUAL	0	874	25	18	7	3
QUAL	0	875	45	31	13	4
QUAL	0	876	47	26	21	2
QUAL	0	877	13	3	10	5
QUAL	0	878	21	10	11	1
QUAL	0	879	37	24	13	1
QUAL	0	880	39	25	14	5
QUAL	0	881	111	62	49	1
QUAL	0	882	54	31	22	5
QUAL	0	883	21	15	3	18
QUAL	0	884	40	24	16	1
QUAL	0	885	62	38	23	1
QUAL	0	886	115	72	42	1
QUAL	0	887	16	5	10	2
QUAL	0	888	18	10	8	5
QUAL	0	889	56	32	24	6
QUAL	0	890	115	71	44	2
QUAL	0	891	298	184	114	1
QUAL	0	892	142	84	57	2
QUAL	0	893	17	6	11	4
QUAL	0	894	18	11	7	3
QUAL	0	895	39	24	15	5
QUAL	0	896	54	31	23	3
QUAL	0	897	14	6	6	4
QUAL	0	898	27	16	9	1
QUAL	0	899	49	27	21	6
QUAL	0	900	91	62	28	2
QUAL	0	901	123	80	43	2
QUAL	0	902	16	7	6	3
QUAL	0	903	22	17	5	2
QUAL	0	904	35	21	13	4
QUAL	0	905	52	37	15	2
QUAL	0	906	106	64	42	3
QUAL	0	907	21	13	8	3
QUAL	0	908	25	18	7	3
QUAL	0	909	29	12	17	2
QUAL	0	910	59	38	21	3
QUAL	0	911	31	16	15	4
QUAL	0	912	14	8	6	5
QUAL	0	913	18	16	2	4
QUAL	0	914	32	19	13	2
QUAL	0	915	72	43	29	2
QUAL	0	916	111	77	32	1
QUAL	0	917	37	17	20	3
QUAL	0	918	23	15	8	6
QUAL	0	919	27	16	11	1
QUAL	0	920	102	59	43	2
QUAL	0	921	31	19	12	5
QUAL	0	922	21	11	10	1
QUAL	0	923	40	24	16	3
QUAL	0	924	56	31	25	3
QUAL	0	925	125	67	58	1
QUAL	0	926	378	254	123	5
QUAL	0	927	65	42	23	3
QUAL	0	928	16	10	6	19
QUAL	0	929	17	10	7	0
QUAL	0	930	46	37	9	2
QUAL	0	931	25	18	7	1
QUAL	0	932	25	11	14	2
QUAL	0	933	24	10	13	2
QUAL	0	934	44	31	13	8
QUAL	0	935	100	63	37	3
QUAL	0	936	98	69	29	6
QUAL	0	937	42	22	20	1
QUAL	0	938	21	10	11	1
QUAL	0	939	32	13	19	0
QUAL	0	940	72	45	26	2
QUAL	0	941	83	49	34	1
QUAL	0	942	18	10	7	1
QUAL	0	943	22	9	12	3
QUAL	0	944	21	12	9	5
QUAL	0	945	56	35	19	2
QUAL	0	946	20	9	11	3
QUAL	0	947	16	11	5	2
QUAL	0	948	26	16	10	3
QUAL	0	949	47	28	19	2
QUAL	0	950	76	45	31	4
QUAL	0	951	110	75	35	3
QUAL	0	952	28	16	12	4
QUAL	0	953	30	13	15	2
QUAL	0	954	28	21	6	5
QUAL	0	955	89	52	37	3
QUAL	0	956	24	14	10	2
QUAL	0	957	20	12	8	1
QUAL	0	958	37	21	15	7
QUAL	0	959	63	46	17	2
QUAL	0	960	192	122	70	2
QUAL	0	961	347	213	133	2
QUAL	0	962	30	19	10	2
QUAL	0	963	16	10	6	1
QUAL	0	964	26	18	8	5
QUAL	0	965	35	20	15	1
QUAL	0	966	23	17	6	3
QUAL	0	967	22	11	10	0
QUAL	0	968	36	25	11	1
QUAL	0	969	56	31	25	2
QUAL	0	970	102	69	33	1
QUAL	0	971	80	51	29	3
QUAL	0	972	24	14	8	1
QUAL	0	973	20	10	10	14
QUAL	0	974	39	25	14	3
QUAL	0	975	87	59	28	3
QUAL	0	976	59	32	27	2
QUAL	0	977	15	7	8	1
QUAL	0	978	26	18	8	2
QUAL	0	979	27	19	8	7
QUAL	0	980	50	26	24	9
QUAL	0	981	24	16	8	5
QUAL	0	982	34	18	16	1
QUAL	0	983	31	16	15	2
QUAL	0	984	49	30	17	4
QUAL	0	985	104	70	34	1
QUAL	0	986	73	46	26	4
QUAL	0	987	20	11	9	2
QUAL	0	988	23	15	7	1
QUAL	0	989	31	15	15	12
QUAL	0	990	64	37	26	2
QUAL	0	991	27	18	9	2
QUAL	0	992	26	15	11	2
QUAL	0	993	52	34	18	4
QUAL	0	994	73	42	30	3
QUAL	0	995	227	144	83	3
QUAL	0	996	257	163	94	4
QUAL	0	997	14	7	7	0
QUAL	0	998	56666	33938	22091	6084
# IDD, InDel distribution:
# IDD	[2]id	[3]length (deletions negative)	[4]count
IDD	0	-60	78
IDD	0	-59	2
IDD	0	-58	2
IDD	0	-57	4
IDD	0	-56	1
IDD	0	-55	4
IDD	0	-54	1
IDD	0	-52	1
IDD	0	-51	1
IDD	0	-50	9
IDD	0	-49	1
IDD	0	-48	4
IDD	0	-47	1
IDD	0	-46	7
IDD	0	-45	7
IDD	0	-44	1
IDD	0	-43	1
IDD	0	-42	1
IDD	0	-41	4
IDD	0	-40	7
IDD	0	-39	1
IDD	0	-38	1
IDD	0	-37	3
IDD	0	-36	5
IDD	0	-35	8
IDD	0	-34	4
IDD	0	-33	2
IDD	0	-32	4
IDD	0	-31	3
IDD	0	-30	17
IDD	0	-29	10
IDD	0	-28	28
IDD	0	-27	5
IDD	0	-26	15
IDD	0	-25	32
IDD	0	-24	30
IDD	0	-23	9
IDD	0	-22	27
IDD	0	-21	15
IDD	0	-20	93
IDD	0	-19	24
IDD	0	-18	39
IDD	0	-17	21
IDD	0	-16	57
IDD	0	-15	214
IDD	0	-14	63
IDD	0	-13	47
IDD	0	-12	128
IDD	0	-11	62
IDD	0	-10	401
IDD	0	-9	55
IDD	0	-8	201
IDD	0	-7	77
IDD	0	-6	201
IDD	0	-5	691
IDD	0	-4	801
IDD	0	-3	604
IDD	0	-2	1133
IDD	0	-1	2726
IDD	0	1	2309
IDD	0	2	846
IDD	0	3	235
IDD	0	4	507
IDD	0	5	602
IDD	0	6	158
IDD	0	7	43
IDD	0	8	178
IDD	0	9	38
IDD	0	10	243
IDD	0	11	33
IDD	0	12	92
IDD	0	13	19
IDD	0	14	23
IDD	0	15	144
IDD	0	16	41
IDD	0	17	11
IDD	0	18	14
IDD	0	19	14
IDD	0	20	114
IDD	0	21	15
IDD	0	22	11
IDD	0	23	9
IDD	0	24	17
IDD	0	25	35
IDD	0	26	14
IDD	0	27	9
IDD	0	28	17
IDD	0	29	7
IDD	0	30	23
IDD	0	31	1
IDD	0	32	9
IDD	0	33	3
IDD	0	34	4
IDD	0	35	6
IDD	0	36	3
IDD	0	38	4
IDD	0	39	3
IDD	0	40	11
IDD	0	42	2
IDD	0	43	4
IDD	0	44	3
IDD	0	45	5
IDD	0	46	2
IDD	0	48	1
IDD	0	49	3
IDD	0	50	6
IDD	0	52	1
IDD	0	53	2
IDD	0	54	2
IDD	0	55	1
IDD	0	56	2
IDD	0	58	1
IDD	0	59	1
IDD	0	60	57
# ST, Substitution types:
# ST	[2]id	[3]type	[4]count
ST	0	A>C	6047
ST	0	A>G	17726
ST	0	A>T	6381
ST	0	C>A	9125
ST	0	C>G	7059
ST	0	C>T	25409
ST	0	G>A	25017
ST	0	G>C	7019
ST	0	G>T	9774
ST	0	T>A	6520
ST	0	T>C	17516
ST	0	T>G	6066
# DP, Depth distribution
# DP	[2]id	[3]bin	[4]number of genotypes	[5]fraction of genotypes (%)	[6]number of sites	[7]fraction of sites (%)
DP	0	2	0	0.000000	9	0.005912
DP	0	3	0	0.000000	3	0.001971
DP	0	4	0	0.000000	1	0.000657
DP	0	5	0	0.000000	2	0.001314
DP	0	6	0	0.000000	1	0.000657
DP	0	7	0	0.000000	1	0.000657
DP	0	9	0	0.000000	1	0.000657
DP	0	13	0	0.000000	1	0.000657
DP	0	17	0	0.000000	1	0.000657
DP	0	18	0	0.000000	1	0.000657
DP	0	24	0	0.000000	1	0.000657
DP	0	28	0	0.000000	2	0.001314
DP	0	50	0	0.000000	2	0.001314
DP	0	52	0	0.000000	1	0.000657
DP	0	54	0	0.000000	1	0.000657
DP	0	55	0	0.000000	1	0.000657
DP	0	63	0	0.000000	1	0.000657
DP	0	67	0	0.000000	2	0.001314
DP	0	70	0	0.000000	1	0.000657
DP	0	93	0	0.000000	1	0.000657
DP	0	136	0	0.000000	1	0.000657
DP	0	156	0	0.000000	1	0.000657
DP	0	190	0	0.000000	1	0.000657
DP	0	265	0	0.000000	1	0.000657
DP	0	288	0	0.000000	1	0.000657
DP	0	327	0	0.000000	1	0.000657
DP	0	337	0	0.000000	1	0.000657
DP	0	477	0	0.000000	1	0.000657
DP	0	>500	0	0.000000	152200	99.972412
