# This file was produced by bcftools stats (1.9+htslib-1.9) and can be plotted using plot-vcfstats.
# The command line was:	bcftools stats  -v --samples-file /cromwell_root/fc-47de7dae-e8e6-429c-b760-b4ba49136eee/resources/1kgp/YRI.txt /cromwell_root/fc-51aefb1c-4e8e-4dcb-a59c-62e318ea351a/2f18ae1d-6192-4a19-985a-673f0368977c/subset_vcf_sample_list/23d8db2e-69ac-45d0-93b2-34fbb7d0ef7c/call-bgzip_bcftools_index/20201028_CCDG_14151_B01_GRM_WGS_2020-08-05_chrY.recalibrated_variants.pass.singleton.YRI_singleton.vcf.gz
#
# Definition of sets:
# ID	[2]id	[3]tab-separated file names
ID	0	/cromwell_root/fc-51aefb1c-4e8e-4dcb-a59c-62e318ea351a/2f18ae1d-6192-4a19-985a-673f0368977c/subset_vcf_sample_list/23d8db2e-69ac-45d0-93b2-34fbb7d0ef7c/call-bgzip_bcftools_index/20201028_CCDG_14151_B01_GRM_WGS_2020-08-05_chrY.recalibrated_variants.pass.singleton.YRI_singleton.vcf.gz
# SN, Summary numbers:
#   number of records   .. number of data rows in the VCF
#   number of no-ALTs   .. reference-only sites, ALT is either "." or identical to REF
#   number of SNPs      .. number of rows with a SNP
#   number of MNPs      .. number of rows with a MNP, such as CC>TT
#   number of indels    .. number of rows with an indel
#   number of others    .. number of rows with other type, for example a symbolic allele or
#                          a complex substitution, such as ACT>TCGA
#   number of multiallelic sites     .. number of rows with multiple alternate alleles
#   number of multiallelic SNP sites .. number of rows with multiple alternate alleles, all SNPs
# 
#   Note that rows containing multiple types will be counted multiple times, in each
#   counter. For example, a row with a SNP and an indel increments both the SNP and
#   the indel counter.
# 
# SN	[2]id	[3]key	[4]value
SN	0	number of samples:	121
SN	0	number of records:	152242
SN	0	number of no-ALTs:	0
SN	0	number of SNPs:	142594
SN	0	number of MNPs:	0
SN	0	number of indels:	10264
SN	0	number of others:	875
SN	0	number of multiallelic sites:	5308
SN	0	number of multiallelic SNP sites:	2358
# TSTV, transitions/transversions:
# TSTV	[2]id	[3]ts	[4]tv	[5]ts/tv	[6]ts (1st ALT)	[7]tv (1st ALT)	[8]ts/tv (1st ALT)
TSTV	0	85668	57991	1.48	84869	56901	1.49
# SiS, Singleton stats:
# SiS	[2]id	[3]allele count	[4]number of SNPs	[5]number of transitions	[6]number of transversions	[7]number of indels	[8]repeat-consistent	[9]repeat-inconsistent	[10]not applicable
SiS	0	1	5305	3153	2152	1034	0	0	1034
# AF, Stats by non-reference allele frequency:
# AF	[2]id	[3]allele frequency	[4]number of SNPs	[5]number of transitions	[6]number of transversions	[7]number of indels	[8]repeat-consistent	[9]repeat-inconsistent	[10]not applicable
AF	0	0.000000	137350	82077	55273	12337	0	0	12337
AF	0	0.033058	700	375	325	255	0	0	255
AF	0	0.041322	7	2	5	13	0	0	13
AF	0	0.049587	318	184	134	123	0	0	123
AF	0	0.057851	6	2	4	9	0	0	9
AF	0	0.066116	211	117	94	92	0	0	92
AF	0	0.074380	20	6	14	9	0	0	9
AF	0	0.082645	613	388	225	122	0	0	122
AF	0	0.090909	12	5	7	9	0	0	9
AF	0	0.099174	80	40	40	57	0	0	57
AF	0	0.107438	17	6	11	14	0	0	14
AF	0	0.115702	65	45	20	37	0	0	37
AF	0	0.123967	25	12	13	9	0	0	9
AF	0	0.132231	76	45	31	29	0	0	29
AF	0	0.140496	16	11	5	6	0	0	6
AF	0	0.148760	52	25	27	22	0	0	22
AF	0	0.157025	14	6	8	6	0	0	6
AF	0	0.165289	33	20	13	19	0	0	19
AF	0	0.173554	21	10	11	12	0	0	12
AF	0	0.181818	50	26	24	18	0	0	18
AF	0	0.190083	12	4	8	6	0	0	6
AF	0	0.198347	45	17	28	14	0	0	14
AF	0	0.206612	14	4	10	5	0	0	5
AF	0	0.214876	32	20	12	19	0	0	19
AF	0	0.223140	14	11	3	3	0	0	3
AF	0	0.231405	31	18	13	15	0	0	15
AF	0	0.239669	6	6	0	2	0	0	2
AF	0	0.247934	34	22	12	13	0	0	13
AF	0	0.256198	19	10	9	9	0	0	9
AF	0	0.264463	41	20	21	20	0	0	20
AF	0	0.272727	16	7	9	7	0	0	7
AF	0	0.280992	35	20	15	10	0	0	10
AF	0	0.289256	9	4	5	4	0	0	4
AF	0	0.297521	29	16	13	15	0	0	15
AF	0	0.305785	16	9	7	7	0	0	7
AF	0	0.314050	29	18	11	7	0	0	7
AF	0	0.322314	9	6	3	4	0	0	4
AF	0	0.330579	33	22	11	14	0	0	14
AF	0	0.338843	6	4	2	2	0	0	2
AF	0	0.347107	31	12	19	6	0	0	6
AF	0	0.355372	12	5	7	2	0	0	2
AF	0	0.363636	22	13	9	11	0	0	11
AF	0	0.371901	6	4	2	3	0	0	3
AF	0	0.380165	28	21	7	8	0	0	8
AF	0	0.388430	14	10	4	1	0	0	1
AF	0	0.396694	79	42	37	14	0	0	14
AF	0	0.404959	13	5	8	4	0	0	4
AF	0	0.413223	37	27	10	12	0	0	12
AF	0	0.421488	12	8	4	12	0	0	12
AF	0	0.429752	27	13	14	14	0	0	14
AF	0	0.438017	15	7	8	3	0	0	3
AF	0	0.446281	56	34	22	7	0	0	7
AF	0	0.454545	12	3	9	4	0	0	4
AF	0	0.462810	57	25	32	7	0	0	7
AF	0	0.471074	5	2	3	2	0	0	2
AF	0	0.479339	28	16	12	6	0	0	6
AF	0	0.495868	8	1	7	10	0	0	10
AF	0	0.504132	12	4	8	5	0	0	5
AF	0	0.512397	13	7	6	8	0	0	8
AF	0	0.520661	8	1	7	6	0	0	6
AF	0	0.528926	9	5	4	3	0	0	3
AF	0	0.537190	11	7	4	7	0	0	7
AF	0	0.545455	12	6	6	2	0	0	2
AF	0	0.553719	6	1	5	4	0	0	4
AF	0	0.561983	21	12	9	4	0	0	4
AF	0	0.570248	13	8	5	3	0	0	3
AF	0	0.578512	14	10	4	3	0	0	3
AF	0	0.586777	11	4	7	3	0	0	3
AF	0	0.595041	15	6	9	4	0	0	4
AF	0	0.603306	8	3	5	2	0	0	2
AF	0	0.611570	5	2	3	3	0	0	3
AF	0	0.619835	8	7	1	2	0	0	2
AF	0	0.628099	13	6	7	3	0	0	3
AF	0	0.636364	7	5	2	5	0	0	5
AF	0	0.644628	11	8	3	4	0	0	4
AF	0	0.652893	7	2	5	4	0	0	4
AF	0	0.661157	11	6	5	3	0	0	3
AF	0	0.669421	11	6	5	4	0	0	4
AF	0	0.677686	16	7	9	1	0	0	1
AF	0	0.685950	11	4	7	1	0	0	1
AF	0	0.694215	10	7	3	2	0	0	2
AF	0	0.702479	13	7	6	3	0	0	3
AF	0	0.710744	6	4	2	4	0	0	4
AF	0	0.719008	4	2	2	2	0	0	2
AF	0	0.727273	12	6	6	5	0	0	5
AF	0	0.735537	4	1	3	3	0	0	3
AF	0	0.743802	16	12	4	4	0	0	4
AF	0	0.752066	7	2	5	4	0	0	4
AF	0	0.760331	9	7	2	4	0	0	4
AF	0	0.768595	9	5	4	8	0	0	8
AF	0	0.776860	9	6	3	4	0	0	4
AF	0	0.785124	7	5	2	8	0	0	8
AF	0	0.793388	24	13	11	4	0	0	4
AF	0	0.801653	10	6	4	13	0	0	13
AF	0	0.809917	19	9	10	5	0	0	5
AF	0	0.818182	10	4	6	7	0	0	7
AF	0	0.826446	28	9	19	3	0	0	3
AF	0	0.834711	10	7	3	10	0	0	10
AF	0	0.842975	11	7	4	9	0	0	9
AF	0	0.851240	15	6	9	9	0	0	9
AF	0	0.859504	10	4	6	4	0	0	4
AF	0	0.867769	19	13	6	12	0	0	12
AF	0	0.876033	21	15	6	7	0	0	7
AF	0	0.884298	581	370	211	34	0	0	34
AF	0	0.892562	16	9	7	3	0	0	3
AF	0	0.900826	31	15	16	15	0	0	15
AF	0	0.909091	9	3	6	3	0	0	3
AF	0	0.917355	23	9	14	14	0	0	14
AF	0	0.925620	13	9	4	1	0	0	1
AF	0	0.933884	20	8	12	10	0	0	10
AF	0	0.942149	16	11	5	2	0	0	2
AF	0	0.950413	37	18	19	13	0	0	13
AF	0	0.958678	20	9	11	3	0	0	3
AF	0	0.966942	90	47	43	29	0	0	29
AF	0	0.975207	36	15	21	5	0	0	5
AF	0	0.991736	1653	973	680	102	0	0	102
# QUAL, Stats by quality:
# QUAL	[2]id	[3]Quality	[4]number of SNPs	[5]number of transitions (1st ALT)	[6]number of transversions (1st ALT)	[7]number of indels
QUAL	0	30	11	8	3	1
QUAL	0	31	32	17	15	1
QUAL	0	32	30	13	17	0
QUAL	0	33	23	13	10	1
QUAL	0	34	16	9	7	2
QUAL	0	35	18	14	4	1
QUAL	0	36	28	13	15	0
QUAL	0	37	353	176	177	6
QUAL	0	38	48	20	28	0
QUAL	0	39	14	5	9	0
QUAL	0	40	13	7	6	0
QUAL	0	41	46	20	26	0
QUAL	0	42	41	19	22	2
QUAL	0	43	25	12	13	3
QUAL	0	44	16	7	9	2
QUAL	0	45	31	12	19	0
QUAL	0	46	25	10	15	1
QUAL	0	47	24	11	13	1
QUAL	0	48	49	24	25	1
QUAL	0	49	25	12	13	2
QUAL	0	50	37	21	16	0
QUAL	0	51	257	121	136	0
QUAL	0	52	45	23	22	0
QUAL	0	53	49	30	19	1
QUAL	0	54	20	7	13	1
QUAL	0	55	24	13	11	1
QUAL	0	56	21	10	11	1
QUAL	0	57	18	7	11	3
QUAL	0	58	24	12	12	0
QUAL	0	59	28	18	10	1
QUAL	0	60	15	6	9	2
QUAL	0	61	55	23	32	2
QUAL	0	62	19	10	9	2
QUAL	0	63	18	9	9	0
QUAL	0	64	18	9	9	1
QUAL	0	65	20	11	9	0
QUAL	0	66	34	16	18	1
QUAL	0	67	21	9	12	0
QUAL	0	68	22	8	14	1
QUAL	0	69	24	8	16	0
QUAL	0	70	32	15	17	0
QUAL	0	71	37	16	21	1
QUAL	0	72	29	12	17	4
QUAL	0	73	13	6	7	19
QUAL	0	74	17	11	6	2
QUAL	0	75	22	9	13	2
QUAL	0	76	43	27	16	0
QUAL	0	77	32	16	16	2
QUAL	0	78	30	17	13	1
QUAL	0	79	13	7	6	1
QUAL	0	80	31	12	19	0
QUAL	0	81	27	12	15	1
QUAL	0	82	159	82	77	3
QUAL	0	83	33	20	13	2
QUAL	0	84	32	13	19	0
QUAL	0	85	34	16	18	1
QUAL	0	86	270	150	120	0
QUAL	0	87	38	19	19	2
QUAL	0	88	18	11	7	0
QUAL	0	89	18	8	10	7
QUAL	0	90	21	7	14	3
QUAL	0	91	22	7	15	1
QUAL	0	92	18	7	11	2
QUAL	0	93	18	9	9	2
QUAL	0	94	17	10	7	0
QUAL	0	95	28	13	15	0
QUAL	0	96	54	32	22	0
QUAL	0	97	10	5	5	0
QUAL	0	98	45	20	25	2
QUAL	0	99	17	6	11	0
QUAL	0	100	20	10	10	0
QUAL	0	101	46	29	17	1
QUAL	0	102	21	7	14	2
QUAL	0	103	16	7	9	0
QUAL	0	104	20	13	7	0
QUAL	0	105	19	11	8	1
QUAL	0	106	23	10	13	2
QUAL	0	107	14	3	11	2
QUAL	0	108	14	6	8	3
QUAL	0	109	29	14	15	0
QUAL	0	110	17	8	9	0
QUAL	0	111	55	30	25	1
QUAL	0	112	24	12	12	3
QUAL	0	113	15	4	11	2
QUAL	0	114	23	12	11	0
QUAL	0	115	22	12	10	1
QUAL	0	116	16	5	11	1
QUAL	0	117	29	11	18	2
QUAL	0	118	34	20	14	23
QUAL	0	119	22	8	14	2
QUAL	0	120	51	20	31	3
QUAL	0	121	305	158	147	2
QUAL	0	122	27	13	14	1
QUAL	0	123	9	4	5	4
QUAL	0	124	26	12	14	2
QUAL	0	125	10	8	2	2
QUAL	0	126	17	6	11	1
QUAL	0	127	87	36	51	4
QUAL	0	128	29	12	17	2
QUAL	0	129	18	8	10	0
QUAL	0	130	65	30	35	2
QUAL	0	131	24	10	14	3
QUAL	0	132	10	6	4	2
QUAL	0	133	20	10	10	1
QUAL	0	134	14	9	5	5
QUAL	0	135	18	8	10	0
QUAL	0	136	32	15	17	1
QUAL	0	137	18	8	10	1
QUAL	0	138	16	9	7	1
QUAL	0	139	16	8	8	0
QUAL	0	140	23	18	5	5
QUAL	0	141	23	10	13	5
QUAL	0	142	21	13	8	2
QUAL	0	143	27	13	14	2
QUAL	0	144	21	9	12	2
QUAL	0	145	20	10	10	2
QUAL	0	146	66	37	29	0
QUAL	0	147	33	19	14	0
QUAL	0	148	16	10	6	2
QUAL	0	149	27	17	10	2
QUAL	0	150	29	15	14	0
QUAL	0	151	14	6	8	1
QUAL	0	152	25	11	14	3
QUAL	0	153	46	20	26	2
QUAL	0	154	34	14	20	3
QUAL	0	155	73	39	34	1
QUAL	0	156	393	248	145	4
QUAL	0	157	26	9	17	3
QUAL	0	158	17	9	8	2
QUAL	0	159	25	12	13	6
QUAL	0	160	19	10	9	1
QUAL	0	161	19	10	9	3
QUAL	0	162	31	16	15	1
QUAL	0	163	14	7	7	16
QUAL	0	164	22	12	10	4
QUAL	0	165	89	56	33	0
QUAL	0	166	24	12	12	1
QUAL	0	167	14	5	9	2
QUAL	0	168	27	16	11	3
QUAL	0	169	13	5	8	0
QUAL	0	170	38	19	19	1
QUAL	0	171	13	6	7	0
QUAL	0	172	69	39	30	3
QUAL	0	173	18	5	13	5
QUAL	0	174	19	6	13	0
QUAL	0	175	28	21	7	4
QUAL	0	176	19	10	9	3
QUAL	0	177	24	11	13	2
QUAL	0	178	28	21	7	0
QUAL	0	179	21	11	9	1
QUAL	0	180	85	50	35	1
QUAL	0	181	46	19	27	1
QUAL	0	182	17	7	10	3
QUAL	0	183	15	6	9	0
QUAL	0	184	26	12	14	0
QUAL	0	185	24	13	11	0
QUAL	0	186	27	14	13	2
QUAL	0	187	48	31	17	3
QUAL	0	188	28	17	11	1
QUAL	0	189	34	17	17	1
QUAL	0	190	578	332	246	1
QUAL	0	191	36	24	12	1
QUAL	0	192	18	8	10	5
QUAL	0	193	26	13	13	2
QUAL	0	194	23	17	6	2
QUAL	0	195	24	13	11	4
QUAL	0	196	25	11	13	4
QUAL	0	197	24	14	10	3
QUAL	0	198	20	8	12	3
QUAL	0	199	24	12	12	5
QUAL	0	200	130	90	40	5
QUAL	0	201	21	9	12	1
QUAL	0	202	13	8	5	5
QUAL	0	203	11	5	6	2
QUAL	0	204	14	5	9	0
QUAL	0	205	65	34	31	1
QUAL	0	206	21	14	7	1
QUAL	0	207	28	19	9	2
QUAL	0	208	9	8	1	11
QUAL	0	209	40	27	13	1
QUAL	0	210	28	11	17	3
QUAL	0	211	13	8	5	1
QUAL	0	212	17	10	7	2
QUAL	0	213	34	20	14	3
QUAL	0	214	24	13	11	4
QUAL	0	215	111	62	49	1
QUAL	0	216	34	17	17	0
QUAL	0	217	58	30	28	5
QUAL	0	218	18	9	9	3
QUAL	0	219	61	30	31	2
QUAL	0	220	32	13	19	1
QUAL	0	221	24	14	10	1
QUAL	0	222	56	31	25	3
QUAL	0	223	38	26	11	2
QUAL	0	224	77	42	35	6
QUAL	0	225	790	471	319	2
QUAL	0	226	19	7	12	1
QUAL	0	227	31	12	19	1
QUAL	0	228	17	10	7	1
QUAL	0	229	19	7	12	1
QUAL	0	230	20	13	7	1
QUAL	0	231	19	10	9	3
QUAL	0	232	21	11	10	1
QUAL	0	233	42	16	26	2
QUAL	0	234	40	24	16	2
QUAL	0	235	143	89	54	3
QUAL	0	236	12	5	7	4
QUAL	0	237	19	7	12	2
QUAL	0	238	22	11	11	1
QUAL	0	239	33	17	16	1
QUAL	0	240	78	45	33	2
QUAL	0	241	21	10	11	2
QUAL	0	242	28	15	13	5
QUAL	0	243	18	7	11	1
QUAL	0	244	55	35	20	3
QUAL	0	245	33	22	11	1
QUAL	0	246	15	9	6	3
QUAL	0	247	26	13	13	4
QUAL	0	248	23	16	7	6
QUAL	0	249	32	20	12	3
QUAL	0	250	151	93	58	2
QUAL	0	251	46	27	19	2
QUAL	0	252	14	6	8	1
QUAL	0	253	17	11	6	23
QUAL	0	254	58	34	24	5
QUAL	0	255	23	12	11	5
QUAL	0	256	28	18	10	4
QUAL	0	257	91	50	41	4
QUAL	0	258	61	35	26	3
QUAL	0	259	180	116	63	6
QUAL	0	260	1110	653	457	2
QUAL	0	261	33	15	18	2
QUAL	0	262	52	35	17	2
QUAL	0	263	17	9	8	1
QUAL	0	264	29	18	11	3
QUAL	0	265	26	13	13	3
QUAL	0	266	45	19	26	1
QUAL	0	267	26	14	12	1
QUAL	0	268	28	23	5	1
QUAL	0	269	229	128	101	4
QUAL	0	270	20	13	6	4
QUAL	0	271	20	9	11	3
QUAL	0	272	18	7	11	1
QUAL	0	273	25	15	10	3
QUAL	0	274	43	31	12	3
QUAL	0	275	102	54	48	7
QUAL	0	276	12	3	9	0
QUAL	0	277	34	12	20	3
QUAL	0	278	30	16	14	1
QUAL	0	279	55	24	31	1
QUAL	0	280	36	20	14	4
QUAL	0	281	22	12	10	5
QUAL	0	282	26	16	10	2
QUAL	0	283	38	23	15	4
QUAL	0	284	76	54	22	4
QUAL	0	285	184	102	82	7
QUAL	0	286	50	33	17	8
QUAL	0	287	13	9	4	4
QUAL	0	288	39	26	12	5
QUAL	0	289	57	32	25	7
QUAL	0	290	26	14	12	3
QUAL	0	291	34	20	14	4
QUAL	0	292	107	68	39	5
QUAL	0	293	101	60	41	1
QUAL	0	294	237	139	98	3
QUAL	0	295	1412	850	562	1
QUAL	0	296	28	18	10	0
QUAL	0	297	15	7	8	5
QUAL	0	298	34	16	18	17
QUAL	0	299	32	15	17	5
QUAL	0	300	24	14	10	3
QUAL	0	301	27	16	10	7
QUAL	0	302	20	13	7	4
QUAL	0	303	50	23	27	8
QUAL	0	304	298	169	129	10
QUAL	0	305	39	16	22	2
QUAL	0	306	23	13	10	1
QUAL	0	307	68	33	35	3
QUAL	0	308	37	17	20	3
QUAL	0	309	184	109	75	8
QUAL	0	310	31	13	18	3
QUAL	0	311	26	13	13	4
QUAL	0	312	25	13	12	7
QUAL	0	313	30	16	14	9
QUAL	0	314	88	53	35	4
QUAL	0	315	19	6	13	3
QUAL	0	316	36	23	13	2
QUAL	0	317	48	28	20	4
QUAL	0	318	38	18	19	1
QUAL	0	319	307	186	121	1
QUAL	0	320	56	31	25	3
QUAL	0	321	28	14	14	2
QUAL	0	322	22	15	7	3
QUAL	0	323	72	37	35	6
QUAL	0	324	37	22	15	2
QUAL	0	325	24	13	11	3
QUAL	0	326	100	63	36	0
QUAL	0	327	76	42	33	1
QUAL	0	328	209	120	89	2
QUAL	0	329	1975	1186	789	1
QUAL	0	330	33	22	11	6
QUAL	0	331	20	14	6	6
QUAL	0	332	31	15	16	6
QUAL	0	333	29	19	10	13
QUAL	0	334	39	23	16	6
QUAL	0	335	26	12	13	3
QUAL	0	336	32	18	14	5
QUAL	0	337	34	13	21	0
QUAL	0	338	61	41	20	6
QUAL	0	339	344	196	148	1
QUAL	0	340	21	12	9	4
QUAL	0	341	25	14	11	5
QUAL	0	342	37	20	17	7
QUAL	0	343	48	28	20	66
QUAL	0	344	214	114	100	7
QUAL	0	345	23	10	13	6
QUAL	0	346	26	15	11	1
QUAL	0	347	27	17	10	4
QUAL	0	348	80	44	36	3
QUAL	0	349	45	24	21	4
QUAL	0	350	10	4	5	5
QUAL	0	351	37	19	18	0
QUAL	0	352	101	52	49	6
QUAL	0	353	57	33	23	3
QUAL	0	354	333	206	127	3
QUAL	0	355	70	33	37	1
QUAL	0	356	19	10	9	3
QUAL	0	357	22	8	14	3
QUAL	0	358	91	46	44	6
QUAL	0	359	44	18	26	3
QUAL	0	360	29	20	9	4
QUAL	0	361	121	74	47	4
QUAL	0	362	108	51	57	6
QUAL	0	363	243	146	96	8
QUAL	0	364	2211	1342	868	6
QUAL	0	365	28	18	10	7
QUAL	0	366	18	10	8	10
QUAL	0	367	19	12	7	9
QUAL	0	368	36	17	19	2
QUAL	0	369	52	30	22	1
QUAL	0	370	28	21	7	3
QUAL	0	371	28	14	14	3
QUAL	0	372	27	12	15	6
QUAL	0	373	107	71	36	10
QUAL	0	374	404	256	148	10
QUAL	0	375	15	10	5	1
QUAL	0	376	30	13	17	4
QUAL	0	377	49	33	16	10
QUAL	0	378	71	40	31	5
QUAL	0	379	268	160	108	8
QUAL	0	380	18	12	6	0
QUAL	0	381	37	21	16	2
QUAL	0	382	24	8	15	3
QUAL	0	383	86	57	29	14
QUAL	0	384	46	33	13	4
QUAL	0	385	24	14	10	2
QUAL	0	386	39	17	22	8
QUAL	0	387	80	46	34	13
QUAL	0	388	140	88	52	50
QUAL	0	389	383	244	139	5
QUAL	0	390	59	29	29	1
QUAL	0	391	24	12	12	4
QUAL	0	392	33	19	14	3
QUAL	0	393	85	49	36	2
QUAL	0	394	49	28	21	4
QUAL	0	395	59	26	33	10
QUAL	0	396	144	75	68	6
QUAL	0	397	194	116	78	4
QUAL	0	398	422	271	151	4
QUAL	0	399	2338	1436	902	1
QUAL	0	400	13	8	5	3
QUAL	0	401	27	18	9	5
QUAL	0	402	29	19	10	8
QUAL	0	403	42	24	18	7
QUAL	0	404	64	35	29	6
QUAL	0	405	43	31	12	1
QUAL	0	406	35	18	17	5
QUAL	0	407	63	38	25	0
QUAL	0	408	465	289	176	4
QUAL	0	409	20	11	9	5
QUAL	0	410	23	12	11	2
QUAL	0	411	33	16	17	3
QUAL	0	412	38	20	18	1
QUAL	0	413	93	57	35	8
QUAL	0	414	286	168	118	7
QUAL	0	415	18	9	9	6
QUAL	0	416	30	17	13	5
QUAL	0	417	23	14	9	3
QUAL	0	418	92	51	40	2
QUAL	0	419	45	24	21	4
QUAL	0	420	20	15	5	10
QUAL	0	421	34	19	15	7
QUAL	0	422	77	44	32	18
QUAL	0	423	153	80	73	19
QUAL	0	424	342	207	135	11
QUAL	0	425	63	34	28	13
QUAL	0	426	25	13	12	7
QUAL	0	427	33	15	18	6
QUAL	0	428	106	68	38	6
QUAL	0	429	36	17	18	3
QUAL	0	430	59	34	25	4
QUAL	0	431	159	93	66	5
QUAL	0	432	206	117	89	3
QUAL	0	433	525	320	205	44
QUAL	0	434	2365	1477	888	5
QUAL	0	435	32	16	15	7
QUAL	0	436	27	15	12	3
QUAL	0	437	39	24	14	12
QUAL	0	438	76	48	28	4
QUAL	0	439	37	26	11	5
QUAL	0	440	41	22	19	1
QUAL	0	441	55	26	29	3
QUAL	0	442	138	71	66	6
QUAL	0	443	515	320	195	0
QUAL	0	444	22	11	11	4
QUAL	0	445	32	17	12	6
QUAL	0	446	33	18	15	1
QUAL	0	447	64	33	31	8
QUAL	0	448	364	235	129	4
QUAL	0	449	28	12	16	6
QUAL	0	450	35	25	10	3
QUAL	0	451	13	8	4	7
QUAL	0	452	41	29	12	4
QUAL	0	453	107	65	42	1
QUAL	0	454	29	16	13	4
QUAL	0	455	32	15	17	6
QUAL	0	456	52	35	17	9
QUAL	0	457	79	49	28	3
QUAL	0	458	535	330	205	8
QUAL	0	459	66	37	29	3
QUAL	0	460	18	9	9	7
QUAL	0	461	30	15	15	12
QUAL	0	462	97	58	39	10
QUAL	0	463	52	33	19	6
QUAL	0	464	36	23	13	13
QUAL	0	465	121	70	51	5
QUAL	0	466	112	62	50	8
QUAL	0	467	359	206	153	9
QUAL	0	468	1636	991	645	8
QUAL	0	469	973	615	358	7
QUAL	0	470	18	7	11	4
QUAL	0	471	16	8	8	3
QUAL	0	472	43	25	18	5
QUAL	0	473	86	58	28	6
QUAL	0	474	45	25	20	7
QUAL	0	475	39	17	22	6
QUAL	0	476	53	26	27	2
QUAL	0	477	99	57	41	4
QUAL	0	478	426	263	163	52
QUAL	0	479	22	12	10	8
QUAL	0	480	24	11	13	3
QUAL	0	481	36	21	15	5
QUAL	0	482	66	37	29	5
QUAL	0	483	356	217	139	2
QUAL	0	484	29	10	19	1
QUAL	0	485	24	13	10	7
QUAL	0	486	40	22	18	6
QUAL	0	487	116	62	54	5
QUAL	0	488	98	61	37	3
QUAL	0	489	23	12	10	7
QUAL	0	490	37	16	21	2
QUAL	0	491	56	36	20	5
QUAL	0	492	87	48	39	2
QUAL	0	493	470	299	171	5
QUAL	0	494	72	33	39	3
QUAL	0	495	18	9	9	4
QUAL	0	496	29	14	15	4
QUAL	0	497	71	40	30	7
QUAL	0	498	61	33	28	9
QUAL	0	499	46	22	24	10
QUAL	0	500	119	70	49	11
QUAL	0	501	127	71	56	1
QUAL	0	502	286	170	116	5
QUAL	0	503	2368	1463	904	6
QUAL	0	504	25	12	13	5
QUAL	0	505	23	14	9	10
QUAL	0	506	31	18	13	5
QUAL	0	507	44	30	14	2
QUAL	0	508	95	58	37	4
QUAL	0	509	61	31	30	15
QUAL	0	510	44	26	17	7
QUAL	0	511	58	30	28	3
QUAL	0	512	121	70	51	8
QUAL	0	513	369	237	132	9
QUAL	0	514	21	11	10	6
QUAL	0	515	24	13	11	4
QUAL	0	516	44	25	19	1
QUAL	0	517	82	53	29	3
QUAL	0	518	328	199	129	2
QUAL	0	519	23	14	9	1
QUAL	0	520	35	21	14	4
QUAL	0	521	25	16	9	3
QUAL	0	522	105	67	37	3
QUAL	0	523	32	20	11	49
QUAL	0	524	27	12	15	10
QUAL	0	525	29	18	10	2
QUAL	0	526	55	27	28	2
QUAL	0	527	166	101	64	2
QUAL	0	528	321	198	123	6
QUAL	0	529	47	19	28	9
QUAL	0	530	22	11	11	11
QUAL	0	531	48	26	22	3
QUAL	0	532	138	69	69	3
QUAL	0	533	69	34	35	1
QUAL	0	534	41	26	15	6
QUAL	0	535	116	75	41	3
QUAL	0	536	144	87	57	5
QUAL	0	537	397	246	151	12
QUAL	0	538	1933	1204	729	15
QUAL	0	539	19	10	8	4
QUAL	0	540	22	11	11	1
QUAL	0	541	28	15	12	6
QUAL	0	542	46	28	18	5
QUAL	0	543	83	47	36	7
QUAL	0	544	69	36	33	7
QUAL	0	545	34	18	16	14
QUAL	0	546	64	39	25	2
QUAL	0	547	138	90	48	10
QUAL	0	548	308	213	95	6
QUAL	0	549	32	20	10	3
QUAL	0	550	42	21	21	2
QUAL	0	551	45	25	20	4
QUAL	0	552	133	80	53	2
QUAL	0	553	343	216	127	2
QUAL	0	554	28	19	9	0
QUAL	0	555	21	12	9	4
QUAL	0	556	39	18	20	7
QUAL	0	557	76	47	29	6
QUAL	0	558	34	24	10	18
QUAL	0	559	24	14	10	3
QUAL	0	560	42	21	20	7
QUAL	0	561	54	34	20	6
QUAL	0	562	138	83	55	7
QUAL	0	563	278	175	102	5
QUAL	0	564	46	20	25	8
QUAL	0	565	20	7	13	1
QUAL	0	566	36	23	13	2
QUAL	0	567	103	63	40	2
QUAL	0	568	45	25	20	52
QUAL	0	569	51	24	27	5
QUAL	0	570	118	68	50	6
QUAL	0	571	162	105	56	3
QUAL	0	572	405	242	163	2
QUAL	0	573	1682	1033	649	6
QUAL	0	574	12	8	4	1
QUAL	0	575	22	11	11	17
QUAL	0	576	45	24	21	3
QUAL	0	577	147	81	66	4
QUAL	0	578	71	41	30	2
QUAL	0	579	66	40	26	7
QUAL	0	580	33	14	19	5
QUAL	0	581	60	35	25	8
QUAL	0	582	378	240	137	1
QUAL	0	583	31	12	17	1
QUAL	0	584	28	19	8	6
QUAL	0	585	32	23	9	8
QUAL	0	586	49	35	14	11
QUAL	0	587	326	208	118	3
QUAL	0	588	34	20	14	3
QUAL	0	589	19	8	10	2
QUAL	0	590	13	6	7	0
QUAL	0	591	34	14	19	4
QUAL	0	592	82	51	31	5
QUAL	0	593	64	30	33	4
QUAL	0	594	33	23	10	3
QUAL	0	595	41	22	19	4
QUAL	0	596	82	43	39	5
QUAL	0	597	158	91	67	4
QUAL	0	598	225	140	85	3
QUAL	0	599	28	16	12	5
QUAL	0	600	15	8	7	4
QUAL	0	601	50	32	18	0
QUAL	0	602	76	40	36	5
QUAL	0	603	42	28	14	16
QUAL	0	604	42	24	18	1
QUAL	0	605	112	78	33	5
QUAL	0	606	201	116	85	4
QUAL	0	607	518	322	194	6
QUAL	0	608	1005	622	383	4
QUAL	0	609	17	9	8	8
QUAL	0	610	26	14	12	6
QUAL	0	611	57	31	26	12
QUAL	0	612	96	53	43	3
QUAL	0	613	115	72	43	65
QUAL	0	614	41	22	19	3
QUAL	0	615	38	23	15	1
QUAL	0	616	54	25	27	7
QUAL	0	617	259	163	96	6
QUAL	0	618	24	16	8	7
QUAL	0	619	19	16	2	4
QUAL	0	620	32	13	19	4
QUAL	0	621	76	46	29	6
QUAL	0	622	354	205	149	8
QUAL	0	623	40	25	15	5
QUAL	0	624	23	11	12	9
QUAL	0	625	11	8	3	5
QUAL	0	626	39	23	16	7
QUAL	0	627	56	30	26	5
QUAL	0	628	32	17	15	3
QUAL	0	629	26	20	6	1
QUAL	0	630	39	25	14	5
QUAL	0	631	72	49	23	1
QUAL	0	632	295	191	103	3
QUAL	0	633	40	23	17	1
QUAL	0	634	19	13	6	5
QUAL	0	635	27	18	9	6
QUAL	0	636	60	32	28	1
QUAL	0	637	41	19	22	6
QUAL	0	638	56	36	19	5
QUAL	0	639	72	36	36	2
QUAL	0	640	88	48	40	4
QUAL	0	641	199	121	78	3
QUAL	0	642	1142	686	456	7
QUAL	0	643	21	9	12	1
QUAL	0	644	19	13	6	4
QUAL	0	645	25	14	11	5
QUAL	0	646	36	19	16	9
QUAL	0	647	71	35	36	12
QUAL	0	648	130	79	50	8
QUAL	0	649	18	8	10	6
QUAL	0	650	39	22	17	9
QUAL	0	651	71	45	26	3
QUAL	0	652	208	127	80	7
QUAL	0	653	21	9	12	9
QUAL	0	654	34	17	16	6
QUAL	0	655	35	23	12	3
QUAL	0	656	76	45	31	3
QUAL	0	657	259	166	93	4
QUAL	0	658	53	33	20	36
QUAL	0	659	15	8	6	7
QUAL	0	660	25	17	8	1
QUAL	0	661	43	23	20	3
QUAL	0	662	38	24	14	5
QUAL	0	663	39	22	17	8
QUAL	0	664	25	11	13	3
QUAL	0	665	41	17	24	1
QUAL	0	666	82	47	34	8
QUAL	0	667	239	139	100	7
QUAL	0	668	33	18	15	1
QUAL	0	669	14	9	5	5
QUAL	0	670	25	15	10	3
QUAL	0	671	46	28	16	2
QUAL	0	672	68	39	29	5
QUAL	0	673	44	28	16	2
QUAL	0	674	66	46	20	5
QUAL	0	675	75	41	34	2
QUAL	0	676	188	109	79	2
QUAL	0	677	862	526	336	0
QUAL	0	678	20	9	11	3
QUAL	0	679	19	9	8	1
QUAL	0	680	29	13	16	4
QUAL	0	681	48	32	16	5
QUAL	0	682	124	71	53	2
QUAL	0	683	145	89	56	6
QUAL	0	684	24	20	4	6
QUAL	0	685	35	21	14	3
QUAL	0	686	69	42	27	2
QUAL	0	687	119	75	43	8
QUAL	0	688	27	12	14	8
QUAL	0	689	26	13	12	3
QUAL	0	690	39	24	13	7
QUAL	0	691	70	42	28	6
QUAL	0	692	203	132	70	6
QUAL	0	693	26	16	10	8
QUAL	0	694	16	10	6	3
QUAL	0	695	17	10	7	8
QUAL	0	696	58	32	24	5
QUAL	0	697	49	25	24	5
QUAL	0	698	38	27	11	1
QUAL	0	699	20	13	7	0
QUAL	0	700	38	23	14	10
QUAL	0	701	88	49	39	5
QUAL	0	702	154	96	57	2
QUAL	0	703	18	13	5	46
QUAL	0	704	11	5	6	6
QUAL	0	705	20	9	11	3
QUAL	0	706	59	40	19	4
QUAL	0	707	50	29	21	3
QUAL	0	708	53	31	22	3
QUAL	0	709	39	24	15	2
QUAL	0	710	81	52	29	2
QUAL	0	711	208	119	89	0
QUAL	0	712	586	369	217	2
QUAL	0	713	13	9	4	3
QUAL	0	714	17	13	3	1
QUAL	0	715	45	24	21	1
QUAL	0	716	65	43	21	6
QUAL	0	717	192	112	80	3
QUAL	0	718	132	80	52	3
QUAL	0	719	24	15	9	2
QUAL	0	720	33	19	14	6
QUAL	0	721	107	68	39	4
QUAL	0	722	31	17	13	5
QUAL	0	723	22	14	7	5
QUAL	0	724	27	17	10	8
QUAL	0	725	38	25	13	7
QUAL	0	726	86	59	27	2
QUAL	0	727	158	100	56	2
QUAL	0	728	29	19	10	5
QUAL	0	729	13	8	5	2
QUAL	0	730	27	14	13	1
QUAL	0	731	49	31	18	2
QUAL	0	732	56	29	26	3
QUAL	0	733	15	10	5	2
QUAL	0	734	29	13	16	3
QUAL	0	735	19	10	9	2
QUAL	0	736	80	56	24	2
QUAL	0	737	102	64	38	6
QUAL	0	738	14	8	6	6
QUAL	0	739	22	13	9	3
QUAL	0	740	32	18	14	2
QUAL	0	741	46	29	17	7
QUAL	0	742	82	55	27	2
QUAL	0	743	39	25	14	3
QUAL	0	744	47	20	26	0
QUAL	0	745	72	42	29	2
QUAL	0	746	178	105	72	5
QUAL	0	747	366	235	130	12
QUAL	0	748	21	11	10	42
QUAL	0	749	29	20	9	6
QUAL	0	750	30	15	15	1
QUAL	0	751	95	56	39	2
QUAL	0	752	233	132	101	2
QUAL	0	753	93	65	28	2
QUAL	0	754	18	8	8	5
QUAL	0	755	29	15	14	2
QUAL	0	756	113	67	46	3
QUAL	0	757	73	34	39	4
QUAL	0	758	22	12	9	3
QUAL	0	759	26	16	10	3
QUAL	0	760	38	24	14	4
QUAL	0	761	144	93	51	1
QUAL	0	762	51	34	17	5
QUAL	0	763	13	8	5	8
QUAL	0	764	16	10	6	8
QUAL	0	765	26	14	11	5
QUAL	0	766	47	31	16	4
QUAL	0	767	70	39	31	7
QUAL	0	768	13	7	6	2
QUAL	0	769	16	9	6	1
QUAL	0	770	28	14	14	4
QUAL	0	771	125	72	52	4
QUAL	0	772	15	10	5	4
QUAL	0	773	22	11	11	5
QUAL	0	774	21	12	8	1
QUAL	0	775	32	16	15	2
QUAL	0	776	66	39	27	3
QUAL	0	777	75	51	24	2
QUAL	0	778	34	20	14	2
QUAL	0	779	43	22	20	4
QUAL	0	780	71	39	32	2
QUAL	0	781	348	226	122	3
QUAL	0	782	31	13	18	10
QUAL	0	783	21	9	11	8
QUAL	0	784	30	20	10	3
QUAL	0	785	46	20	26	2
QUAL	0	786	125	78	47	4
QUAL	0	787	279	162	117	4
QUAL	0	788	41	21	20	3
QUAL	0	789	19	12	7	3
QUAL	0	790	31	21	10	2
QUAL	0	791	75	43	32	3
QUAL	0	792	28	16	12	8
QUAL	0	793	13	5	8	30
QUAL	0	794	22	14	7	7
QUAL	0	795	46	34	12	4
QUAL	0	796	171	114	56	3
QUAL	0	797	49	28	21	3
QUAL	0	798	17	9	8	7
QUAL	0	799	6	1	5	11
QUAL	0	800	39	24	15	4
QUAL	0	801	46	27	19	1
QUAL	0	802	92	48	43	2
QUAL	0	803	12	7	5	1
QUAL	0	804	24	13	11	3
QUAL	0	805	37	20	16	1
QUAL	0	806	90	56	34	2
QUAL	0	807	20	9	11	2
QUAL	0	808	20	8	12	4
QUAL	0	809	25	15	10	11
QUAL	0	810	41	20	20	5
QUAL	0	811	58	29	28	3
QUAL	0	812	85	51	34	4
QUAL	0	813	14	8	6	3
QUAL	0	814	31	22	9	5
QUAL	0	815	71	49	21	3
QUAL	0	816	261	169	92	4
QUAL	0	817	27	14	11	3
QUAL	0	818	26	15	11	4
QUAL	0	819	33	21	11	2
QUAL	0	820	66	41	25	4
QUAL	0	821	167	89	78	5
QUAL	0	822	294	189	105	3
QUAL	0	823	12	8	4	3
QUAL	0	824	17	10	7	2
QUAL	0	825	26	13	12	5
QUAL	0	826	70	39	30	7
QUAL	0	827	26	10	16	6
QUAL	0	828	16	9	7	13
QUAL	0	829	23	9	14	0
QUAL	0	830	57	33	24	4
QUAL	0	831	128	76	52	5
QUAL	0	832	47	26	21	5
QUAL	0	833	19	12	7	4
QUAL	0	834	24	8	16	3
QUAL	0	835	36	26	10	1
QUAL	0	836	75	51	24	1
QUAL	0	837	67	46	21	7
QUAL	0	838	16	10	6	28
QUAL	0	839	20	13	6	4
QUAL	0	840	43	26	16	7
QUAL	0	841	83	46	36	6
QUAL	0	842	20	15	5	3
QUAL	0	843	21	8	12	7
QUAL	0	844	26	16	10	8
QUAL	0	845	40	21	18	3
QUAL	0	846	107	64	43	6
QUAL	0	847	89	51	38	1
QUAL	0	848	25	17	8	3
QUAL	0	849	28	13	15	0
QUAL	0	850	64	41	23	4
QUAL	0	851	159	94	65	2
QUAL	0	852	21	11	8	2
QUAL	0	853	32	17	15	3
QUAL	0	854	37	19	17	6
QUAL	0	855	76	47	28	3
QUAL	0	856	220	132	88	1
QUAL	0	857	218	126	92	3
QUAL	0	858	19	10	8	1
QUAL	0	859	18	9	9	0
QUAL	0	860	54	32	21	2
QUAL	0	861	39	22	16	6
QUAL	0	862	21	13	7	0
QUAL	0	863	20	11	9	2
QUAL	0	864	32	18	13	3
QUAL	0	865	44	31	13	2
QUAL	0	866	112	72	40	3
QUAL	0	867	26	14	12	3
QUAL	0	868	16	9	7	3
QUAL	0	869	25	18	7	5
QUAL	0	870	47	26	20	1
QUAL	0	871	91	53	38	5
QUAL	0	872	44	26	17	6
QUAL	0	873	14	9	5	12
QUAL	0	874	25	18	7	3
QUAL	0	875	45	31	13	4
QUAL	0	876	47	26	21	2
QUAL	0	877	13	3	10	5
QUAL	0	878	21	10	11	1
QUAL	0	879	37	24	13	1
QUAL	0	880	39	25	14	5
QUAL	0	881	111	62	49	1
QUAL	0	882	54	31	22	5
QUAL	0	883	21	15	3	18
QUAL	0	884	40	24	16	1
QUAL	0	885	62	38	23	1
QUAL	0	886	115	72	42	1
QUAL	0	887	16	5	10	2
QUAL	0	888	18	10	8	5
QUAL	0	889	56	32	24	6
QUAL	0	890	115	71	44	2
QUAL	0	891	298	184	114	1
QUAL	0	892	142	84	57	2
QUAL	0	893	17	6	11	4
QUAL	0	894	18	11	7	3
QUAL	0	895	39	24	15	5
QUAL	0	896	54	31	23	3
QUAL	0	897	14	6	6	4
QUAL	0	898	27	16	9	1
QUAL	0	899	49	27	21	6
QUAL	0	900	91	62	28	2
QUAL	0	901	123	80	43	2
QUAL	0	902	16	7	6	3
QUAL	0	903	22	17	5	2
QUAL	0	904	35	21	13	4
QUAL	0	905	52	37	15	2
QUAL	0	906	106	64	42	3
QUAL	0	907	21	13	8	3
QUAL	0	908	25	18	7	3
QUAL	0	909	29	12	17	2
QUAL	0	910	59	38	21	3
QUAL	0	911	31	16	15	4
QUAL	0	912	14	8	6	5
QUAL	0	913	18	16	2	4
QUAL	0	914	32	19	13	2
QUAL	0	915	72	43	29	2
QUAL	0	916	111	77	32	1
QUAL	0	917	37	17	20	3
QUAL	0	918	23	15	8	6
QUAL	0	919	27	16	11	1
QUAL	0	920	102	59	43	2
QUAL	0	921	31	19	12	5
QUAL	0	922	21	11	10	1
QUAL	0	923	40	24	16	3
QUAL	0	924	56	31	25	3
QUAL	0	925	125	67	58	1
QUAL	0	926	378	254	123	5
QUAL	0	927	65	42	23	3
QUAL	0	928	16	10	6	19
QUAL	0	929	17	10	7	0
QUAL	0	930	46	37	9	2
QUAL	0	931	25	18	7	1
QUAL	0	932	25	11	14	2
QUAL	0	933	24	10	13	2
QUAL	0	934	44	31	13	8
QUAL	0	935	100	63	37	3
QUAL	0	936	98	69	29	6
QUAL	0	937	42	22	20	1
QUAL	0	938	21	10	11	1
QUAL	0	939	32	13	19	0
QUAL	0	940	72	45	26	2
QUAL	0	941	83	49	34	1
QUAL	0	942	18	10	7	1
QUAL	0	943	22	9	12	3
QUAL	0	944	21	12	9	5
QUAL	0	945	56	35	19	2
QUAL	0	946	20	9	11	3
QUAL	0	947	16	11	5	2
QUAL	0	948	26	16	10	3
QUAL	0	949	47	28	19	2
QUAL	0	950	76	45	31	4
QUAL	0	951	110	75	35	3
QUAL	0	952	28	16	12	4
QUAL	0	953	30	13	15	2
QUAL	0	954	28	21	6	5
QUAL	0	955	89	52	37	3
QUAL	0	956	24	14	10	2
QUAL	0	957	20	12	8	1
QUAL	0	958	37	21	15	7
QUAL	0	959	63	46	17	2
QUAL	0	960	192	122	70	2
QUAL	0	961	347	213	133	2
QUAL	0	962	30	19	10	2
QUAL	0	963	16	10	6	1
QUAL	0	964	26	18	8	5
QUAL	0	965	35	20	15	1
QUAL	0	966	23	17	6	3
QUAL	0	967	22	11	10	0
QUAL	0	968	36	25	11	1
QUAL	0	969	56	31	25	2
QUAL	0	970	102	69	33	1
QUAL	0	971	80	51	29	3
QUAL	0	972	24	14	8	1
QUAL	0	973	20	10	10	14
QUAL	0	974	39	25	14	3
QUAL	0	975	87	59	28	3
QUAL	0	976	59	32	27	2
QUAL	0	977	15	7	8	1
QUAL	0	978	26	18	8	2
QUAL	0	979	27	19	8	7
QUAL	0	980	50	26	24	9
QUAL	0	981	24	16	8	5
QUAL	0	982	34	18	16	1
QUAL	0	983	31	16	15	2
QUAL	0	984	49	30	17	4
QUAL	0	985	104	70	34	1
QUAL	0	986	73	46	26	4
QUAL	0	987	20	11	9	2
QUAL	0	988	23	15	7	1
QUAL	0	989	31	15	15	12
QUAL	0	990	64	37	26	2
QUAL	0	991	27	18	9	2
QUAL	0	992	26	15	11	2
QUAL	0	993	52	34	18	4
QUAL	0	994	73	42	30	3
QUAL	0	995	227	144	83	3
QUAL	0	996	257	163	94	4
QUAL	0	997	14	7	7	0
QUAL	0	998	56666	33938	22091	6084
# IDD, InDel distribution:
# IDD	[2]id	[3]length (deletions negative)	[4]count
IDD	0	-60	78
IDD	0	-59	2
IDD	0	-58	2
IDD	0	-57	4
IDD	0	-56	1
IDD	0	-55	4
IDD	0	-54	1
IDD	0	-52	1
IDD	0	-51	1
IDD	0	-50	9
IDD	0	-49	1
IDD	0	-48	4
IDD	0	-47	1
IDD	0	-46	7
IDD	0	-45	7
IDD	0	-44	1
IDD	0	-43	1
IDD	0	-42	1
IDD	0	-41	4
IDD	0	-40	7
IDD	0	-39	1
IDD	0	-38	1
IDD	0	-37	3
IDD	0	-36	5
IDD	0	-35	8
IDD	0	-34	4
IDD	0	-33	2
IDD	0	-32	4
IDD	0	-31	3
IDD	0	-30	17
IDD	0	-29	10
IDD	0	-28	28
IDD	0	-27	5
IDD	0	-26	15
IDD	0	-25	32
IDD	0	-24	30
IDD	0	-23	9
IDD	0	-22	27
IDD	0	-21	15
IDD	0	-20	93
IDD	0	-19	24
IDD	0	-18	39
IDD	0	-17	21
IDD	0	-16	57
IDD	0	-15	214
IDD	0	-14	63
IDD	0	-13	47
IDD	0	-12	128
IDD	0	-11	62
IDD	0	-10	401
IDD	0	-9	55
IDD	0	-8	201
IDD	0	-7	77
IDD	0	-6	201
IDD	0	-5	691
IDD	0	-4	801
IDD	0	-3	604
IDD	0	-2	1133
IDD	0	-1	2726
IDD	0	1	2309
IDD	0	2	846
IDD	0	3	235
IDD	0	4	507
IDD	0	5	602
IDD	0	6	158
IDD	0	7	43
IDD	0	8	178
IDD	0	9	38
IDD	0	10	243
IDD	0	11	33
IDD	0	12	92
IDD	0	13	19
IDD	0	14	23
IDD	0	15	144
IDD	0	16	41
IDD	0	17	11
IDD	0	18	14
IDD	0	19	14
IDD	0	20	114
IDD	0	21	15
IDD	0	22	11
IDD	0	23	9
IDD	0	24	17
IDD	0	25	35
IDD	0	26	14
IDD	0	27	9
IDD	0	28	17
IDD	0	29	7
IDD	0	30	23
IDD	0	31	1
IDD	0	32	9
IDD	0	33	3
IDD	0	34	4
IDD	0	35	6
IDD	0	36	3
IDD	0	38	4
IDD	0	39	3
IDD	0	40	11
IDD	0	42	2
IDD	0	43	4
IDD	0	44	3
IDD	0	45	5
IDD	0	46	2
IDD	0	48	1
IDD	0	49	3
IDD	0	50	6
IDD	0	52	1
IDD	0	53	2
IDD	0	54	2
IDD	0	55	1
IDD	0	56	2
IDD	0	58	1
IDD	0	59	1
IDD	0	60	57
# ST, Substitution types:
# ST	[2]id	[3]type	[4]count
ST	0	A>C	6047
ST	0	A>G	17726
ST	0	A>T	6381
ST	0	C>A	9125
ST	0	C>G	7059
ST	0	C>T	25409
ST	0	G>A	25017
ST	0	G>C	7019
ST	0	G>T	9774
ST	0	T>A	6520
ST	0	T>C	17516
ST	0	T>G	6066
# DP, Depth distribution
# DP	[2]id	[3]bin	[4]number of genotypes	[5]fraction of genotypes (%)	[6]number of sites	[7]fraction of sites (%)
DP	0	0	500	0.005647	0	0.000000
DP	0	1	14666	0.165638	0	0.000000
DP	0	2	14752	0.166609	9	0.005912
DP	0	3	994862	11.235994	3	0.001971
DP	0	4	1630561	18.415593	1	0.000657
DP	0	5	1715783	19.378092	2	0.001314
DP	0	6	1463073	16.523980	1	0.000657
DP	0	7	974701	11.008295	1	0.000657
DP	0	8	605374	6.837108	0	0.000000
DP	0	9	358931	4.053775	1	0.000657
DP	0	10	218775	2.470850	0	0.000000
DP	0	11	145340	1.641473	0	0.000000
DP	0	12	98342	1.110677	0	0.000000
DP	0	13	71472	0.807206	1	0.000657
DP	0	14	54241	0.612599	0	0.000000
DP	0	15	44179	0.498959	0	0.000000
DP	0	16	36644	0.413858	0	0.000000
DP	0	17	30936	0.349392	1	0.000657
DP	0	18	25982	0.293441	1	0.000657
DP	0	19	23175	0.261739	0	0.000000
DP	0	20	19885	0.224582	0	0.000000
DP	0	21	17119	0.193342	0	0.000000
DP	0	22	15152	0.171127	0	0.000000
DP	0	23	14117	0.159438	0	0.000000
DP	0	24	12317	0.139108	1	0.000657
DP	0	25	11873	0.134094	0	0.000000
DP	0	26	10023	0.113200	0	0.000000
DP	0	27	10171	0.114872	0	0.000000
DP	0	28	8678	0.098010	2	0.001314
DP	0	29	8710	0.098371	0	0.000000
DP	0	30	7953	0.089821	0	0.000000
DP	0	31	7592	0.085744	0	0.000000
DP	0	32	7132	0.080549	0	0.000000
DP	0	33	6651	0.075117	0	0.000000
DP	0	34	6393	0.072203	0	0.000000
DP	0	35	6388	0.072146	0	0.000000
DP	0	36	5648	0.063789	0	0.000000
DP	0	37	5451	0.061564	0	0.000000
DP	0	38	5316	0.060039	0	0.000000
DP	0	39	5084	0.057419	0	0.000000
DP	0	40	4797	0.054177	0	0.000000
DP	0	41	4401	0.049705	0	0.000000
DP	0	42	4262	0.048135	0	0.000000
DP	0	43	4048	0.045718	0	0.000000
DP	0	44	3855	0.043538	0	0.000000
DP	0	45	3603	0.040692	0	0.000000
DP	0	46	3617	0.040850	0	0.000000
DP	0	47	3391	0.038298	0	0.000000
DP	0	48	3252	0.036728	0	0.000000
DP	0	49	3170	0.035802	0	0.000000
DP	0	50	2692	0.030404	2	0.001314
DP	0	51	2736	0.030900	0	0.000000
DP	0	52	2709	0.030596	1	0.000657
DP	0	53	2645	0.029873	0	0.000000
DP	0	54	2419	0.027320	1	0.000657
DP	0	55	2319	0.026191	1	0.000657
DP	0	56	2200	0.024847	0	0.000000
DP	0	57	2032	0.022949	0	0.000000
DP	0	58	1920	0.021685	0	0.000000
DP	0	59	2026	0.022882	0	0.000000
DP	0	60	1951	0.022035	0	0.000000
DP	0	61	1975	0.022306	0	0.000000
DP	0	62	1765	0.019934	0	0.000000
DP	0	63	1659	0.018737	1	0.000657
DP	0	64	1668	0.018838	0	0.000000
DP	0	65	1549	0.017494	0	0.000000
DP	0	66	1657	0.018714	0	0.000000
DP	0	67	1463	0.016523	2	0.001314
DP	0	68	1544	0.017438	0	0.000000
DP	0	69	1602	0.018093	0	0.000000
DP	0	70	1370	0.015473	1	0.000657
DP	0	71	1326	0.014976	0	0.000000
DP	0	72	1367	0.015439	0	0.000000
DP	0	73	1401	0.015823	0	0.000000
DP	0	74	1326	0.014976	0	0.000000
DP	0	75	1352	0.015270	0	0.000000
DP	0	76	1263	0.014264	0	0.000000
DP	0	77	1267	0.014310	0	0.000000
DP	0	78	1282	0.014479	0	0.000000
DP	0	79	1185	0.013383	0	0.000000
DP	0	80	1166	0.013169	0	0.000000
DP	0	81	1166	0.013169	0	0.000000
DP	0	82	1085	0.012254	0	0.000000
DP	0	83	1089	0.012299	0	0.000000
DP	0	84	1176	0.013282	0	0.000000
DP	0	85	1117	0.012615	0	0.000000
DP	0	86	1036	0.011701	0	0.000000
DP	0	87	1047	0.011825	0	0.000000
DP	0	88	1045	0.011802	0	0.000000
DP	0	89	920	0.010391	0	0.000000
DP	0	90	938	0.010594	0	0.000000
DP	0	91	986	0.011136	0	0.000000
DP	0	92	902	0.010187	0	0.000000
DP	0	93	919	0.010379	1	0.000657
DP	0	94	871	0.009837	0	0.000000
DP	0	95	907	0.010244	0	0.000000
DP	0	96	811	0.009159	0	0.000000
DP	0	97	771	0.008708	0	0.000000
DP	0	98	788	0.008900	0	0.000000
DP	0	99	763	0.008617	0	0.000000
DP	0	100	811	0.009159	0	0.000000
DP	0	101	721	0.008143	0	0.000000
DP	0	102	786	0.008877	0	0.000000
DP	0	103	716	0.008087	0	0.000000
DP	0	104	738	0.008335	0	0.000000
DP	0	105	683	0.007714	0	0.000000
DP	0	106	724	0.008177	0	0.000000
DP	0	107	713	0.008053	0	0.000000
DP	0	108	651	0.007352	0	0.000000
DP	0	109	653	0.007375	0	0.000000
DP	0	110	627	0.007081	0	0.000000
DP	0	111	542	0.006121	0	0.000000
DP	0	112	567	0.006404	0	0.000000
DP	0	113	569	0.006426	0	0.000000
DP	0	114	590	0.006663	0	0.000000
DP	0	115	554	0.006257	0	0.000000
DP	0	116	573	0.006471	0	0.000000
DP	0	117	525	0.005929	0	0.000000
DP	0	118	498	0.005624	0	0.000000
DP	0	119	484	0.005466	0	0.000000
DP	0	120	557	0.006291	0	0.000000
DP	0	121	514	0.005805	0	0.000000
DP	0	122	486	0.005489	0	0.000000
DP	0	123	433	0.004890	0	0.000000
DP	0	124	490	0.005534	0	0.000000
DP	0	125	470	0.005308	0	0.000000
DP	0	126	482	0.005444	0	0.000000
DP	0	127	460	0.005195	0	0.000000
DP	0	128	396	0.004472	0	0.000000
DP	0	129	397	0.004484	0	0.000000
DP	0	130	340	0.003840	0	0.000000
DP	0	131	365	0.004122	0	0.000000
DP	0	132	423	0.004777	0	0.000000
DP	0	133	358	0.004043	0	0.000000
DP	0	134	407	0.004597	0	0.000000
DP	0	135	308	0.003479	0	0.000000
DP	0	136	293	0.003309	1	0.000657
DP	0	137	301	0.003400	0	0.000000
DP	0	138	290	0.003275	0	0.000000
DP	0	139	259	0.002925	0	0.000000
DP	0	140	326	0.003682	0	0.000000
DP	0	141	289	0.003264	0	0.000000
DP	0	142	262	0.002959	0	0.000000
DP	0	143	301	0.003400	0	0.000000
DP	0	144	316	0.003569	0	0.000000
DP	0	145	226	0.002552	0	0.000000
DP	0	146	229	0.002586	0	0.000000
DP	0	147	233	0.002632	0	0.000000
DP	0	148	271	0.003061	0	0.000000
DP	0	149	215	0.002428	0	0.000000
DP	0	150	217	0.002451	0	0.000000
DP	0	151	200	0.002259	0	0.000000
DP	0	152	171	0.001931	0	0.000000
DP	0	153	199	0.002248	0	0.000000
DP	0	154	193	0.002180	0	0.000000
DP	0	155	177	0.001999	0	0.000000
DP	0	156	175	0.001976	1	0.000657
DP	0	157	182	0.002056	0	0.000000
DP	0	158	147	0.001660	0	0.000000
DP	0	159	156	0.001762	0	0.000000
DP	0	160	157	0.001773	0	0.000000
DP	0	161	156	0.001762	0	0.000000
DP	0	162	172	0.001943	0	0.000000
DP	0	163	120	0.001355	0	0.000000
DP	0	164	130	0.001468	0	0.000000
DP	0	165	123	0.001389	0	0.000000
DP	0	166	126	0.001423	0	0.000000
DP	0	167	127	0.001434	0	0.000000
DP	0	168	105	0.001186	0	0.000000
DP	0	169	104	0.001175	0	0.000000
DP	0	170	104	0.001175	0	0.000000
DP	0	171	96	0.001084	0	0.000000
DP	0	172	111	0.001254	0	0.000000
DP	0	173	84	0.000949	0	0.000000
DP	0	174	67	0.000757	0	0.000000
DP	0	175	64	0.000723	0	0.000000
DP	0	176	80	0.000904	0	0.000000
DP	0	177	69	0.000779	0	0.000000
DP	0	178	72	0.000813	0	0.000000
DP	0	179	58	0.000655	0	0.000000
DP	0	180	73	0.000824	0	0.000000
DP	0	181	53	0.000599	0	0.000000
DP	0	182	43	0.000486	0	0.000000
DP	0	183	36	0.000407	0	0.000000
DP	0	184	53	0.000599	0	0.000000
DP	0	185	67	0.000757	0	0.000000
DP	0	186	54	0.000610	0	0.000000
DP	0	187	48	0.000542	0	0.000000
DP	0	188	40	0.000452	0	0.000000
DP	0	189	49	0.000553	0	0.000000
DP	0	190	36	0.000407	1	0.000657
DP	0	191	37	0.000418	0	0.000000
DP	0	192	26	0.000294	0	0.000000
DP	0	193	41	0.000463	0	0.000000
DP	0	194	38	0.000429	0	0.000000
DP	0	195	41	0.000463	0	0.000000
DP	0	196	37	0.000418	0	0.000000
DP	0	197	25	0.000282	0	0.000000
DP	0	198	29	0.000328	0	0.000000
DP	0	199	30	0.000339	0	0.000000
DP	0	200	11	0.000124	0	0.000000
DP	0	201	16	0.000181	0	0.000000
DP	0	202	30	0.000339	0	0.000000
DP	0	203	14	0.000158	0	0.000000
DP	0	204	17	0.000192	0	0.000000
DP	0	205	24	0.000271	0	0.000000
DP	0	206	22	0.000248	0	0.000000
DP	0	207	18	0.000203	0	0.000000
DP	0	208	6	0.000068	0	0.000000
DP	0	209	9	0.000102	0	0.000000
DP	0	210	10	0.000113	0	0.000000
DP	0	211	16	0.000181	0	0.000000
DP	0	212	10	0.000113	0	0.000000
DP	0	213	7	0.000079	0	0.000000
DP	0	214	13	0.000147	0	0.000000
DP	0	215	5	0.000056	0	0.000000
DP	0	216	8	0.000090	0	0.000000
DP	0	217	10	0.000113	0	0.000000
DP	0	218	16	0.000181	0	0.000000
DP	0	219	8	0.000090	0	0.000000
DP	0	220	6	0.000068	0	0.000000
DP	0	221	5	0.000056	0	0.000000
DP	0	222	17	0.000192	0	0.000000
DP	0	223	9	0.000102	0	0.000000
DP	0	224	10	0.000113	0	0.000000
DP	0	225	10	0.000113	0	0.000000
DP	0	226	4	0.000045	0	0.000000
DP	0	227	5	0.000056	0	0.000000
DP	0	228	5	0.000056	0	0.000000
DP	0	229	7	0.000079	0	0.000000
DP	0	230	2	0.000023	0	0.000000
DP	0	231	4	0.000045	0	0.000000
DP	0	232	3	0.000034	0	0.000000
DP	0	233	7	0.000079	0	0.000000
DP	0	234	2	0.000023	0	0.000000
DP	0	235	4	0.000045	0	0.000000
DP	0	236	4	0.000045	0	0.000000
DP	0	237	1	0.000011	0	0.000000
DP	0	238	1	0.000011	0	0.000000
DP	0	239	1	0.000011	0	0.000000
DP	0	240	1	0.000011	0	0.000000
DP	0	241	9	0.000102	0	0.000000
DP	0	242	2	0.000023	0	0.000000
DP	0	243	5	0.000056	0	0.000000
DP	0	244	1	0.000011	0	0.000000
DP	0	245	2	0.000023	0	0.000000
DP	0	246	2	0.000023	0	0.000000
DP	0	247	6	0.000068	0	0.000000
DP	0	248	3	0.000034	0	0.000000
DP	0	249	2	0.000023	0	0.000000
DP	0	250	4	0.000045	0	0.000000
DP	0	251	2	0.000023	0	0.000000
DP	0	252	1	0.000011	0	0.000000
DP	0	253	3	0.000034	0	0.000000
DP	0	254	2	0.000023	0	0.000000
DP	0	255	2	0.000023	0	0.000000
DP	0	258	2	0.000023	0	0.000000
DP	0	259	1	0.000011	0	0.000000
DP	0	260	3	0.000034	0	0.000000
DP	0	261	2	0.000023	0	0.000000
DP	0	262	1	0.000011	0	0.000000
DP	0	263	1	0.000011	0	0.000000
DP	0	265	1	0.000011	1	0.000657
DP	0	266	2	0.000023	0	0.000000
DP	0	267	2	0.000023	0	0.000000
DP	0	268	1	0.000011	0	0.000000
DP	0	269	1	0.000011	0	0.000000
DP	0	270	1	0.000011	0	0.000000
DP	0	271	2	0.000023	0	0.000000
DP	0	274	2	0.000023	0	0.000000
DP	0	276	2	0.000023	0	0.000000
DP	0	277	1	0.000011	0	0.000000
DP	0	279	1	0.000011	0	0.000000
DP	0	280	1	0.000011	0	0.000000
DP	0	281	1	0.000011	0	0.000000
DP	0	284	2	0.000023	0	0.000000
DP	0	286	1	0.000011	0	0.000000
DP	0	288	1	0.000011	1	0.000657
DP	0	289	6	0.000068	0	0.000000
DP	0	295	1	0.000011	0	0.000000
DP	0	296	1	0.000011	0	0.000000
DP	0	298	1	0.000011	0	0.000000
DP	0	308	2	0.000023	0	0.000000
DP	0	317	5	0.000056	0	0.000000
DP	0	327	0	0.000000	1	0.000657
DP	0	329	1	0.000011	0	0.000000
DP	0	332	1	0.000011	0	0.000000
DP	0	337	0	0.000000	1	0.000657
DP	0	338	1	0.000011	0	0.000000
DP	0	361	1	0.000011	0	0.000000
DP	0	381	1	0.000011	0	0.000000
DP	0	382	1	0.000011	0	0.000000
DP	0	398	1	0.000011	0	0.000000
DP	0	407	1	0.000011	0	0.000000
DP	0	411	1	0.000011	0	0.000000
DP	0	415	1	0.000011	0	0.000000
DP	0	442	1	0.000011	0	0.000000
DP	0	444	1	0.000011	0	0.000000
DP	0	455	1	0.000011	0	0.000000
DP	0	461	1	0.000011	0	0.000000
DP	0	467	1	0.000011	0	0.000000
DP	0	468	1	0.000011	0	0.000000
DP	0	473	2	0.000023	0	0.000000
DP	0	477	0	0.000000	1	0.000657
DP	0	483	1	0.000011	0	0.000000
DP	0	491	1	0.000011	0	0.000000
DP	0	>500	18	0.000203	152200	99.972412
# PSC, Per-sample counts. Note that the ref/het/hom counts include only SNPs, for indels see PSI. The rest include both SNPs and indels.
# PSC	[2]id	[3]sample	[4]nRefHom	[5]nNonRefHom	[6]nHets	[7]nTransitions	[8]nTransversions	[9]nIndels	[10]average depth	[11]nSingletons	[12]nHapRef	[13]nHapAlt	[14]nMissing
PSC	0	NA18487	0	0	0	0	0	0	7.9	0	146103	3793	2346
PSC	0	NA18499	0	0	0	0	0	0	0.0	0	0	0	152242
PSC	0	NA18502	0	0	0	0	0	0	0.0	0	0	0	152242
PSC	0	NA18507	0	0	0	0	0	0	7.3	0	146062	3808	2372
PSC	0	NA18519	0	0	0	0	0	0	6.4	0	145860	3826	2556
PSC	0	NA18862	0	0	0	0	0	0	8.1	0	146010	3809	2423
PSC	0	NA18867	0	0	0	0	0	0	0.0	0	0	0	152242
PSC	0	NA18874	0	0	0	0	0	0	6.9	0	145978	3836	2428
PSC	0	NA18879	0	0	0	0	0	0	10.1	0	146113	3799	2330
PSC	0	NA18881	0	0	0	0	0	0	0.0	0	0	0	152242
PSC	0	NA18855	0	0	0	0	0	0	0.0	0	0	0	152242
PSC	0	NA19214	0	0	0	0	0	0	0.0	0	0	0	152242
PSC	0	NA19226	0	0	0	0	0	0	17.9	0	7476	2324	142442
PSC	0	NA19238	0	0	0	0	0	0	0.0	0	0	0	152242
PSC	0	NA19113	0	0	0	0	0	0	7.5	0	145796	4061	2385
PSC	0	NA19118	0	0	0	0	0	0	0.0	0	0	0	152242
PSC	0	NA19137	0	0	0	0	0	0	0.0	0	0	0	152242
PSC	0	NA19093	0	0	0	0	0	0	0.0	0	0	0	152242
PSC	0	NA19098	0	0	0	0	0	0	8.7	0	145888	4046	2308
PSC	0	NA19101	0	0	0	0	0	0	6.9	0	145900	3925	2417
PSC	0	NA19175	0	0	0	0	0	0	8.6	0	147646	3898	698
PSC	0	NA19207	0	0	0	0	0	0	7.9	0	146169	3774	2299
PSC	0	NA19144	0	0	0	0	0	0	7.6	0	145977	3858	2407
PSC	0	NA19149	0	0	0	0	0	0	0.0	0	0	0	152242
PSC	0	NA19257	0	0	0	0	0	0	0.0	0	0	0	152242
PSC	0	NA18520	0	0	0	0	0	0	0.0	0	0	0	152242
PSC	0	NA18486	0	0	0	0	0	0	7.3	0	145903	4022	2317
PSC	0	NA18498	0	0	0	0	0	0	7.0	0	146038	3854	2350
PSC	0	NA18501	0	0	0	0	0	0	6.5	0	145758	4048	2436
PSC	0	NA19092	0	0	0	0	0	0	8.1	0	145942	3923	2377
PSC	0	NA18859	0	0	0	0	0	0	7.1	0	146004	3914	2324
PSC	0	NA18861	0	0	0	0	0	0	0.0	0	0	0	152242
PSC	0	NA18873	0	0	0	0	0	0	0.0	0	0	0	152242
PSC	0	NA18878	0	0	0	0	0	0	0.0	0	0	0	152242
PSC	0	NA18912	0	0	0	0	0	0	0.0	0	0	0	152242
PSC	0	NA18917	0	0	0	0	0	0	7.8	0	146030	3845	2367
PSC	0	NA18924	0	0	0	0	0	0	0.0	0	0	0	152242
PSC	0	NA19256	0	0	0	0	0	0	6.8	0	145857	3982	2403
PSC	0	NA19117	0	0	0	0	0	0	6.9	0	146015	3799	2428
PSC	0	NA19131	0	0	0	0	0	0	0.0	0	0	0	152242
PSC	0	NA19198	0	0	0	0	0	0	8.8	0	145963	3934	2345
PSC	0	NA19201	0	0	0	0	0	0	0.0	0	0	0	152242
PSC	0	NA19206	0	0	0	0	0	0	0.0	0	0	0	152242
PSC	0	NA19213	0	0	0	0	0	0	6.9	0	145970	3826	2446
PSC	0	NA19225	0	0	0	0	0	0	0.0	0	0	0	152242
PSC	0	NA19143	0	0	0	0	0	0	0.0	0	0	0	152242
PSC	0	NA19150	0	0	0	0	0	0	6.4	0	147637	3808	797
PSC	0	NA18908	0	0	0	0	0	0	7.5	0	145662	4001	2579
PSC	0	NA18910	0	0	0	0	0	0	7.5	0	141240	3652	7350
PSC	0	NA18915	0	0	0	0	0	0	9.0	0	145995	3881	2366
PSC	0	NA18934	0	0	0	0	0	0	7.0	0	145732	3841	2669
PSC	0	NA18523	0	0	0	0	0	0	0.0	0	0	0	152242
PSC	0	NA18489	0	0	0	0	0	0	0.0	0	0	0	152242
PSC	0	NA18504	0	0	0	0	0	0	7.1	0	145662	3929	2651
PSC	0	NA18511	0	0	0	0	0	0	0.0	0	0	0	152242
PSC	0	NA18516	0	0	0	0	0	0	7.3	0	146148	3741	2353
PSC	0	NA18852	0	0	0	0	0	0	0.0	0	0	0	152242
PSC	0	NA18864	0	0	0	0	0	0	0.0	0	0	0	152242
PSC	0	NA18871	0	0	0	0	0	0	11.5	0	145964	3912	2366
PSC	0	NA18876	0	0	0	0	0	0	0.0	0	0	0	152242
PSC	0	NA19141	0	0	0	0	0	0	6.4	0	145947	3882	2413
PSC	0	NA19146	0	0	0	0	0	0	7.4	0	146007	3927	2308
PSC	0	NA19153	0	0	0	0	0	0	8.0	0	146163	3753	2326
PSC	0	NA19160	0	0	0	0	0	0	7.4	0	146038	3800	2404
PSC	0	NA19172	0	0	0	0	0	0	0.0	0	0	0	152242
PSC	0	NA19184	0	0	0	0	0	0	6.9	0	145960	3927	2355
PSC	0	NA19189	0	0	0	0	0	0	6.9	0	147348	4019	875
PSC	0	NA19204	0	0	0	0	0	0	0.0	0	0	0	152242
PSC	0	NA18522	0	0	0	0	0	0	7.0	0	146088	3853	2301
PSC	0	NA19095	0	0	0	0	0	0	0.0	0	0	0	152242
PSC	0	NA19209	0	0	0	0	0	0	0.0	0	0	0	152242
PSC	0	NA19223	0	0	0	0	0	0	8.1	0	145897	3923	2422
PSC	0	NA19235	0	0	0	0	0	0	0.0	0	0	0	152242
PSC	0	NA19247	0	0	0	0	0	0	0.0	0	0	0	152242
PSC	0	NA19108	0	0	0	0	0	0	0.0	0	0	0	152242
PSC	0	NA19122	0	0	0	0	0	0	0.0	0	0	0	152242
PSC	0	NA19127	0	0	0	0	0	0	0.0	0	0	0	152242
PSC	0	NA18488	0	0	0	0	0	0	0.0	0	0	0	152242
PSC	0	NA18508	0	0	0	0	0	0	0.0	0	0	0	152242
PSC	0	NA18510	0	0	0	0	0	0	6.9	0	145969	3853	2420
PSC	0	NA18856	0	0	0	0	0	0	7.7	0	147535	3916	791
PSC	0	NA18907	0	0	0	0	0	0	0.0	0	0	0	152242
PSC	0	NA18933	0	0	0	0	0	0	0.0	0	0	0	152242
PSC	0	NA19099	0	0	0	0	0	0	0.0	0	0	0	152242
PSC	0	NA19102	0	0	0	0	0	0	0.0	0	0	0	152242
PSC	0	NA19138	0	0	0	0	0	0	7.7	0	146067	3908	2267
PSC	0	NA19140	0	0	0	0	0	0	0.0	0	0	0	152242
PSC	0	NA19152	0	0	0	0	0	0	0.0	0	0	0	152242
PSC	0	NA19171	0	0	0	0	0	0	6.7	0	146064	3776	2402
PSC	0	NA19107	0	0	0	0	0	0	7.6	0	145937	3940	2365
PSC	0	NA19114	0	0	0	0	0	0	0.0	0	0	0	152242
PSC	0	NA19119	0	0	0	0	0	0	6.8	0	146138	3690	2414
PSC	0	NA19121	0	0	0	0	0	0	6.8	0	146110	3776	2356
PSC	0	NA18868	0	0	0	0	0	0	7.2	0	146171	3687	2384
PSC	0	NA18870	0	0	0	0	0	0	0.0	0	0	0	152242
PSC	0	NA19210	0	0	0	0	0	0	7.8	0	146125	3722	2395
PSC	0	NA19222	0	0	0	0	0	0	0.0	0	0	0	152242
PSC	0	NA19239	0	0	0	0	0	0	7.0	0	147609	3792	841
PSC	0	NA19176	0	0	0	0	0	0	0.0	0	0	0	152242
PSC	0	NA19190	0	0	0	0	0	0	0.0	0	0	0	152242
PSC	0	NA19203	0	0	0	0	0	0	7.9	0	146018	3854	2370
PSC	0	NA18853	0	0	0	0	0	0	7.6	0	146152	3771	2319
PSC	0	NA18505	0	0	0	0	0	0	0.0	0	0	0	152242
PSC	0	NA18517	0	0	0	0	0	0	0.0	0	0	0	152242
PSC	0	NA18909	0	0	0	0	0	0	0.0	0	0	0	152242
PSC	0	NA18916	0	0	0	0	0	0	0.0	0	0	0	152242
PSC	0	NA18923	0	0	0	0	0	0	7.6	0	146130	3788	2324
PSC	0	NA19116	0	0	0	0	0	0	0.0	0	0	0	152242
PSC	0	NA19128	0	0	0	0	0	0	7.6	0	145943	3980	2319
PSC	0	NA19130	0	0	0	0	0	0	7.6	0	146018	3890	2334
PSC	0	NA19147	0	0	0	0	0	0	0.0	0	0	0	152242
PSC	0	NA19159	0	0	0	0	0	0	0.0	0	0	0	152242
PSC	0	NA18858	0	0	0	0	0	0	0.0	0	0	0	152242
PSC	0	NA18865	0	0	0	0	0	0	7.6	0	145960	3917	2365
PSC	0	NA18877	0	0	0	0	0	0	7.1	0	145795	4027	2420
PSC	0	NA19096	0	0	0	0	0	0	8.0	0	145914	3985	2343
PSC	0	NA19185	0	0	0	0	0	0	0.0	0	0	0	152242
PSC	0	NA19197	0	0	0	0	0	0	0.0	0	0	0	152242
PSC	0	NA19200	0	0	0	0	0	0	7.3	0	145999	3837	2406
PSC	0	NA19248	0	0	0	0	0	0	8.2	0	146160	3766	2316
PSC	0	NA19236	0	0	0	0	0	0	7.6	0	145955	3910	2377
# PSI, Per-Sample Indels
# PSI	[2]id	[3]sample	[4]in-frame	[5]out-frame	[6]not applicable	[7]out/(in+out) ratio	[8]nHets	[9]nAA
PSI	0	NA18487	0	0	0	0.00	0	0
PSI	0	NA18499	0	0	0	0.00	0	0
PSI	0	NA18502	0	0	0	0.00	0	0
PSI	0	NA18507	0	0	0	0.00	0	0
PSI	0	NA18519	0	0	0	0.00	0	0
PSI	0	NA18862	0	0	0	0.00	0	0
PSI	0	NA18867	0	0	0	0.00	0	0
PSI	0	NA18874	0	0	0	0.00	0	0
PSI	0	NA18879	0	0	0	0.00	0	0
PSI	0	NA18881	0	0	0	0.00	0	0
PSI	0	NA18855	0	0	0	0.00	0	0
PSI	0	NA19214	0	0	0	0.00	0	0
PSI	0	NA19226	0	0	0	0.00	0	0
PSI	0	NA19238	0	0	0	0.00	0	0
PSI	0	NA19113	0	0	0	0.00	0	0
PSI	0	NA19118	0	0	0	0.00	0	0
PSI	0	NA19137	0	0	0	0.00	0	0
PSI	0	NA19093	0	0	0	0.00	0	0
PSI	0	NA19098	0	0	0	0.00	0	0
PSI	0	NA19101	0	0	0	0.00	0	0
PSI	0	NA19175	0	0	0	0.00	0	0
PSI	0	NA19207	0	0	0	0.00	0	0
PSI	0	NA19144	0	0	0	0.00	0	0
PSI	0	NA19149	0	0	0	0.00	0	0
PSI	0	NA19257	0	0	0	0.00	0	0
PSI	0	NA18520	0	0	0	0.00	0	0
PSI	0	NA18486	0	0	0	0.00	0	0
PSI	0	NA18498	0	0	0	0.00	0	0
PSI	0	NA18501	0	0	0	0.00	0	0
PSI	0	NA19092	0	0	0	0.00	0	0
PSI	0	NA18859	0	0	0	0.00	0	0
PSI	0	NA18861	0	0	0	0.00	0	0
PSI	0	NA18873	0	0	0	0.00	0	0
PSI	0	NA18878	0	0	0	0.00	0	0
PSI	0	NA18912	0	0	0	0.00	0	0
PSI	0	NA18917	0	0	0	0.00	0	0
PSI	0	NA18924	0	0	0	0.00	0	0
PSI	0	NA19256	0	0	0	0.00	0	0
PSI	0	NA19117	0	0	0	0.00	0	0
PSI	0	NA19131	0	0	0	0.00	0	0
PSI	0	NA19198	0	0	0	0.00	0	0
PSI	0	NA19201	0	0	0	0.00	0	0
PSI	0	NA19206	0	0	0	0.00	0	0
PSI	0	NA19213	0	0	0	0.00	0	0
PSI	0	NA19225	0	0	0	0.00	0	0
PSI	0	NA19143	0	0	0	0.00	0	0
PSI	0	NA19150	0	0	0	0.00	0	0
PSI	0	NA18908	0	0	0	0.00	0	0
PSI	0	NA18910	0	0	0	0.00	0	0
PSI	0	NA18915	0	0	0	0.00	0	0
PSI	0	NA18934	0	0	0	0.00	0	0
PSI	0	NA18523	0	0	0	0.00	0	0
PSI	0	NA18489	0	0	0	0.00	0	0
PSI	0	NA18504	0	0	0	0.00	0	0
PSI	0	NA18511	0	0	0	0.00	0	0
PSI	0	NA18516	0	0	0	0.00	0	0
PSI	0	NA18852	0	0	0	0.00	0	0
PSI	0	NA18864	0	0	0	0.00	0	0
PSI	0	NA18871	0	0	0	0.00	0	0
PSI	0	NA18876	0	0	0	0.00	0	0
PSI	0	NA19141	0	0	0	0.00	0	0
PSI	0	NA19146	0	0	0	0.00	0	0
PSI	0	NA19153	0	0	0	0.00	0	0
PSI	0	NA19160	0	0	0	0.00	0	0
PSI	0	NA19172	0	0	0	0.00	0	0
PSI	0	NA19184	0	0	0	0.00	0	0
PSI	0	NA19189	0	0	0	0.00	0	0
PSI	0	NA19204	0	0	0	0.00	0	0
PSI	0	NA18522	0	0	0	0.00	0	0
PSI	0	NA19095	0	0	0	0.00	0	0
PSI	0	NA19209	0	0	0	0.00	0	0
PSI	0	NA19223	0	0	0	0.00	0	0
PSI	0	NA19235	0	0	0	0.00	0	0
PSI	0	NA19247	0	0	0	0.00	0	0
PSI	0	NA19108	0	0	0	0.00	0	0
PSI	0	NA19122	0	0	0	0.00	0	0
PSI	0	NA19127	0	0	0	0.00	0	0
PSI	0	NA18488	0	0	0	0.00	0	0
PSI	0	NA18508	0	0	0	0.00	0	0
PSI	0	NA18510	0	0	0	0.00	0	0
PSI	0	NA18856	0	0	0	0.00	0	0
PSI	0	NA18907	0	0	0	0.00	0	0
PSI	0	NA18933	0	0	0	0.00	0	0
PSI	0	NA19099	0	0	0	0.00	0	0
PSI	0	NA19102	0	0	0	0.00	0	0
PSI	0	NA19138	0	0	0	0.00	0	0
PSI	0	NA19140	0	0	0	0.00	0	0
PSI	0	NA19152	0	0	0	0.00	0	0
PSI	0	NA19171	0	0	0	0.00	0	0
PSI	0	NA19107	0	0	0	0.00	0	0
PSI	0	NA19114	0	0	0	0.00	0	0
PSI	0	NA19119	0	0	0	0.00	0	0
PSI	0	NA19121	0	0	0	0.00	0	0
PSI	0	NA18868	0	0	0	0.00	0	0
PSI	0	NA18870	0	0	0	0.00	0	0
PSI	0	NA19210	0	0	0	0.00	0	0
PSI	0	NA19222	0	0	0	0.00	0	0
PSI	0	NA19239	0	0	0	0.00	0	0
PSI	0	NA19176	0	0	0	0.00	0	0
PSI	0	NA19190	0	0	0	0.00	0	0
PSI	0	NA19203	0	0	0	0.00	0	0
PSI	0	NA18853	0	0	0	0.00	0	0
PSI	0	NA18505	0	0	0	0.00	0	0
PSI	0	NA18517	0	0	0	0.00	0	0
PSI	0	NA18909	0	0	0	0.00	0	0
PSI	0	NA18916	0	0	0	0.00	0	0
PSI	0	NA18923	0	0	0	0.00	0	0
PSI	0	NA19116	0	0	0	0.00	0	0
PSI	0	NA19128	0	0	0	0.00	0	0
PSI	0	NA19130	0	0	0	0.00	0	0
PSI	0	NA19147	0	0	0	0.00	0	0
PSI	0	NA19159	0	0	0	0.00	0	0
PSI	0	NA18858	0	0	0	0.00	0	0
PSI	0	NA18865	0	0	0	0.00	0	0
PSI	0	NA18877	0	0	0	0.00	0	0
PSI	0	NA19096	0	0	0	0.00	0	0
PSI	0	NA19185	0	0	0	0.00	0	0
PSI	0	NA19197	0	0	0	0.00	0	0
PSI	0	NA19200	0	0	0	0.00	0	0
PSI	0	NA19248	0	0	0	0.00	0	0
PSI	0	NA19236	0	0	0	0.00	0	0
# HWE
# HWE	[2]id	[3]1st ALT allele frequency	[4]Number of observations	[5]25th percentile	[6]median	[7]75th percentile
