# This file was produced by bcftools stats (1.9+htslib-1.9) and can be plotted using plot-vcfstats.
# The command line was:	bcftools stats  /cromwell_root/fc-51aefb1c-4e8e-4dcb-a59c-62e318ea351a/60e15ba6-b0f4-4b36-b445-6886d88c2057/subset_vcf_sample_list/16d3aa19-d60e-4156-a054-0bcae26d1ff3/call-bgzip_bcftools_index/20201028_CCDG_14151_B01_GRM_WGS_2020-08-05_chrY.recalibrated_variants.pass.singleton.EAS_singleton.vcf.gz
#
# Definition of sets:
# ID	[2]id	[3]tab-separated file names
ID	0	/cromwell_root/fc-51aefb1c-4e8e-4dcb-a59c-62e318ea351a/60e15ba6-b0f4-4b36-b445-6886d88c2057/subset_vcf_sample_list/16d3aa19-d60e-4156-a054-0bcae26d1ff3/call-bgzip_bcftools_index/20201028_CCDG_14151_B01_GRM_WGS_2020-08-05_chrY.recalibrated_variants.pass.singleton.EAS_singleton.vcf.gz
# SN, Summary numbers:
#   number of records   .. number of data rows in the VCF
#   number of no-ALTs   .. reference-only sites, ALT is either "." or identical to REF
#   number of SNPs      .. number of rows with a SNP
#   number of MNPs      .. number of rows with a MNP, such as CC>TT
#   number of indels    .. number of rows with an indel
#   number of others    .. number of rows with other type, for example a symbolic allele or
#                          a complex substitution, such as ACT>TCGA
#   number of multiallelic sites     .. number of rows with multiple alternate alleles
#   number of multiallelic SNP sites .. number of rows with multiple alternate alleles, all SNPs
# 
#   Note that rows containing multiple types will be counted multiple times, in each
#   counter. For example, a row with a SNP and an indel increments both the SNP and
#   the indel counter.
# 
# SN	[2]id	[3]key	[4]value
SN	0	number of samples:	513
SN	0	number of records:	152242
SN	0	number of no-ALTs:	0
SN	0	number of SNPs:	142594
SN	0	number of MNPs:	0
SN	0	number of indels:	10264
SN	0	number of others:	875
SN	0	number of multiallelic sites:	5308
SN	0	number of multiallelic SNP sites:	2358
# TSTV, transitions/transversions:
# TSTV	[2]id	[3]ts	[4]tv	[5]ts/tv	[6]ts (1st ALT)	[7]tv (1st ALT)	[8]ts/tv (1st ALT)
TSTV	0	85668	57991	1.48	84869	56901	1.49
# SiS, Singleton stats:
# SiS	[2]id	[3]allele count	[4]number of SNPs	[5]number of transitions	[6]number of transversions	[7]number of indels	[8]repeat-consistent	[9]repeat-inconsistent	[10]not applicable
SiS	0	1	20307	12025	8282	1972	0	0	1972
# AF, Stats by non-reference allele frequency:
# AF	[2]id	[3]allele frequency	[4]number of SNPs	[5]number of transitions	[6]number of transversions	[7]number of indels	[8]repeat-consistent	[9]repeat-inconsistent	[10]not applicable
AF	0	0.000000	126290	75574	50716	10159	0	0	10159
AF	0	0.007797	3920	2283	1637	614	0	0	614
AF	0	0.009747	6	4	2	23	0	0	23
AF	0	0.011696	1839	1094	745	307	0	0	307
AF	0	0.013645	16	5	11	28	0	0	28
AF	0	0.015595	1269	719	550	231	0	0	231
AF	0	0.017544	17	10	7	20	0	0	20
AF	0	0.019493	548	330	218	156	0	0	156
AF	0	0.021442	10	8	2	28	0	0	28
AF	0	0.023392	410	235	175	120	0	0	120
AF	0	0.025341	14	10	4	28	0	0	28
AF	0	0.027290	596	361	235	101	0	0	101
AF	0	0.029240	20	6	14	15	0	0	15
AF	0	0.031189	828	485	343	116	0	0	116
AF	0	0.033138	15	9	6	17	0	0	17
AF	0	0.035088	496	297	199	104	0	0	104
AF	0	0.037037	27	9	18	8	0	0	8
AF	0	0.038986	70	33	37	53	0	0	53
AF	0	0.040936	7	3	4	12	0	0	12
AF	0	0.042885	110	72	38	59	0	0	59
AF	0	0.044834	17	8	9	15	0	0	15
AF	0	0.046784	310	197	113	48	0	0	48
AF	0	0.048733	19	8	11	19	0	0	19
AF	0	0.050682	42	21	21	35	0	0	35
AF	0	0.052632	28	12	16	17	0	0	17
AF	0	0.054581	50	21	29	26	0	0	26
AF	0	0.056530	12	9	3	26	0	0	26
AF	0	0.058480	82	47	35	23	0	0	23
AF	0	0.060429	15	9	6	16	0	0	16
AF	0	0.062378	22	11	11	26	0	0	26
AF	0	0.064327	19	10	9	13	0	0	13
AF	0	0.066277	305	180	125	33	0	0	33
AF	0	0.068226	34	18	16	13	0	0	13
AF	0	0.070175	14	7	7	10	0	0	10
AF	0	0.072125	281	176	105	37	0	0	37
AF	0	0.074074	12	7	5	6	0	0	6
AF	0	0.076023	104	61	43	38	0	0	38
AF	0	0.077973	8	3	5	11	0	0	11
AF	0	0.079922	741	463	278	74	0	0	74
AF	0	0.081871	12	8	4	5	0	0	5
AF	0	0.083821	81	40	41	29	0	0	29
AF	0	0.085770	10	6	4	9	0	0	9
AF	0	0.087719	399	241	158	56	0	0	56
AF	0	0.089669	11	6	5	5	0	0	5
AF	0	0.091618	26	14	12	21	0	0	21
AF	0	0.093567	7	3	4	8	0	0	8
AF	0	0.095517	17	9	8	18	0	0	18
AF	0	0.097466	11	6	5	5	0	0	5
AF	0	0.099415	14	8	6	16	0	0	16
AF	0	0.101365	8	6	2	6	0	0	6
AF	0	0.103314	78	45	33	15	0	0	15
AF	0	0.105263	9	5	4	11	0	0	11
AF	0	0.107212	21	9	12	14	0	0	14
AF	0	0.109162	12	6	6	4	0	0	4
AF	0	0.111111	16	9	7	14	0	0	14
AF	0	0.113060	8	4	4	9	0	0	9
AF	0	0.115010	12	6	6	16	0	0	16
AF	0	0.116959	8	4	4	10	0	0	10
AF	0	0.118908	98	61	37	19	0	0	19
AF	0	0.120858	13	8	5	8	0	0	8
AF	0	0.122807	71	40	31	11	0	0	11
AF	0	0.124756	19	12	7	9	0	0	9
AF	0	0.126706	256	163	93	17	0	0	17
AF	0	0.128655	19	8	11	11	0	0	11
AF	0	0.130604	109	69	40	12	0	0	12
AF	0	0.132554	8	5	3	13	0	0	13
AF	0	0.134503	39	21	18	14	0	0	14
AF	0	0.136452	7	2	5	13	0	0	13
AF	0	0.138402	13	5	8	10	0	0	10
AF	0	0.140351	5	1	4	4	0	0	4
AF	0	0.142300	3	0	3	2	0	0	2
AF	0	0.144250	44	31	13	8	0	0	8
AF	0	0.146199	2	0	2	6	0	0	6
AF	0	0.148148	12	5	7	11	0	0	11
AF	0	0.150097	6	3	3	8	0	0	8
AF	0	0.152047	11	4	7	12	0	0	12
AF	0	0.153996	2	1	1	1	0	0	1
AF	0	0.155945	8	2	6	13	0	0	13
AF	0	0.157895	1	0	1	6	0	0	6
AF	0	0.159844	6	3	3	11	0	0	11
AF	0	0.161793	4	2	2	1	0	0	1
AF	0	0.163743	12	6	6	9	0	0	9
AF	0	0.165692	4	1	3	2	0	0	2
AF	0	0.167641	10	7	3	10	0	0	10
AF	0	0.169591	3	3	0	6	0	0	6
AF	0	0.171540	33	19	14	5	0	0	5
AF	0	0.173489	5	2	3	5	0	0	5
AF	0	0.175439	10	7	3	11	0	0	11
AF	0	0.177388	5	2	3	7	0	0	7
AF	0	0.179337	162	96	66	17	0	0	17
AF	0	0.181287	4	3	1	9	0	0	9
AF	0	0.183236	7	2	5	4	0	0	4
AF	0	0.185185	2	1	1	3	0	0	3
AF	0	0.187135	11	6	5	2	0	0	2
AF	0	0.189084	5	2	3	5	0	0	5
AF	0	0.191033	7	4	3	3	0	0	3
AF	0	0.192982	12	6	6	4	0	0	4
AF	0	0.194932	6	2	4	4	0	0	4
AF	0	0.196881	10	5	5	2	0	0	2
AF	0	0.198830	12	4	8	7	0	0	7
AF	0	0.200780	12	5	7	1	0	0	1
AF	0	0.202729	10	5	5	6	0	0	6
AF	0	0.204678	13	6	7	3	0	0	3
AF	0	0.206628	87	46	41	11	0	0	11
AF	0	0.208577	9	6	3	8	0	0	8
AF	0	0.210526	39	25	14	6	0	0	6
AF	0	0.212476	21	12	9	1	0	0	1
AF	0	0.214425	3	2	1	4	0	0	4
AF	0	0.216374	6	5	1	5	0	0	5
AF	0	0.218324	5	3	2	1	0	0	1
AF	0	0.220273	13	5	8	5	0	0	5
AF	0	0.222222	4	1	3	2	0	0	2
AF	0	0.224172	52	33	19	11	0	0	11
AF	0	0.226121	12	6	6	2	0	0	2
AF	0	0.228070	11	7	4	9	0	0	9
AF	0	0.230019	5	4	1	1	0	0	1
AF	0	0.231969	10	3	7	5	0	0	5
AF	0	0.233918	10	8	2	1	0	0	1
AF	0	0.235867	8	2	6	2	0	0	2
AF	0	0.237817	7	5	2	3	0	0	3
AF	0	0.239766	5	2	3	3	0	0	3
AF	0	0.241715	2	1	1	8	0	0	8
AF	0	0.243665	8	2	6	5	0	0	5
AF	0	0.245614	3	2	1	3	0	0	3
AF	0	0.247563	2	0	2	4	0	0	4
AF	0	0.249513	6	3	3	5	0	0	5
AF	0	0.251462	7	5	2	4	0	0	4
AF	0	0.253411	11	9	2	6	0	0	6
AF	0	0.255361	5	3	2	4	0	0	4
AF	0	0.257310	9	4	5	2	0	0	2
AF	0	0.259259	5	4	1	3	0	0	3
AF	0	0.261209	9	4	5	1	0	0	1
AF	0	0.263158	5	5	0	2	0	0	2
AF	0	0.265107	6	3	3	1	0	0	1
AF	0	0.267057	7	6	1	8	0	0	8
AF	0	0.269006	5	4	1	2	0	0	2
AF	0	0.270955	4	2	2	1	0	0	1
AF	0	0.272904	12	9	3	1	0	0	1
AF	0	0.274854	5	3	2	6	0	0	6
AF	0	0.276803	7	5	2	2	0	0	2
AF	0	0.278752	10	5	5	3	0	0	3
AF	0	0.280702	8	5	3	2	0	0	2
AF	0	0.282651	8	4	4	3	0	0	3
AF	0	0.284600	4	2	2	1	0	0	1
AF	0	0.286550	7	4	3	0	0	0	0
AF	0	0.288499	9	5	4	5	0	0	5
AF	0	0.290448	4	2	2	5	0	0	5
AF	0	0.292398	5	2	3	6	0	0	6
AF	0	0.294347	10	8	2	0	0	0	0
AF	0	0.296296	36	24	12	6	0	0	6
AF	0	0.298246	3	3	0	1	0	0	1
AF	0	0.300195	5	1	4	7	0	0	7
AF	0	0.302144	4	2	2	1	0	0	1
AF	0	0.304094	15	10	5	1	0	0	1
AF	0	0.306043	3	3	0	1	0	0	1
AF	0	0.307992	10	6	4	3	0	0	3
AF	0	0.309942	3	1	2	2	0	0	2
AF	0	0.311891	6	4	2	0	0	0	0
AF	0	0.313840	6	0	6	4	0	0	4
AF	0	0.315789	7	2	5	3	0	0	3
AF	0	0.317739	7	1	6	3	0	0	3
AF	0	0.319688	3	3	0	4	0	0	4
AF	0	0.321637	6	4	2	1	0	0	1
AF	0	0.323587	0	0	0	1	0	0	1
AF	0	0.325536	7	3	4	0	0	0	0
AF	0	0.327485	5	1	4	4	0	0	4
AF	0	0.329435	5	3	2	3	0	0	3
AF	0	0.331384	1	0	1	4	0	0	4
AF	0	0.333333	7	3	4	2	0	0	2
AF	0	0.335283	3	2	1	2	0	0	2
AF	0	0.337232	2	0	2	0	0	0	0
AF	0	0.339181	8	4	4	1	0	0	1
AF	0	0.341131	4	1	3	2	0	0	2
AF	0	0.343080	3	3	0	2	0	0	2
AF	0	0.345029	5	4	1	4	0	0	4
AF	0	0.346979	9	7	2	3	0	0	3
AF	0	0.348928	2	1	1	1	0	0	1
AF	0	0.350877	8	5	3	1	0	0	1
AF	0	0.352827	10	5	5	3	0	0	3
AF	0	0.354776	5	3	2	0	0	0	0
AF	0	0.356725	5	4	1	5	0	0	5
AF	0	0.358674	3	2	1	1	0	0	1
AF	0	0.360624	7	0	7	0	0	0	0
AF	0	0.362573	3	1	2	0	0	0	0
AF	0	0.364522	8	6	2	2	0	0	2
AF	0	0.366472	2	1	1	0	0	0	0
AF	0	0.368421	19	9	10	7	0	0	7
AF	0	0.370370	6	5	1	0	0	0	0
AF	0	0.372320	7	3	4	1	0	0	1
AF	0	0.374269	3	2	1	1	0	0	1
AF	0	0.376218	3	2	1	2	0	0	2
AF	0	0.378168	4	1	3	2	0	0	2
AF	0	0.380117	11	8	3	0	0	0	0
AF	0	0.382066	3	2	1	2	0	0	2
AF	0	0.384016	1	0	1	1	0	0	1
AF	0	0.385965	1	1	0	2	0	0	2
AF	0	0.387914	3	1	2	1	0	0	1
AF	0	0.389864	4	1	3	0	0	0	0
AF	0	0.391813	5	1	4	2	0	0	2
AF	0	0.393762	2	0	2	0	0	0	0
AF	0	0.395712	4	1	3	3	0	0	3
AF	0	0.397661	4	3	1	1	0	0	1
AF	0	0.399610	4	1	3	1	0	0	1
AF	0	0.401559	4	3	1	1	0	0	1
AF	0	0.403509	1	1	0	5	0	0	5
AF	0	0.405458	1	0	1	2	0	0	2
AF	0	0.407407	1	0	1	1	0	0	1
AF	0	0.409357	3	0	3	1	0	0	1
AF	0	0.411306	4	1	3	2	0	0	2
AF	0	0.413255	2	2	0	1	0	0	1
AF	0	0.415205	2	1	1	3	0	0	3
AF	0	0.417154	5	1	4	0	0	0	0
AF	0	0.419103	7	5	2	3	0	0	3
AF	0	0.421053	1	0	1	0	0	0	0
AF	0	0.423002	8	4	4	0	0	0	0
AF	0	0.424951	1	0	1	1	0	0	1
AF	0	0.426901	1	1	0	1	0	0	1
AF	0	0.428850	5	1	4	1	0	0	1
AF	0	0.430799	1	1	0	0	0	0	0
AF	0	0.432749	5	4	1	1	0	0	1
AF	0	0.434698	3	1	2	0	0	0	0
AF	0	0.436647	66	42	24	6	0	0	6
AF	0	0.438596	2	1	1	2	0	0	2
AF	0	0.440546	4	4	0	2	0	0	2
AF	0	0.442495	1	0	1	1	0	0	1
AF	0	0.444444	42	30	12	2	0	0	2
AF	0	0.446394	4	3	1	0	0	0	0
AF	0	0.448343	3	2	1	0	0	0	0
AF	0	0.450292	7	6	1	2	0	0	2
AF	0	0.452242	3	2	1	0	0	0	0
AF	0	0.454191	2	1	1	1	0	0	1
AF	0	0.456140	0	0	0	2	0	0	2
AF	0	0.458090	1	1	0	4	0	0	4
AF	0	0.461988	1	0	1	1	0	0	1
AF	0	0.463938	2	0	2	2	0	0	2
AF	0	0.465887	2	2	0	1	0	0	1
AF	0	0.467836	4	2	2	0	0	0	0
AF	0	0.469786	2	0	2	0	0	0	0
AF	0	0.471735	2	1	1	0	0	0	0
AF	0	0.473684	1	1	0	1	0	0	1
AF	0	0.475634	9	3	6	1	0	0	1
AF	0	0.477583	3	3	0	0	0	0	0
AF	0	0.479532	1	0	1	1	0	0	1
AF	0	0.481481	1	0	1	2	0	0	2
AF	0	0.483431	3	1	2	3	0	0	3
AF	0	0.485380	3	2	1	1	0	0	1
AF	0	0.487329	2	1	1	1	0	0	1
AF	0	0.489279	5	4	1	1	0	0	1
AF	0	0.491228	5	3	2	2	0	0	2
AF	0	0.493177	5	2	3	2	0	0	2
AF	0	0.495127	1	0	1	1	0	0	1
AF	0	0.499025	6	3	3	4	0	0	4
AF	0	0.500975	3	1	2	1	0	0	1
AF	0	0.502924	4	3	1	1	0	0	1
AF	0	0.504873	6	4	2	1	0	0	1
AF	0	0.506823	3	2	1	0	0	0	0
AF	0	0.508772	2	1	1	2	0	0	2
AF	0	0.510721	1	1	0	1	0	0	1
AF	0	0.512671	4	2	2	0	0	0	0
AF	0	0.514620	3	2	1	3	0	0	3
AF	0	0.516569	2	1	1	1	0	0	1
AF	0	0.518519	3	0	3	0	0	0	0
AF	0	0.520468	1	1	0	3	0	0	3
AF	0	0.522417	5	2	3	0	0	0	0
AF	0	0.524366	2	1	1	0	0	0	0
AF	0	0.526316	3	1	2	1	0	0	1
AF	0	0.528265	3	1	2	1	0	0	1
AF	0	0.530214	3	0	3	2	0	0	2
AF	0	0.532164	0	0	0	1	0	0	1
AF	0	0.534113	5	4	1	2	0	0	2
AF	0	0.536062	2	0	2	0	0	0	0
AF	0	0.538012	3	2	1	1	0	0	1
AF	0	0.539961	3	1	2	0	0	0	0
AF	0	0.541910	1	0	1	1	0	0	1
AF	0	0.543860	4	1	3	1	0	0	1
AF	0	0.545809	4	1	3	1	0	0	1
AF	0	0.547758	2	0	2	0	0	0	0
AF	0	0.549708	2	1	1	4	0	0	4
AF	0	0.551657	1	1	0	2	0	0	2
AF	0	0.553606	5	3	2	1	0	0	1
AF	0	0.555556	2	0	2	2	0	0	2
AF	0	0.557505	2	1	1	2	0	0	2
AF	0	0.559454	1	0	1	2	0	0	2
AF	0	0.561404	1	0	1	2	0	0	2
AF	0	0.563353	2	2	0	0	0	0	0
AF	0	0.565302	3	2	1	0	0	0	0
AF	0	0.567251	4	2	2	2	0	0	2
AF	0	0.569201	3	2	1	1	0	0	1
AF	0	0.571150	4	2	2	2	0	0	2
AF	0	0.573099	3	1	2	0	0	0	0
AF	0	0.575049	4	0	4	1	0	0	1
AF	0	0.576998	2	1	1	0	0	0	0
AF	0	0.578947	2	1	1	2	0	0	2
AF	0	0.580897	3	0	3	0	0	0	0
AF	0	0.582846	2	1	1	0	0	0	0
AF	0	0.584795	4	2	2	0	0	0	0
AF	0	0.586745	2	0	2	0	0	0	0
AF	0	0.588694	2	1	1	1	0	0	1
AF	0	0.590643	2	2	0	0	0	0	0
AF	0	0.592593	3	1	2	1	0	0	1
AF	0	0.594542	4	2	2	1	0	0	1
AF	0	0.596491	2	2	0	0	0	0	0
AF	0	0.598441	2	0	2	1	0	0	1
AF	0	0.600390	4	2	2	0	0	0	0
AF	0	0.602339	2	2	0	2	0	0	2
AF	0	0.604288	1	1	0	0	0	0	0
AF	0	0.606238	5	0	5	2	0	0	2
AF	0	0.610136	5	4	1	1	0	0	1
AF	0	0.612086	5	2	3	0	0	0	0
AF	0	0.614035	0	0	0	2	0	0	2
AF	0	0.615984	1	0	1	2	0	0	2
AF	0	0.617934	3	3	0	2	0	0	2
AF	0	0.619883	3	3	0	0	0	0	0
AF	0	0.621832	3	2	1	0	0	0	0
AF	0	0.623782	1	1	0	0	0	0	0
AF	0	0.625731	3	2	1	2	0	0	2
AF	0	0.627680	1	0	1	1	0	0	1
AF	0	0.629630	2	2	0	0	0	0	0
AF	0	0.631579	1	0	1	1	0	0	1
AF	0	0.633528	2	1	1	0	0	0	0
AF	0	0.635478	1	0	1	0	0	0	0
AF	0	0.637427	2	1	1	0	0	0	0
AF	0	0.639376	7	5	2	2	0	0	2
AF	0	0.641326	1	1	0	0	0	0	0
AF	0	0.643275	2	1	1	1	0	0	1
AF	0	0.645224	4	2	2	1	0	0	1
AF	0	0.647173	1	1	0	1	0	0	1
AF	0	0.649123	3	3	0	0	0	0	0
AF	0	0.651072	2	2	0	1	0	0	1
AF	0	0.653021	3	3	0	2	0	0	2
AF	0	0.654971	2	2	0	1	0	0	1
AF	0	0.656920	4	2	2	2	0	0	2
AF	0	0.658869	1	1	0	1	0	0	1
AF	0	0.660819	4	3	1	1	0	0	1
AF	0	0.662768	1	1	0	0	0	0	0
AF	0	0.664717	3	2	1	0	0	0	0
AF	0	0.666667	2	1	1	2	0	0	2
AF	0	0.668616	2	1	1	0	0	0	0
AF	0	0.670565	2	1	1	0	0	0	0
AF	0	0.672515	2	2	0	1	0	0	1
AF	0	0.674464	2	1	1	1	0	0	1
AF	0	0.676413	6	4	2	1	0	0	1
AF	0	0.678363	8	3	5	2	0	0	2
AF	0	0.680312	3	2	1	3	0	0	3
AF	0	0.682261	1	0	1	1	0	0	1
AF	0	0.684211	2	1	1	1	0	0	1
AF	0	0.688109	1	0	1	0	0	0	0
AF	0	0.690058	1	1	0	0	0	0	0
AF	0	0.692008	3	0	3	0	0	0	0
AF	0	0.693957	4	2	2	0	0	0	0
AF	0	0.695906	3	1	2	0	0	0	0
AF	0	0.697856	1	1	0	1	0	0	1
AF	0	0.699805	4	4	0	1	0	0	1
AF	0	0.701754	2	0	2	2	0	0	2
AF	0	0.705653	4	0	4	2	0	0	2
AF	0	0.707602	3	3	0	4	0	0	4
AF	0	0.709552	3	3	0	0	0	0	0
AF	0	0.711501	1	1	0	0	0	0	0
AF	0	0.715400	1	1	0	0	0	0	0
AF	0	0.717349	4	3	1	1	0	0	1
AF	0	0.719298	2	0	2	2	0	0	2
AF	0	0.721248	6	3	3	2	0	0	2
AF	0	0.723197	2	1	1	0	0	0	0
AF	0	0.725146	1	0	1	1	0	0	1
AF	0	0.727096	3	2	1	0	0	0	0
AF	0	0.729045	1	1	0	0	0	0	0
AF	0	0.730994	5	4	1	2	0	0	2
AF	0	0.732943	5	3	2	0	0	0	0
AF	0	0.734893	2	1	1	0	0	0	0
AF	0	0.736842	1	0	1	1	0	0	1
AF	0	0.738791	2	2	0	1	0	0	1
AF	0	0.740741	1	0	1	2	0	0	2
AF	0	0.742690	5	2	3	0	0	0	0
AF	0	0.744639	3	2	1	1	0	0	1
AF	0	0.748538	3	0	3	2	0	0	2
AF	0	0.750487	4	1	3	0	0	0	0
AF	0	0.752437	4	1	3	1	0	0	1
AF	0	0.754386	1	0	1	0	0	0	0
AF	0	0.756335	2	0	2	1	0	0	1
AF	0	0.758285	3	2	1	0	0	0	0
AF	0	0.760234	0	0	0	3	0	0	3
AF	0	0.762183	2	1	1	1	0	0	1
AF	0	0.764133	2	1	1	0	0	0	0
AF	0	0.766082	1	1	0	1	0	0	1
AF	0	0.768031	3	1	2	1	0	0	1
AF	0	0.769981	2	2	0	0	0	0	0
AF	0	0.771930	4	1	3	1	0	0	1
AF	0	0.773879	0	0	0	1	0	0	1
AF	0	0.775828	3	3	0	0	0	0	0
AF	0	0.777778	4	2	2	0	0	0	0
AF	0	0.779727	4	2	2	1	0	0	1
AF	0	0.781676	0	0	0	1	0	0	1
AF	0	0.783626	1	0	1	0	0	0	0
AF	0	0.785575	2	1	1	0	0	0	0
AF	0	0.787524	5	4	1	0	0	0	0
AF	0	0.789474	0	0	0	1	0	0	1
AF	0	0.791423	0	0	0	1	0	0	1
AF	0	0.793372	3	1	2	1	0	0	1
AF	0	0.795322	1	1	0	2	0	0	2
AF	0	0.797271	2	1	1	2	0	0	2
AF	0	0.799220	1	1	0	0	0	0	0
AF	0	0.801170	1	0	1	2	0	0	2
AF	0	0.803119	1	0	1	1	0	0	1
AF	0	0.805068	5	4	1	0	0	0	0
AF	0	0.807018	4	1	3	0	0	0	0
AF	0	0.808967	4	3	1	2	0	0	2
AF	0	0.810916	3	2	1	0	0	0	0
AF	0	0.812865	100	67	33	6	0	0	6
AF	0	0.814815	3	1	2	1	0	0	1
AF	0	0.816764	5	3	2	2	0	0	2
AF	0	0.818713	4	2	2	0	0	0	0
AF	0	0.820663	5	3	2	1	0	0	1
AF	0	0.822612	2	1	1	1	0	0	1
AF	0	0.824561	2	2	0	4	0	0	4
AF	0	0.826511	2	1	1	1	0	0	1
AF	0	0.828460	5	2	3	1	0	0	1
AF	0	0.830409	3	2	1	0	0	0	0
AF	0	0.832359	5	3	2	1	0	0	1
AF	0	0.834308	2	1	1	0	0	0	0
AF	0	0.836257	4	2	2	0	0	0	0
AF	0	0.838207	2	1	1	1	0	0	1
AF	0	0.840156	7	3	4	0	0	0	0
AF	0	0.842105	3	2	1	0	0	0	0
AF	0	0.844055	88	62	26	3	0	0	3
AF	0	0.847953	2	1	1	5	0	0	5
AF	0	0.851852	2	2	0	0	0	0	0
AF	0	0.853801	2	0	2	0	0	0	0
AF	0	0.855750	2	1	1	0	0	0	0
AF	0	0.857700	2	1	1	3	0	0	3
AF	0	0.859649	2	0	2	0	0	0	0
AF	0	0.861598	4	2	2	2	0	0	2
AF	0	0.863548	3	2	1	1	0	0	1
AF	0	0.865497	3	1	2	1	0	0	1
AF	0	0.867446	1	0	1	0	0	0	0
AF	0	0.869396	3	1	2	0	0	0	0
AF	0	0.871345	2	2	0	1	0	0	1
AF	0	0.873294	5	3	2	2	0	0	2
AF	0	0.875244	3	3	0	1	0	0	1
AF	0	0.877193	6	4	2	0	0	0	0
AF	0	0.879142	2	1	1	2	0	0	2
AF	0	0.881092	2	0	2	0	0	0	0
AF	0	0.883041	3	1	2	0	0	0	0
AF	0	0.884990	4	4	0	2	0	0	2
AF	0	0.886940	2	0	2	0	0	0	0
AF	0	0.888889	6	3	3	2	0	0	2
AF	0	0.890838	3	2	1	0	0	0	0
AF	0	0.892788	5	1	4	1	0	0	1
AF	0	0.894737	4	3	1	0	0	0	0
AF	0	0.896686	9	5	4	1	0	0	1
AF	0	0.898635	3	2	1	0	0	0	0
AF	0	0.900585	4	2	2	1	0	0	1
AF	0	0.902534	1	1	0	0	0	0	0
AF	0	0.904483	7	4	3	0	0	0	0
AF	0	0.906433	6	2	4	0	0	0	0
AF	0	0.908382	9	3	6	2	0	0	2
AF	0	0.910331	5	3	2	0	0	0	0
AF	0	0.912281	12	7	5	2	0	0	2
AF	0	0.914230	5	2	3	1	0	0	1
AF	0	0.916179	7	3	4	1	0	0	1
AF	0	0.918129	2	0	2	0	0	0	0
AF	0	0.920078	5	5	0	1	0	0	1
AF	0	0.922027	2	2	0	0	0	0	0
AF	0	0.923977	4	1	3	0	0	0	0
AF	0	0.925926	3	1	2	0	0	0	0
AF	0	0.927875	6	4	2	1	0	0	1
AF	0	0.929825	2	0	2	1	0	0	1
AF	0	0.931774	3	1	2	1	0	0	1
AF	0	0.933723	6	1	5	0	0	0	0
AF	0	0.935673	2	1	1	0	0	0	0
AF	0	0.937622	4	3	1	1	0	0	1
AF	0	0.939571	6	2	4	1	0	0	1
AF	0	0.941520	3	2	1	2	0	0	2
AF	0	0.943470	3	1	2	0	0	0	0
AF	0	0.945419	5	4	1	3	0	0	3
AF	0	0.947368	2	0	2	0	0	0	0
AF	0	0.949318	1	1	0	0	0	0	0
AF	0	0.951267	3	0	3	0	0	0	0
AF	0	0.953216	11	5	6	2	0	0	2
AF	0	0.955166	2	1	1	1	0	0	1
AF	0	0.957115	9	5	4	3	0	0	3
AF	0	0.959064	2	0	2	1	0	0	1
AF	0	0.961014	9	3	6	0	0	0	0
AF	0	0.962963	3	0	3	0	0	0	0
AF	0	0.964912	12	4	8	3	0	0	3
AF	0	0.966862	3	2	1	0	0	0	0
AF	0	0.968811	17	7	10	3	0	0	3
AF	0	0.970760	1	0	1	0	0	0	0
AF	0	0.972710	16	10	6	4	0	0	4
AF	0	0.974659	1	0	1	0	0	0	0
AF	0	0.976608	19	11	8	3	0	0	3
AF	0	0.978558	9	3	6	0	0	0	0
AF	0	0.980507	230	144	86	11	0	0	11
AF	0	0.982456	6	4	2	0	0	0	0
AF	0	0.984405	18	7	11	7	0	0	7
AF	0	0.986355	3	0	3	0	0	0	0
AF	0	0.988304	37	22	15	7	0	0	7
AF	0	0.990253	3	1	2	0	0	0	0
AF	0	0.992203	462	273	189	10	0	0	10
AF	0	0.998051	398	210	188	46	0	0	46
# QUAL, Stats by quality:
# QUAL	[2]id	[3]Quality	[4]number of SNPs	[5]number of transitions (1st ALT)	[6]number of transversions (1st ALT)	[7]number of indels
QUAL	0	30	11	8	3	1
QUAL	0	31	32	17	15	1
QUAL	0	32	30	13	17	0
QUAL	0	33	23	13	10	1
QUAL	0	34	16	9	7	2
QUAL	0	35	18	14	4	1
QUAL	0	36	28	13	15	0
QUAL	0	37	353	176	177	6
QUAL	0	38	48	20	28	0
QUAL	0	39	14	5	9	0
QUAL	0	40	13	7	6	0
QUAL	0	41	46	20	26	0
QUAL	0	42	41	19	22	2
QUAL	0	43	25	12	13	3
QUAL	0	44	16	7	9	2
QUAL	0	45	31	12	19	0
QUAL	0	46	25	10	15	1
QUAL	0	47	24	11	13	1
QUAL	0	48	49	24	25	1
QUAL	0	49	25	12	13	2
QUAL	0	50	37	21	16	0
QUAL	0	51	257	121	136	0
QUAL	0	52	45	23	22	0
QUAL	0	53	49	30	19	1
QUAL	0	54	20	7	13	1
QUAL	0	55	24	13	11	1
QUAL	0	56	21	10	11	1
QUAL	0	57	18	7	11	3
QUAL	0	58	24	12	12	0
QUAL	0	59	28	18	10	1
QUAL	0	60	15	6	9	2
QUAL	0	61	55	23	32	2
QUAL	0	62	19	10	9	2
QUAL	0	63	18	9	9	0
QUAL	0	64	18	9	9	1
QUAL	0	65	20	11	9	0
QUAL	0	66	34	16	18	1
QUAL	0	67	21	9	12	0
QUAL	0	68	22	8	14	1
QUAL	0	69	24	8	16	0
QUAL	0	70	32	15	17	0
QUAL	0	71	37	16	21	1
QUAL	0	72	29	12	17	4
QUAL	0	73	13	6	7	19
QUAL	0	74	17	11	6	2
QUAL	0	75	22	9	13	2
QUAL	0	76	43	27	16	0
QUAL	0	77	32	16	16	2
QUAL	0	78	30	17	13	1
QUAL	0	79	13	7	6	1
QUAL	0	80	31	12	19	0
QUAL	0	81	27	12	15	1
QUAL	0	82	159	82	77	3
QUAL	0	83	33	20	13	2
QUAL	0	84	32	13	19	0
QUAL	0	85	34	16	18	1
QUAL	0	86	270	150	120	0
QUAL	0	87	38	19	19	2
QUAL	0	88	18	11	7	0
QUAL	0	89	18	8	10	7
QUAL	0	90	21	7	14	3
QUAL	0	91	22	7	15	1
QUAL	0	92	18	7	11	2
QUAL	0	93	18	9	9	2
QUAL	0	94	17	10	7	0
QUAL	0	95	28	13	15	0
QUAL	0	96	54	32	22	0
QUAL	0	97	10	5	5	0
QUAL	0	98	45	20	25	2
QUAL	0	99	17	6	11	0
QUAL	0	100	20	10	10	0
QUAL	0	101	46	29	17	1
QUAL	0	102	21	7	14	2
QUAL	0	103	16	7	9	0
QUAL	0	104	20	13	7	0
QUAL	0	105	19	11	8	1
QUAL	0	106	23	10	13	2
QUAL	0	107	14	3	11	2
QUAL	0	108	14	6	8	3
QUAL	0	109	29	14	15	0
QUAL	0	110	17	8	9	0
QUAL	0	111	55	30	25	1
QUAL	0	112	24	12	12	3
QUAL	0	113	15	4	11	2
QUAL	0	114	23	12	11	0
QUAL	0	115	22	12	10	1
QUAL	0	116	16	5	11	1
QUAL	0	117	29	11	18	2
QUAL	0	118	34	20	14	23
QUAL	0	119	22	8	14	2
QUAL	0	120	51	20	31	3
QUAL	0	121	305	158	147	2
QUAL	0	122	27	13	14	1
QUAL	0	123	9	4	5	4
QUAL	0	124	26	12	14	2
QUAL	0	125	10	8	2	2
QUAL	0	126	17	6	11	1
QUAL	0	127	87	36	51	4
QUAL	0	128	29	12	17	2
QUAL	0	129	18	8	10	0
QUAL	0	130	65	30	35	2
QUAL	0	131	24	10	14	3
QUAL	0	132	10	6	4	2
QUAL	0	133	20	10	10	1
QUAL	0	134	14	9	5	5
QUAL	0	135	18	8	10	0
QUAL	0	136	32	15	17	1
QUAL	0	137	18	8	10	1
QUAL	0	138	16	9	7	1
QUAL	0	139	16	8	8	0
QUAL	0	140	23	18	5	5
QUAL	0	141	23	10	13	5
QUAL	0	142	21	13	8	2
QUAL	0	143	27	13	14	2
QUAL	0	144	21	9	12	2
QUAL	0	145	20	10	10	2
QUAL	0	146	66	37	29	0
QUAL	0	147	33	19	14	0
QUAL	0	148	16	10	6	2
QUAL	0	149	27	17	10	2
QUAL	0	150	29	15	14	0
QUAL	0	151	14	6	8	1
QUAL	0	152	25	11	14	3
QUAL	0	153	46	20	26	2
QUAL	0	154	34	14	20	3
QUAL	0	155	73	39	34	1
QUAL	0	156	393	248	145	4
QUAL	0	157	26	9	17	3
QUAL	0	158	17	9	8	2
QUAL	0	159	25	12	13	6
QUAL	0	160	19	10	9	1
QUAL	0	161	19	10	9	3
QUAL	0	162	31	16	15	1
QUAL	0	163	14	7	7	16
QUAL	0	164	22	12	10	4
QUAL	0	165	89	56	33	0
QUAL	0	166	24	12	12	1
QUAL	0	167	14	5	9	2
QUAL	0	168	27	16	11	3
QUAL	0	169	13	5	8	0
QUAL	0	170	38	19	19	1
QUAL	0	171	13	6	7	0
QUAL	0	172	69	39	30	3
QUAL	0	173	18	5	13	5
QUAL	0	174	19	6	13	0
QUAL	0	175	28	21	7	4
QUAL	0	176	19	10	9	3
QUAL	0	177	24	11	13	2
QUAL	0	178	28	21	7	0
QUAL	0	179	21	11	9	1
QUAL	0	180	85	50	35	1
QUAL	0	181	46	19	27	1
QUAL	0	182	17	7	10	3
QUAL	0	183	15	6	9	0
QUAL	0	184	26	12	14	0
QUAL	0	185	24	13	11	0
QUAL	0	186	27	14	13	2
QUAL	0	187	48	31	17	3
QUAL	0	188	28	17	11	1
QUAL	0	189	34	17	17	1
QUAL	0	190	578	332	246	1
QUAL	0	191	36	24	12	1
QUAL	0	192	18	8	10	5
QUAL	0	193	26	13	13	2
QUAL	0	194	23	17	6	2
QUAL	0	195	24	13	11	4
QUAL	0	196	25	11	13	4
QUAL	0	197	24	14	10	3
QUAL	0	198	20	8	12	3
QUAL	0	199	24	12	12	5
QUAL	0	200	130	90	40	5
QUAL	0	201	21	9	12	1
QUAL	0	202	13	8	5	5
QUAL	0	203	11	5	6	2
QUAL	0	204	14	5	9	0
QUAL	0	205	65	34	31	1
QUAL	0	206	21	14	7	1
QUAL	0	207	28	19	9	2
QUAL	0	208	9	8	1	11
QUAL	0	209	40	27	13	1
QUAL	0	210	28	11	17	3
QUAL	0	211	13	8	5	1
QUAL	0	212	17	10	7	2
QUAL	0	213	34	20	14	3
QUAL	0	214	24	13	11	4
QUAL	0	215	111	62	49	1
QUAL	0	216	34	17	17	0
QUAL	0	217	58	30	28	5
QUAL	0	218	18	9	9	3
QUAL	0	219	61	30	31	2
QUAL	0	220	32	13	19	1
QUAL	0	221	24	14	10	1
QUAL	0	222	56	31	25	3
QUAL	0	223	38	26	11	2
QUAL	0	224	77	42	35	6
QUAL	0	225	790	471	319	2
QUAL	0	226	19	7	12	1
QUAL	0	227	31	12	19	1
QUAL	0	228	17	10	7	1
QUAL	0	229	19	7	12	1
QUAL	0	230	20	13	7	1
QUAL	0	231	19	10	9	3
QUAL	0	232	21	11	10	1
QUAL	0	233	42	16	26	2
QUAL	0	234	40	24	16	2
QUAL	0	235	143	89	54	3
QUAL	0	236	12	5	7	4
QUAL	0	237	19	7	12	2
QUAL	0	238	22	11	11	1
QUAL	0	239	33	17	16	1
QUAL	0	240	78	45	33	2
QUAL	0	241	21	10	11	2
QUAL	0	242	28	15	13	5
QUAL	0	243	18	7	11	1
QUAL	0	244	55	35	20	3
QUAL	0	245	33	22	11	1
QUAL	0	246	15	9	6	3
QUAL	0	247	26	13	13	4
QUAL	0	248	23	16	7	6
QUAL	0	249	32	20	12	3
QUAL	0	250	151	93	58	2
QUAL	0	251	46	27	19	2
QUAL	0	252	14	6	8	1
QUAL	0	253	17	11	6	23
QUAL	0	254	58	34	24	5
QUAL	0	255	23	12	11	5
QUAL	0	256	28	18	10	4
QUAL	0	257	91	50	41	4
QUAL	0	258	61	35	26	3
QUAL	0	259	180	116	63	6
QUAL	0	260	1110	653	457	2
QUAL	0	261	33	15	18	2
QUAL	0	262	52	35	17	2
QUAL	0	263	17	9	8	1
QUAL	0	264	29	18	11	3
QUAL	0	265	26	13	13	3
QUAL	0	266	45	19	26	1
QUAL	0	267	26	14	12	1
QUAL	0	268	28	23	5	1
QUAL	0	269	229	128	101	4
QUAL	0	270	20	13	6	4
QUAL	0	271	20	9	11	3
QUAL	0	272	18	7	11	1
QUAL	0	273	25	15	10	3
QUAL	0	274	43	31	12	3
QUAL	0	275	102	54	48	7
QUAL	0	276	12	3	9	0
QUAL	0	277	34	12	20	3
QUAL	0	278	30	16	14	1
QUAL	0	279	55	24	31	1
QUAL	0	280	36	20	14	4
QUAL	0	281	22	12	10	5
QUAL	0	282	26	16	10	2
QUAL	0	283	38	23	15	4
QUAL	0	284	76	54	22	4
QUAL	0	285	184	102	82	7
QUAL	0	286	50	33	17	8
QUAL	0	287	13	9	4	4
QUAL	0	288	39	26	12	5
QUAL	0	289	57	32	25	7
QUAL	0	290	26	14	12	3
QUAL	0	291	34	20	14	4
QUAL	0	292	107	68	39	5
QUAL	0	293	101	60	41	1
QUAL	0	294	237	139	98	3
QUAL	0	295	1412	850	562	1
QUAL	0	296	28	18	10	0
QUAL	0	297	15	7	8	5
QUAL	0	298	34	16	18	17
QUAL	0	299	32	15	17	5
QUAL	0	300	24	14	10	3
QUAL	0	301	27	16	10	7
QUAL	0	302	20	13	7	4
QUAL	0	303	50	23	27	8
QUAL	0	304	298	169	129	10
QUAL	0	305	39	16	22	2
QUAL	0	306	23	13	10	1
QUAL	0	307	68	33	35	3
QUAL	0	308	37	17	20	3
QUAL	0	309	184	109	75	8
QUAL	0	310	31	13	18	3
QUAL	0	311	26	13	13	4
QUAL	0	312	25	13	12	7
QUAL	0	313	30	16	14	9
QUAL	0	314	88	53	35	4
QUAL	0	315	19	6	13	3
QUAL	0	316	36	23	13	2
QUAL	0	317	48	28	20	4
QUAL	0	318	38	18	19	1
QUAL	0	319	307	186	121	1
QUAL	0	320	56	31	25	3
QUAL	0	321	28	14	14	2
QUAL	0	322	22	15	7	3
QUAL	0	323	72	37	35	6
QUAL	0	324	37	22	15	2
QUAL	0	325	24	13	11	3
QUAL	0	326	100	63	36	0
QUAL	0	327	76	42	33	1
QUAL	0	328	209	120	89	2
QUAL	0	329	1975	1186	789	1
QUAL	0	330	33	22	11	6
QUAL	0	331	20	14	6	6
QUAL	0	332	31	15	16	6
QUAL	0	333	29	19	10	13
QUAL	0	334	39	23	16	6
QUAL	0	335	26	12	13	3
QUAL	0	336	32	18	14	5
QUAL	0	337	34	13	21	0
QUAL	0	338	61	41	20	6
QUAL	0	339	344	196	148	1
QUAL	0	340	21	12	9	4
QUAL	0	341	25	14	11	5
QUAL	0	342	37	20	17	7
QUAL	0	343	48	28	20	66
QUAL	0	344	214	114	100	7
QUAL	0	345	23	10	13	6
QUAL	0	346	26	15	11	1
QUAL	0	347	27	17	10	4
QUAL	0	348	80	44	36	3
QUAL	0	349	45	24	21	4
QUAL	0	350	10	4	5	5
QUAL	0	351	37	19	18	0
QUAL	0	352	101	52	49	6
QUAL	0	353	57	33	23	3
QUAL	0	354	333	206	127	3
QUAL	0	355	70	33	37	1
QUAL	0	356	19	10	9	3
QUAL	0	357	22	8	14	3
QUAL	0	358	91	46	44	6
QUAL	0	359	44	18	26	3
QUAL	0	360	29	20	9	4
QUAL	0	361	121	74	47	4
QUAL	0	362	108	51	57	6
QUAL	0	363	243	146	96	8
QUAL	0	364	2211	1342	868	6
QUAL	0	365	28	18	10	7
QUAL	0	366	18	10	8	10
QUAL	0	367	19	12	7	9
QUAL	0	368	36	17	19	2
QUAL	0	369	52	30	22	1
QUAL	0	370	28	21	7	3
QUAL	0	371	28	14	14	3
QUAL	0	372	27	12	15	6
QUAL	0	373	107	71	36	10
QUAL	0	374	404	256	148	10
QUAL	0	375	15	10	5	1
QUAL	0	376	30	13	17	4
QUAL	0	377	49	33	16	10
QUAL	0	378	71	40	31	5
QUAL	0	379	268	160	108	8
QUAL	0	380	18	12	6	0
QUAL	0	381	37	21	16	2
QUAL	0	382	24	8	15	3
QUAL	0	383	86	57	29	14
QUAL	0	384	46	33	13	4
QUAL	0	385	24	14	10	2
QUAL	0	386	39	17	22	8
QUAL	0	387	80	46	34	13
QUAL	0	388	140	88	52	50
QUAL	0	389	383	244	139	5
QUAL	0	390	59	29	29	1
QUAL	0	391	24	12	12	4
QUAL	0	392	33	19	14	3
QUAL	0	393	85	49	36	2
QUAL	0	394	49	28	21	4
QUAL	0	395	59	26	33	10
QUAL	0	396	144	75	68	6
QUAL	0	397	194	116	78	4
QUAL	0	398	422	271	151	4
QUAL	0	399	2338	1436	902	1
QUAL	0	400	13	8	5	3
QUAL	0	401	27	18	9	5
QUAL	0	402	29	19	10	8
QUAL	0	403	42	24	18	7
QUAL	0	404	64	35	29	6
QUAL	0	405	43	31	12	1
QUAL	0	406	35	18	17	5
QUAL	0	407	63	38	25	0
QUAL	0	408	465	289	176	4
QUAL	0	409	20	11	9	5
QUAL	0	410	23	12	11	2
QUAL	0	411	33	16	17	3
QUAL	0	412	38	20	18	1
QUAL	0	413	93	57	35	8
QUAL	0	414	286	168	118	7
QUAL	0	415	18	9	9	6
QUAL	0	416	30	17	13	5
QUAL	0	417	23	14	9	3
QUAL	0	418	92	51	40	2
QUAL	0	419	45	24	21	4
QUAL	0	420	20	15	5	10
QUAL	0	421	34	19	15	7
QUAL	0	422	77	44	32	18
QUAL	0	423	153	80	73	19
QUAL	0	424	342	207	135	11
QUAL	0	425	63	34	28	13
QUAL	0	426	25	13	12	7
QUAL	0	427	33	15	18	6
QUAL	0	428	106	68	38	6
QUAL	0	429	36	17	18	3
QUAL	0	430	59	34	25	4
QUAL	0	431	159	93	66	5
QUAL	0	432	206	117	89	3
QUAL	0	433	525	320	205	44
QUAL	0	434	2365	1477	888	5
QUAL	0	435	32	16	15	7
QUAL	0	436	27	15	12	3
QUAL	0	437	39	24	14	12
QUAL	0	438	76	48	28	4
QUAL	0	439	37	26	11	5
QUAL	0	440	41	22	19	1
QUAL	0	441	55	26	29	3
QUAL	0	442	138	71	66	6
QUAL	0	443	515	320	195	0
QUAL	0	444	22	11	11	4
QUAL	0	445	32	17	12	6
QUAL	0	446	33	18	15	1
QUAL	0	447	64	33	31	8
QUAL	0	448	364	235	129	4
QUAL	0	449	28	12	16	6
QUAL	0	450	35	25	10	3
QUAL	0	451	13	8	4	7
QUAL	0	452	41	29	12	4
QUAL	0	453	107	65	42	1
QUAL	0	454	29	16	13	4
QUAL	0	455	32	15	17	6
QUAL	0	456	52	35	17	9
QUAL	0	457	79	49	28	3
QUAL	0	458	535	330	205	8
QUAL	0	459	66	37	29	3
QUAL	0	460	18	9	9	7
QUAL	0	461	30	15	15	12
QUAL	0	462	97	58	39	10
QUAL	0	463	52	33	19	6
QUAL	0	464	36	23	13	13
QUAL	0	465	121	70	51	5
QUAL	0	466	112	62	50	8
QUAL	0	467	359	206	153	9
QUAL	0	468	1636	991	645	8
QUAL	0	469	973	615	358	7
QUAL	0	470	18	7	11	4
QUAL	0	471	16	8	8	3
QUAL	0	472	43	25	18	5
QUAL	0	473	86	58	28	6
QUAL	0	474	45	25	20	7
QUAL	0	475	39	17	22	6
QUAL	0	476	53	26	27	2
QUAL	0	477	99	57	41	4
QUAL	0	478	426	263	163	52
QUAL	0	479	22	12	10	8
QUAL	0	480	24	11	13	3
QUAL	0	481	36	21	15	5
QUAL	0	482	66	37	29	5
QUAL	0	483	356	217	139	2
QUAL	0	484	29	10	19	1
QUAL	0	485	24	13	10	7
QUAL	0	486	40	22	18	6
QUAL	0	487	116	62	54	5
QUAL	0	488	98	61	37	3
QUAL	0	489	23	12	10	7
QUAL	0	490	37	16	21	2
QUAL	0	491	56	36	20	5
QUAL	0	492	87	48	39	2
QUAL	0	493	470	299	171	5
QUAL	0	494	72	33	39	3
QUAL	0	495	18	9	9	4
QUAL	0	496	29	14	15	4
QUAL	0	497	71	40	30	7
QUAL	0	498	61	33	28	9
QUAL	0	499	46	22	24	10
QUAL	0	500	119	70	49	11
QUAL	0	501	127	71	56	1
QUAL	0	502	286	170	116	5
QUAL	0	503	2368	1463	904	6
QUAL	0	504	25	12	13	5
QUAL	0	505	23	14	9	10
QUAL	0	506	31	18	13	5
QUAL	0	507	44	30	14	2
QUAL	0	508	95	58	37	4
QUAL	0	509	61	31	30	15
QUAL	0	510	44	26	17	7
QUAL	0	511	58	30	28	3
QUAL	0	512	121	70	51	8
QUAL	0	513	369	237	132	9
QUAL	0	514	21	11	10	6
QUAL	0	515	24	13	11	4
QUAL	0	516	44	25	19	1
QUAL	0	517	82	53	29	3
QUAL	0	518	328	199	129	2
QUAL	0	519	23	14	9	1
QUAL	0	520	35	21	14	4
QUAL	0	521	25	16	9	3
QUAL	0	522	105	67	37	3
QUAL	0	523	32	20	11	49
QUAL	0	524	27	12	15	10
QUAL	0	525	29	18	10	2
QUAL	0	526	55	27	28	2
QUAL	0	527	166	101	64	2
QUAL	0	528	321	198	123	6
QUAL	0	529	47	19	28	9
QUAL	0	530	22	11	11	11
QUAL	0	531	48	26	22	3
QUAL	0	532	138	69	69	3
QUAL	0	533	69	34	35	1
QUAL	0	534	41	26	15	6
QUAL	0	535	116	75	41	3
QUAL	0	536	144	87	57	5
QUAL	0	537	397	246	151	12
QUAL	0	538	1933	1204	729	15
QUAL	0	539	19	10	8	4
QUAL	0	540	22	11	11	1
QUAL	0	541	28	15	12	6
QUAL	0	542	46	28	18	5
QUAL	0	543	83	47	36	7
QUAL	0	544	69	36	33	7
QUAL	0	545	34	18	16	14
QUAL	0	546	64	39	25	2
QUAL	0	547	138	90	48	10
QUAL	0	548	308	213	95	6
QUAL	0	549	32	20	10	3
QUAL	0	550	42	21	21	2
QUAL	0	551	45	25	20	4
QUAL	0	552	133	80	53	2
QUAL	0	553	343	216	127	2
QUAL	0	554	28	19	9	0
QUAL	0	555	21	12	9	4
QUAL	0	556	39	18	20	7
QUAL	0	557	76	47	29	6
QUAL	0	558	34	24	10	18
QUAL	0	559	24	14	10	3
QUAL	0	560	42	21	20	7
QUAL	0	561	54	34	20	6
QUAL	0	562	138	83	55	7
QUAL	0	563	278	175	102	5
QUAL	0	564	46	20	25	8
QUAL	0	565	20	7	13	1
QUAL	0	566	36	23	13	2
QUAL	0	567	103	63	40	2
QUAL	0	568	45	25	20	52
QUAL	0	569	51	24	27	5
QUAL	0	570	118	68	50	6
QUAL	0	571	162	105	56	3
QUAL	0	572	405	242	163	2
QUAL	0	573	1682	1033	649	6
QUAL	0	574	12	8	4	1
QUAL	0	575	22	11	11	17
QUAL	0	576	45	24	21	3
QUAL	0	577	147	81	66	4
QUAL	0	578	71	41	30	2
QUAL	0	579	66	40	26	7
QUAL	0	580	33	14	19	5
QUAL	0	581	60	35	25	8
QUAL	0	582	378	240	137	1
QUAL	0	583	31	12	17	1
QUAL	0	584	28	19	8	6
QUAL	0	585	32	23	9	8
QUAL	0	586	49	35	14	11
QUAL	0	587	326	208	118	3
QUAL	0	588	34	20	14	3
QUAL	0	589	19	8	10	2
QUAL	0	590	13	6	7	0
QUAL	0	591	34	14	19	4
QUAL	0	592	82	51	31	5
QUAL	0	593	64	30	33	4
QUAL	0	594	33	23	10	3
QUAL	0	595	41	22	19	4
QUAL	0	596	82	43	39	5
QUAL	0	597	158	91	67	4
QUAL	0	598	225	140	85	3
QUAL	0	599	28	16	12	5
QUAL	0	600	15	8	7	4
QUAL	0	601	50	32	18	0
QUAL	0	602	76	40	36	5
QUAL	0	603	42	28	14	16
QUAL	0	604	42	24	18	1
QUAL	0	605	112	78	33	5
QUAL	0	606	201	116	85	4
QUAL	0	607	518	322	194	6
QUAL	0	608	1005	622	383	4
QUAL	0	609	17	9	8	8
QUAL	0	610	26	14	12	6
QUAL	0	611	57	31	26	12
QUAL	0	612	96	53	43	3
QUAL	0	613	115	72	43	65
QUAL	0	614	41	22	19	3
QUAL	0	615	38	23	15	1
QUAL	0	616	54	25	27	7
QUAL	0	617	259	163	96	6
QUAL	0	618	24	16	8	7
QUAL	0	619	19	16	2	4
QUAL	0	620	32	13	19	4
QUAL	0	621	76	46	29	6
QUAL	0	622	354	205	149	8
QUAL	0	623	40	25	15	5
QUAL	0	624	23	11	12	9
QUAL	0	625	11	8	3	5
QUAL	0	626	39	23	16	7
QUAL	0	627	56	30	26	5
QUAL	0	628	32	17	15	3
QUAL	0	629	26	20	6	1
QUAL	0	630	39	25	14	5
QUAL	0	631	72	49	23	1
QUAL	0	632	295	191	103	3
QUAL	0	633	40	23	17	1
QUAL	0	634	19	13	6	5
QUAL	0	635	27	18	9	6
QUAL	0	636	60	32	28	1
QUAL	0	637	41	19	22	6
QUAL	0	638	56	36	19	5
QUAL	0	639	72	36	36	2
QUAL	0	640	88	48	40	4
QUAL	0	641	199	121	78	3
QUAL	0	642	1142	686	456	7
QUAL	0	643	21	9	12	1
QUAL	0	644	19	13	6	4
QUAL	0	645	25	14	11	5
QUAL	0	646	36	19	16	9
QUAL	0	647	71	35	36	12
QUAL	0	648	130	79	50	8
QUAL	0	649	18	8	10	6
QUAL	0	650	39	22	17	9
QUAL	0	651	71	45	26	3
QUAL	0	652	208	127	80	7
QUAL	0	653	21	9	12	9
QUAL	0	654	34	17	16	6
QUAL	0	655	35	23	12	3
QUAL	0	656	76	45	31	3
QUAL	0	657	259	166	93	4
QUAL	0	658	53	33	20	36
QUAL	0	659	15	8	6	7
QUAL	0	660	25	17	8	1
QUAL	0	661	43	23	20	3
QUAL	0	662	38	24	14	5
QUAL	0	663	39	22	17	8
QUAL	0	664	25	11	13	3
QUAL	0	665	41	17	24	1
QUAL	0	666	82	47	34	8
QUAL	0	667	239	139	100	7
QUAL	0	668	33	18	15	1
QUAL	0	669	14	9	5	5
QUAL	0	670	25	15	10	3
QUAL	0	671	46	28	16	2
QUAL	0	672	68	39	29	5
QUAL	0	673	44	28	16	2
QUAL	0	674	66	46	20	5
QUAL	0	675	75	41	34	2
QUAL	0	676	188	109	79	2
QUAL	0	677	862	526	336	0
QUAL	0	678	20	9	11	3
QUAL	0	679	19	9	8	1
QUAL	0	680	29	13	16	4
QUAL	0	681	48	32	16	5
QUAL	0	682	124	71	53	2
QUAL	0	683	145	89	56	6
QUAL	0	684	24	20	4	6
QUAL	0	685	35	21	14	3
QUAL	0	686	69	42	27	2
QUAL	0	687	119	75	43	8
QUAL	0	688	27	12	14	8
QUAL	0	689	26	13	12	3
QUAL	0	690	39	24	13	7
QUAL	0	691	70	42	28	6
QUAL	0	692	203	132	70	6
QUAL	0	693	26	16	10	8
QUAL	0	694	16	10	6	3
QUAL	0	695	17	10	7	8
QUAL	0	696	58	32	24	5
QUAL	0	697	49	25	24	5
QUAL	0	698	38	27	11	1
QUAL	0	699	20	13	7	0
QUAL	0	700	38	23	14	10
QUAL	0	701	88	49	39	5
QUAL	0	702	154	96	57	2
QUAL	0	703	18	13	5	46
QUAL	0	704	11	5	6	6
QUAL	0	705	20	9	11	3
QUAL	0	706	59	40	19	4
QUAL	0	707	50	29	21	3
QUAL	0	708	53	31	22	3
QUAL	0	709	39	24	15	2
QUAL	0	710	81	52	29	2
QUAL	0	711	208	119	89	0
QUAL	0	712	586	369	217	2
QUAL	0	713	13	9	4	3
QUAL	0	714	17	13	3	1
QUAL	0	715	45	24	21	1
QUAL	0	716	65	43	21	6
QUAL	0	717	192	112	80	3
QUAL	0	718	132	80	52	3
QUAL	0	719	24	15	9	2
QUAL	0	720	33	19	14	6
QUAL	0	721	107	68	39	4
QUAL	0	722	31	17	13	5
QUAL	0	723	22	14	7	5
QUAL	0	724	27	17	10	8
QUAL	0	725	38	25	13	7
QUAL	0	726	86	59	27	2
QUAL	0	727	158	100	56	2
QUAL	0	728	29	19	10	5
QUAL	0	729	13	8	5	2
QUAL	0	730	27	14	13	1
QUAL	0	731	49	31	18	2
QUAL	0	732	56	29	26	3
QUAL	0	733	15	10	5	2
QUAL	0	734	29	13	16	3
QUAL	0	735	19	10	9	2
QUAL	0	736	80	56	24	2
QUAL	0	737	102	64	38	6
QUAL	0	738	14	8	6	6
QUAL	0	739	22	13	9	3
QUAL	0	740	32	18	14	2
QUAL	0	741	46	29	17	7
QUAL	0	742	82	55	27	2
QUAL	0	743	39	25	14	3
QUAL	0	744	47	20	26	0
QUAL	0	745	72	42	29	2
QUAL	0	746	178	105	72	5
QUAL	0	747	366	235	130	12
QUAL	0	748	21	11	10	42
QUAL	0	749	29	20	9	6
QUAL	0	750	30	15	15	1
QUAL	0	751	95	56	39	2
QUAL	0	752	233	132	101	2
QUAL	0	753	93	65	28	2
QUAL	0	754	18	8	8	5
QUAL	0	755	29	15	14	2
QUAL	0	756	113	67	46	3
QUAL	0	757	73	34	39	4
QUAL	0	758	22	12	9	3
QUAL	0	759	26	16	10	3
QUAL	0	760	38	24	14	4
QUAL	0	761	144	93	51	1
QUAL	0	762	51	34	17	5
QUAL	0	763	13	8	5	8
QUAL	0	764	16	10	6	8
QUAL	0	765	26	14	11	5
QUAL	0	766	47	31	16	4
QUAL	0	767	70	39	31	7
QUAL	0	768	13	7	6	2
QUAL	0	769	16	9	6	1
QUAL	0	770	28	14	14	4
QUAL	0	771	125	72	52	4
QUAL	0	772	15	10	5	4
QUAL	0	773	22	11	11	5
QUAL	0	774	21	12	8	1
QUAL	0	775	32	16	15	2
QUAL	0	776	66	39	27	3
QUAL	0	777	75	51	24	2
QUAL	0	778	34	20	14	2
QUAL	0	779	43	22	20	4
QUAL	0	780	71	39	32	2
QUAL	0	781	348	226	122	3
QUAL	0	782	31	13	18	10
QUAL	0	783	21	9	11	8
QUAL	0	784	30	20	10	3
QUAL	0	785	46	20	26	2
QUAL	0	786	125	78	47	4
QUAL	0	787	279	162	117	4
QUAL	0	788	41	21	20	3
QUAL	0	789	19	12	7	3
QUAL	0	790	31	21	10	2
QUAL	0	791	75	43	32	3
QUAL	0	792	28	16	12	8
QUAL	0	793	13	5	8	30
QUAL	0	794	22	14	7	7
QUAL	0	795	46	34	12	4
QUAL	0	796	171	114	56	3
QUAL	0	797	49	28	21	3
QUAL	0	798	17	9	8	7
QUAL	0	799	6	1	5	11
QUAL	0	800	39	24	15	4
QUAL	0	801	46	27	19	1
QUAL	0	802	92	48	43	2
QUAL	0	803	12	7	5	1
QUAL	0	804	24	13	11	3
QUAL	0	805	37	20	16	1
QUAL	0	806	90	56	34	2
QUAL	0	807	20	9	11	2
QUAL	0	808	20	8	12	4
QUAL	0	809	25	15	10	11
QUAL	0	810	41	20	20	5
QUAL	0	811	58	29	28	3
QUAL	0	812	85	51	34	4
QUAL	0	813	14	8	6	3
QUAL	0	814	31	22	9	5
QUAL	0	815	71	49	21	3
QUAL	0	816	261	169	92	4
QUAL	0	817	27	14	11	3
QUAL	0	818	26	15	11	4
QUAL	0	819	33	21	11	2
QUAL	0	820	66	41	25	4
QUAL	0	821	167	89	78	5
QUAL	0	822	294	189	105	3
QUAL	0	823	12	8	4	3
QUAL	0	824	17	10	7	2
QUAL	0	825	26	13	12	5
QUAL	0	826	70	39	30	7
QUAL	0	827	26	10	16	6
QUAL	0	828	16	9	7	13
QUAL	0	829	23	9	14	0
QUAL	0	830	57	33	24	4
QUAL	0	831	128	76	52	5
QUAL	0	832	47	26	21	5
QUAL	0	833	19	12	7	4
QUAL	0	834	24	8	16	3
QUAL	0	835	36	26	10	1
QUAL	0	836	75	51	24	1
QUAL	0	837	67	46	21	7
QUAL	0	838	16	10	6	28
QUAL	0	839	20	13	6	4
QUAL	0	840	43	26	16	7
QUAL	0	841	83	46	36	6
QUAL	0	842	20	15	5	3
QUAL	0	843	21	8	12	7
QUAL	0	844	26	16	10	8
QUAL	0	845	40	21	18	3
QUAL	0	846	107	64	43	6
QUAL	0	847	89	51	38	1
QUAL	0	848	25	17	8	3
QUAL	0	849	28	13	15	0
QUAL	0	850	64	41	23	4
QUAL	0	851	159	94	65	2
QUAL	0	852	21	11	8	2
QUAL	0	853	32	17	15	3
QUAL	0	854	37	19	17	6
QUAL	0	855	76	47	28	3
QUAL	0	856	220	132	88	1
QUAL	0	857	218	126	92	3
QUAL	0	858	19	10	8	1
QUAL	0	859	18	9	9	0
QUAL	0	860	54	32	21	2
QUAL	0	861	39	22	16	6
QUAL	0	862	21	13	7	0
QUAL	0	863	20	11	9	2
QUAL	0	864	32	18	13	3
QUAL	0	865	44	31	13	2
QUAL	0	866	112	72	40	3
QUAL	0	867	26	14	12	3
QUAL	0	868	16	9	7	3
QUAL	0	869	25	18	7	5
QUAL	0	870	47	26	20	1
QUAL	0	871	91	53	38	5
QUAL	0	872	44	26	17	6
QUAL	0	873	14	9	5	12
QUAL	0	874	25	18	7	3
QUAL	0	875	45	31	13	4
QUAL	0	876	47	26	21	2
QUAL	0	877	13	3	10	5
QUAL	0	878	21	10	11	1
QUAL	0	879	37	24	13	1
QUAL	0	880	39	25	14	5
QUAL	0	881	111	62	49	1
QUAL	0	882	54	31	22	5
QUAL	0	883	21	15	3	18
QUAL	0	884	40	24	16	1
QUAL	0	885	62	38	23	1
QUAL	0	886	115	72	42	1
QUAL	0	887	16	5	10	2
QUAL	0	888	18	10	8	5
QUAL	0	889	56	32	24	6
QUAL	0	890	115	71	44	2
QUAL	0	891	298	184	114	1
QUAL	0	892	142	84	57	2
QUAL	0	893	17	6	11	4
QUAL	0	894	18	11	7	3
QUAL	0	895	39	24	15	5
QUAL	0	896	54	31	23	3
QUAL	0	897	14	6	6	4
QUAL	0	898	27	16	9	1
QUAL	0	899	49	27	21	6
QUAL	0	900	91	62	28	2
QUAL	0	901	123	80	43	2
QUAL	0	902	16	7	6	3
QUAL	0	903	22	17	5	2
QUAL	0	904	35	21	13	4
QUAL	0	905	52	37	15	2
QUAL	0	906	106	64	42	3
QUAL	0	907	21	13	8	3
QUAL	0	908	25	18	7	3
QUAL	0	909	29	12	17	2
QUAL	0	910	59	38	21	3
QUAL	0	911	31	16	15	4
QUAL	0	912	14	8	6	5
QUAL	0	913	18	16	2	4
QUAL	0	914	32	19	13	2
QUAL	0	915	72	43	29	2
QUAL	0	916	111	77	32	1
QUAL	0	917	37	17	20	3
QUAL	0	918	23	15	8	6
QUAL	0	919	27	16	11	1
QUAL	0	920	102	59	43	2
QUAL	0	921	31	19	12	5
QUAL	0	922	21	11	10	1
QUAL	0	923	40	24	16	3
QUAL	0	924	56	31	25	3
QUAL	0	925	125	67	58	1
QUAL	0	926	378	254	123	5
QUAL	0	927	65	42	23	3
QUAL	0	928	16	10	6	19
QUAL	0	929	17	10	7	0
QUAL	0	930	46	37	9	2
QUAL	0	931	25	18	7	1
QUAL	0	932	25	11	14	2
QUAL	0	933	24	10	13	2
QUAL	0	934	44	31	13	8
QUAL	0	935	100	63	37	3
QUAL	0	936	98	69	29	6
QUAL	0	937	42	22	20	1
QUAL	0	938	21	10	11	1
QUAL	0	939	32	13	19	0
QUAL	0	940	72	45	26	2
QUAL	0	941	83	49	34	1
QUAL	0	942	18	10	7	1
QUAL	0	943	22	9	12	3
QUAL	0	944	21	12	9	5
QUAL	0	945	56	35	19	2
QUAL	0	946	20	9	11	3
QUAL	0	947	16	11	5	2
QUAL	0	948	26	16	10	3
QUAL	0	949	47	28	19	2
QUAL	0	950	76	45	31	4
QUAL	0	951	110	75	35	3
QUAL	0	952	28	16	12	4
QUAL	0	953	30	13	15	2
QUAL	0	954	28	21	6	5
QUAL	0	955	89	52	37	3
QUAL	0	956	24	14	10	2
QUAL	0	957	20	12	8	1
QUAL	0	958	37	21	15	7
QUAL	0	959	63	46	17	2
QUAL	0	960	192	122	70	2
QUAL	0	961	347	213	133	2
QUAL	0	962	30	19	10	2
QUAL	0	963	16	10	6	1
QUAL	0	964	26	18	8	5
QUAL	0	965	35	20	15	1
QUAL	0	966	23	17	6	3
QUAL	0	967	22	11	10	0
QUAL	0	968	36	25	11	1
QUAL	0	969	56	31	25	2
QUAL	0	970	102	69	33	1
QUAL	0	971	80	51	29	3
QUAL	0	972	24	14	8	1
QUAL	0	973	20	10	10	14
QUAL	0	974	39	25	14	3
QUAL	0	975	87	59	28	3
QUAL	0	976	59	32	27	2
QUAL	0	977	15	7	8	1
QUAL	0	978	26	18	8	2
QUAL	0	979	27	19	8	7
QUAL	0	980	50	26	24	9
QUAL	0	981	24	16	8	5
QUAL	0	982	34	18	16	1
QUAL	0	983	31	16	15	2
QUAL	0	984	49	30	17	4
QUAL	0	985	104	70	34	1
QUAL	0	986	73	46	26	4
QUAL	0	987	20	11	9	2
QUAL	0	988	23	15	7	1
QUAL	0	989	31	15	15	12
QUAL	0	990	64	37	26	2
QUAL	0	991	27	18	9	2
QUAL	0	992	26	15	11	2
QUAL	0	993	52	34	18	4
QUAL	0	994	73	42	30	3
QUAL	0	995	227	144	83	3
QUAL	0	996	257	163	94	4
QUAL	0	997	14	7	7	0
QUAL	0	998	56666	33938	22091	6084
# IDD, InDel distribution:
# IDD	[2]id	[3]length (deletions negative)	[4]count
IDD	0	-60	78
IDD	0	-59	2
IDD	0	-58	2
IDD	0	-57	4
IDD	0	-56	1
IDD	0	-55	4
IDD	0	-54	1
IDD	0	-52	1
IDD	0	-51	1
IDD	0	-50	9
IDD	0	-49	1
IDD	0	-48	4
IDD	0	-47	1
IDD	0	-46	7
IDD	0	-45	7
IDD	0	-44	1
IDD	0	-43	1
IDD	0	-42	1
IDD	0	-41	4
IDD	0	-40	7
IDD	0	-39	1
IDD	0	-38	1
IDD	0	-37	3
IDD	0	-36	5
IDD	0	-35	8
IDD	0	-34	4
IDD	0	-33	2
IDD	0	-32	4
IDD	0	-31	3
IDD	0	-30	17
IDD	0	-29	10
IDD	0	-28	28
IDD	0	-27	5
IDD	0	-26	15
IDD	0	-25	32
IDD	0	-24	30
IDD	0	-23	9
IDD	0	-22	27
IDD	0	-21	15
IDD	0	-20	93
IDD	0	-19	24
IDD	0	-18	39
IDD	0	-17	21
IDD	0	-16	57
IDD	0	-15	214
IDD	0	-14	63
IDD	0	-13	47
IDD	0	-12	128
IDD	0	-11	62
IDD	0	-10	401
IDD	0	-9	55
IDD	0	-8	201
IDD	0	-7	77
IDD	0	-6	201
IDD	0	-5	691
IDD	0	-4	801
IDD	0	-3	604
IDD	0	-2	1133
IDD	0	-1	2726
IDD	0	1	2309
IDD	0	2	846
IDD	0	3	235
IDD	0	4	507
IDD	0	5	602
IDD	0	6	158
IDD	0	7	43
IDD	0	8	178
IDD	0	9	38
IDD	0	10	243
IDD	0	11	33
IDD	0	12	92
IDD	0	13	19
IDD	0	14	23
IDD	0	15	144
IDD	0	16	41
IDD	0	17	11
IDD	0	18	14
IDD	0	19	14
IDD	0	20	114
IDD	0	21	15
IDD	0	22	11
IDD	0	23	9
IDD	0	24	17
IDD	0	25	35
IDD	0	26	14
IDD	0	27	9
IDD	0	28	17
IDD	0	29	7
IDD	0	30	23
IDD	0	31	1
IDD	0	32	9
IDD	0	33	3
IDD	0	34	4
IDD	0	35	6
IDD	0	36	3
IDD	0	38	4
IDD	0	39	3
IDD	0	40	11
IDD	0	42	2
IDD	0	43	4
IDD	0	44	3
IDD	0	45	5
IDD	0	46	2
IDD	0	48	1
IDD	0	49	3
IDD	0	50	6
IDD	0	52	1
IDD	0	53	2
IDD	0	54	2
IDD	0	55	1
IDD	0	56	2
IDD	0	58	1
IDD	0	59	1
IDD	0	60	57
# ST, Substitution types:
# ST	[2]id	[3]type	[4]count
ST	0	A>C	6047
ST	0	A>G	17726
ST	0	A>T	6381
ST	0	C>A	9125
ST	0	C>G	7059
ST	0	C>T	25409
ST	0	G>A	25017
ST	0	G>C	7019
ST	0	G>T	9774
ST	0	T>A	6520
ST	0	T>C	17516
ST	0	T>G	6066
# DP, Depth distribution
# DP	[2]id	[3]bin	[4]number of genotypes	[5]fraction of genotypes (%)	[6]number of sites	[7]fraction of sites (%)
DP	0	2	0	0.000000	9	0.005912
DP	0	3	0	0.000000	3	0.001971
DP	0	4	0	0.000000	1	0.000657
DP	0	5	0	0.000000	2	0.001314
DP	0	6	0	0.000000	1	0.000657
DP	0	7	0	0.000000	1	0.000657
DP	0	9	0	0.000000	1	0.000657
DP	0	13	0	0.000000	1	0.000657
DP	0	17	0	0.000000	1	0.000657
DP	0	18	0	0.000000	1	0.000657
DP	0	24	0	0.000000	1	0.000657
DP	0	28	0	0.000000	2	0.001314
DP	0	50	0	0.000000	2	0.001314
DP	0	52	0	0.000000	1	0.000657
DP	0	54	0	0.000000	1	0.000657
DP	0	55	0	0.000000	1	0.000657
DP	0	63	0	0.000000	1	0.000657
DP	0	67	0	0.000000	2	0.001314
DP	0	70	0	0.000000	1	0.000657
DP	0	93	0	0.000000	1	0.000657
DP	0	136	0	0.000000	1	0.000657
DP	0	156	0	0.000000	1	0.000657
DP	0	190	0	0.000000	1	0.000657
DP	0	265	0	0.000000	1	0.000657
DP	0	288	0	0.000000	1	0.000657
DP	0	327	0	0.000000	1	0.000657
DP	0	337	0	0.000000	1	0.000657
DP	0	477	0	0.000000	1	0.000657
DP	0	>500	0	0.000000	152200	99.972412
