# This file was produced by bcftools stats (1.9+htslib-1.9) and can be plotted using plot-vcfstats.
# The command line was:	bcftools stats  /cromwell_root/fc-51aefb1c-4e8e-4dcb-a59c-62e318ea351a/a609674a-a76b-4fae-b93c-463e0d734479/subset_vcf_sample_list/26be2694-e83f-4247-acf9-a601d2adab5e/call-bgzip_bcftools_index/20201028_CCDG_14151_B01_GRM_WGS_2020-08-05_chrY.recalibrated_variants.pass.singleton.vcf.gz
#
# Definition of sets:
# ID	[2]id	[3]tab-separated file names
ID	0	/cromwell_root/fc-51aefb1c-4e8e-4dcb-a59c-62e318ea351a/a609674a-a76b-4fae-b93c-463e0d734479/subset_vcf_sample_list/26be2694-e83f-4247-acf9-a601d2adab5e/call-bgzip_bcftools_index/20201028_CCDG_14151_B01_GRM_WGS_2020-08-05_chrY.recalibrated_variants.pass.singleton.vcf.gz
# SN, Summary numbers:
#   number of records   .. number of data rows in the VCF
#   number of no-ALTs   .. reference-only sites, ALT is either "." or identical to REF
#   number of SNPs      .. number of rows with a SNP
#   number of MNPs      .. number of rows with a MNP, such as CC>TT
#   number of indels    .. number of rows with an indel
#   number of others    .. number of rows with other type, for example a symbolic allele or
#                          a complex substitution, such as ACT>TCGA
#   number of multiallelic sites     .. number of rows with multiple alternate alleles
#   number of multiallelic SNP sites .. number of rows with multiple alternate alleles, all SNPs
# 
#   Note that rows containing multiple types will be counted multiple times, in each
#   counter. For example, a row with a SNP and an indel increments both the SNP and
#   the indel counter.
# 
# SN	[2]id	[3]key	[4]value
SN	0	number of samples:	2598
SN	0	number of records:	152242
SN	0	number of no-ALTs:	0
SN	0	number of SNPs:	142594
SN	0	number of MNPs:	0
SN	0	number of indels:	10264
SN	0	number of others:	875
SN	0	number of multiallelic sites:	5308
SN	0	number of multiallelic SNP sites:	2358
# TSTV, transitions/transversions:
# TSTV	[2]id	[3]ts	[4]tv	[5]ts/tv	[6]ts (1st ALT)	[7]tv (1st ALT)	[8]ts/tv (1st ALT)
TSTV	0	85668	57991	1.48	84869	56901	1.49
# SiS, Singleton stats:
# SiS	[2]id	[3]allele count	[4]number of SNPs	[5]number of transitions	[6]number of transversions	[7]number of indels	[8]repeat-consistent	[9]repeat-inconsistent	[10]not applicable
SiS	0	1	88221	52571	35650	5401	0	0	5401
# AF, Stats by non-reference allele frequency:
# AF	[2]id	[3]allele frequency	[4]number of SNPs	[5]number of transitions	[6]number of transversions	[7]number of indels	[8]repeat-consistent	[9]repeat-inconsistent	[10]not applicable
AF	0	0.000000	89638	53292	36346	5528	0	0	5528
AF	0	0.001540	14879	9056	5823	1468	0	0	1468
AF	0	0.001925	216	102	114	23	0	0	23
AF	0	0.002309	9310	5702	3608	938	0	0	938
AF	0	0.002694	130	53	77	39	0	0	39
AF	0	0.003079	3406	2041	1365	527	0	0	527
AF	0	0.003464	19	12	7	28	0	0	28
AF	0	0.003849	2880	1752	1128	348	0	0	348
AF	0	0.004234	38	24	14	12	0	0	12
AF	0	0.004619	992	601	391	236	0	0	236
AF	0	0.005004	78	34	44	25	0	0	25
AF	0	0.005389	933	556	377	188	0	0	188
AF	0	0.005774	60	25	35	38	0	0	38
AF	0	0.006159	1376	856	520	209	0	0	209
AF	0	0.006543	28	12	16	19	0	0	19
AF	0	0.006928	1085	652	433	177	0	0	177
AF	0	0.007313	49	21	28	23	0	0	23
AF	0	0.007698	461	290	171	113	0	0	113
AF	0	0.008083	46	16	30	30	0	0	30
AF	0	0.008468	571	347	224	107	0	0	107
AF	0	0.008853	39	14	25	16	0	0	16
AF	0	0.009238	764	454	310	111	0	0	111
AF	0	0.009623	31	12	19	18	0	0	18
AF	0	0.010008	400	241	159	87	0	0	87
AF	0	0.010393	35	14	21	13	0	0	13
AF	0	0.010778	272	163	109	73	0	0	73
AF	0	0.011162	33	17	16	13	0	0	13
AF	0	0.011547	397	226	171	65	0	0	65
AF	0	0.011932	28	13	15	15	0	0	15
AF	0	0.012317	126	67	59	43	0	0	43
AF	0	0.012702	25	9	16	21	0	0	21
AF	0	0.013087	871	532	339	82	0	0	82
AF	0	0.013472	28	10	18	18	0	0	18
AF	0	0.013857	659	415	244	79	0	0	79
AF	0	0.014242	28	9	19	17	0	0	17
AF	0	0.014627	203	111	92	62	0	0	62
AF	0	0.015012	27	14	13	11	0	0	11
AF	0	0.015396	973	607	366	97	0	0	97
AF	0	0.015781	31	11	20	18	0	0	18
AF	0	0.016166	412	246	166	69	0	0	69
AF	0	0.016551	31	16	15	11	0	0	11
AF	0	0.016936	934	583	351	81	0	0	81
AF	0	0.017321	29	10	19	15	0	0	15
AF	0	0.017706	233	134	99	53	0	0	53
AF	0	0.018091	18	6	12	16	0	0	16
AF	0	0.018476	82	43	39	32	0	0	32
AF	0	0.018861	15	6	9	15	0	0	15
AF	0	0.019246	68	41	27	24	0	0	24
AF	0	0.019630	18	9	9	12	0	0	12
AF	0	0.020015	110	62	48	31	0	0	31
AF	0	0.020400	20	8	12	15	0	0	15
AF	0	0.020785	380	231	149	41	0	0	41
AF	0	0.021170	18	10	8	12	0	0	12
AF	0	0.021555	41	18	23	28	0	0	28
AF	0	0.021940	16	5	11	10	0	0	10
AF	0	0.022325	34	15	19	27	0	0	27
AF	0	0.022710	12	8	4	11	0	0	11
AF	0	0.023095	273	180	93	43	0	0	43
AF	0	0.023480	14	7	7	7	0	0	7
AF	0	0.023865	46	22	24	21	0	0	21
AF	0	0.024249	11	2	9	13	0	0	13
AF	0	0.024634	459	270	189	56	0	0	56
AF	0	0.025019	18	7	11	9	0	0	9
AF	0	0.025404	192	112	80	27	0	0	27
AF	0	0.025789	15	8	7	11	0	0	11
AF	0	0.026174	603	407	196	48	0	0	48
AF	0	0.026559	17	8	9	10	0	0	10
AF	0	0.026944	94	59	35	24	0	0	24
AF	0	0.027329	37	21	16	10	0	0	10
AF	0	0.027714	58	35	23	24	0	0	24
AF	0	0.028099	14	5	9	13	0	0	13
AF	0	0.028483	380	232	148	27	0	0	27
AF	0	0.028868	76	48	28	23	0	0	23
AF	0	0.029253	23	11	12	24	0	0	24
AF	0	0.029638	21	7	14	7	0	0	7
AF	0	0.030023	22	12	10	11	0	0	11
AF	0	0.030408	10	5	5	12	0	0	12
AF	0	0.030793	91	59	32	14	0	0	14
AF	0	0.031178	31	23	8	12	0	0	12
AF	0	0.031563	41	23	18	9	0	0	9
AF	0	0.031948	15	9	6	8	0	0	8
AF	0	0.032333	119	69	50	21	0	0	21
AF	0	0.032717	30	16	14	14	0	0	14
AF	0	0.033102	17	8	9	15	0	0	15
AF	0	0.033487	10	4	6	7	0	0	7
AF	0	0.033872	16	8	8	8	0	0	8
AF	0	0.034257	10	4	6	11	0	0	11
AF	0	0.034642	68	39	29	13	0	0	13
AF	0	0.035027	21	12	9	12	0	0	12
AF	0	0.035412	15	3	12	7	0	0	7
AF	0	0.035797	10	3	7	13	0	0	13
AF	0	0.036182	131	80	51	9	0	0	9
AF	0	0.036567	49	26	23	18	0	0	18
AF	0	0.036952	21	14	7	9	0	0	9
AF	0	0.037336	329	205	124	28	0	0	28
AF	0	0.037721	10	3	7	10	0	0	10
AF	0	0.038106	28	14	14	10	0	0	10
AF	0	0.038491	11	4	7	5	0	0	5
AF	0	0.038876	31	15	16	15	0	0	15
AF	0	0.039261	7	3	4	6	0	0	6
AF	0	0.039646	18	13	5	9	0	0	9
AF	0	0.040031	4	1	3	10	0	0	10
AF	0	0.040416	212	141	71	31	0	0	31
AF	0	0.040801	8	5	3	2	0	0	2
AF	0	0.041186	20	13	7	6	0	0	6
AF	0	0.041570	7	3	4	8	0	0	8
AF	0	0.041955	179	103	76	17	0	0	17
AF	0	0.042340	8	3	5	8	0	0	8
AF	0	0.042725	53	29	24	12	0	0	12
AF	0	0.043110	3	1	2	2	0	0	2
AF	0	0.043495	13	5	8	12	0	0	12
AF	0	0.043880	3	2	1	9	0	0	9
AF	0	0.044265	10	4	6	9	0	0	9
AF	0	0.044650	4	3	1	4	0	0	4
AF	0	0.045035	62	42	20	11	0	0	11
AF	0	0.045420	1	1	0	6	0	0	6
AF	0	0.045804	13	9	4	16	0	0	16
AF	0	0.046189	3	0	3	5	0	0	5
AF	0	0.046574	11	7	4	3	0	0	3
AF	0	0.046959	5	2	3	6	0	0	6
AF	0	0.047344	5	4	1	11	0	0	11
AF	0	0.047729	6	3	3	3	0	0	3
AF	0	0.048114	40	25	15	10	0	0	10
AF	0	0.048499	5	5	0	5	0	0	5
AF	0	0.048884	9	6	3	5	0	0	5
AF	0	0.049269	4	3	1	4	0	0	4
AF	0	0.049654	5	2	3	8	0	0	8
AF	0	0.050038	4	2	2	6	0	0	6
AF	0	0.050423	13	7	6	5	0	0	5
AF	0	0.050808	8	5	3	4	0	0	4
AF	0	0.051193	48	21	27	9	0	0	9
AF	0	0.051578	2	2	0	9	0	0	9
AF	0	0.051963	10	4	6	5	0	0	5
AF	0	0.052348	3	0	3	7	0	0	7
AF	0	0.052733	6	3	3	6	0	0	6
AF	0	0.053118	3	2	1	0	0	0	0
AF	0	0.053503	8	3	5	7	0	0	7
AF	0	0.053888	3	0	3	1	0	0	1
AF	0	0.054273	9	3	6	2	0	0	2
AF	0	0.054657	4	3	1	7	0	0	7
AF	0	0.055042	11	4	7	4	0	0	4
AF	0	0.055427	5	2	3	2	0	0	2
AF	0	0.055812	12	5	7	6	0	0	6
AF	0	0.056197	4	2	2	1	0	0	1
AF	0	0.056582	5	1	4	9	0	0	9
AF	0	0.056967	2	2	0	4	0	0	4
AF	0	0.057352	3	1	2	4	0	0	4
AF	0	0.057737	25	13	12	9	0	0	9
AF	0	0.058122	8	5	3	4	0	0	4
AF	0	0.058507	4	2	2	1	0	0	1
AF	0	0.058891	39	24	15	10	0	0	10
AF	0	0.059276	10	7	3	5	0	0	5
AF	0	0.059661	129	78	51	12	0	0	12
AF	0	0.060046	8	5	3	2	0	0	2
AF	0	0.060431	18	11	7	8	0	0	8
AF	0	0.060816	2	1	1	5	0	0	5
AF	0	0.061201	5	4	1	7	0	0	7
AF	0	0.061586	4	3	1	7	0	0	7
AF	0	0.061971	6	3	3	2	0	0	2
AF	0	0.062356	4	2	2	7	0	0	7
AF	0	0.062741	8	4	4	7	0	0	7
AF	0	0.063125	4	2	2	1	0	0	1
AF	0	0.063510	10	2	8	4	0	0	4
AF	0	0.063895	1	1	0	1	0	0	1
AF	0	0.064280	3	3	0	3	0	0	3
AF	0	0.064665	4	1	3	3	0	0	3
AF	0	0.065050	5	5	0	7	0	0	7
AF	0	0.065435	4	2	2	2	0	0	2
AF	0	0.065820	5	2	3	3	0	0	3
AF	0	0.066205	8	4	4	2	0	0	2
AF	0	0.066590	7	4	3	3	0	0	3
AF	0	0.066975	38	21	17	4	0	0	4
AF	0	0.067360	187	115	72	13	0	0	13
AF	0	0.067744	13	5	8	4	0	0	4
AF	0	0.068129	39	17	22	7	0	0	7
AF	0	0.068514	13	5	8	5	0	0	5
AF	0	0.068899	11	6	5	2	0	0	2
AF	0	0.069284	5	4	1	1	0	0	1
AF	0	0.069669	6	4	2	3	0	0	3
AF	0	0.070054	5	2	3	6	0	0	6
AF	0	0.070439	11	5	6	9	0	0	9
AF	0	0.070824	9	6	3	2	0	0	2
AF	0	0.071209	4	3	1	3	0	0	3
AF	0	0.071594	6	2	4	6	0	0	6
AF	0	0.071978	2	2	0	3	0	0	3
AF	0	0.072363	3	1	2	4	0	0	4
AF	0	0.072748	17	9	8	2	0	0	2
AF	0	0.073133	15	8	7	0	0	0	0
AF	0	0.073518	2	2	0	4	0	0	4
AF	0	0.073903	4	4	0	2	0	0	2
AF	0	0.074288	6	3	3	1	0	0	1
AF	0	0.074673	12	9	3	6	0	0	6
AF	0	0.075058	7	5	2	1	0	0	1
AF	0	0.075443	6	3	3	4	0	0	4
AF	0	0.075828	2	1	1	5	0	0	5
AF	0	0.076212	6	2	4	4	0	0	4
AF	0	0.076597	1	0	1	2	0	0	2
AF	0	0.076982	2	1	1	8	0	0	8
AF	0	0.077367	6	4	2	7	0	0	7
AF	0	0.077752	8	2	6	6	0	0	6
AF	0	0.078137	3	1	2	0	0	0	0
AF	0	0.078522	1	0	1	1	0	0	1
AF	0	0.078907	1	0	1	4	0	0	4
AF	0	0.079292	15	7	8	1	0	0	1
AF	0	0.079677	3	2	1	3	0	0	3
AF	0	0.080062	5	1	4	5	0	0	5
AF	0	0.080446	2	1	1	2	0	0	2
AF	0	0.080831	23	13	10	2	0	0	2
AF	0	0.081216	3	2	1	6	0	0	6
AF	0	0.081601	5	3	2	4	0	0	4
AF	0	0.081986	5	1	4	2	0	0	2
AF	0	0.082371	2	2	0	1	0	0	1
AF	0	0.082756	5	3	2	3	0	0	3
AF	0	0.083141	10	3	7	4	0	0	4
AF	0	0.083526	6	3	3	1	0	0	1
AF	0	0.083911	4	3	1	6	0	0	6
AF	0	0.084296	3	1	2	4	0	0	4
AF	0	0.084681	17	7	10	1	0	0	1
AF	0	0.085065	2	2	0	3	0	0	3
AF	0	0.085450	28	15	13	5	0	0	5
AF	0	0.085835	1	1	0	1	0	0	1
AF	0	0.086220	52	31	21	5	0	0	5
AF	0	0.086605	17	11	6	2	0	0	2
AF	0	0.086990	4	2	2	5	0	0	5
AF	0	0.087375	4	1	3	3	0	0	3
AF	0	0.087760	34	22	12	3	0	0	3
AF	0	0.088145	9	6	3	4	0	0	4
AF	0	0.088530	4	3	1	5	0	0	5
AF	0	0.088915	4	1	3	2	0	0	2
AF	0	0.089299	6	1	5	3	0	0	3
AF	0	0.089684	1	1	0	2	0	0	2
AF	0	0.090069	3	2	1	1	0	0	1
AF	0	0.090454	2	2	0	1	0	0	1
AF	0	0.090839	7	4	3	2	0	0	2
AF	0	0.091224	4	3	1	2	0	0	2
AF	0	0.091609	5	1	4	5	0	0	5
AF	0	0.091994	2	2	0	3	0	0	3
AF	0	0.092379	4	3	1	3	0	0	3
AF	0	0.092764	0	0	0	1	0	0	1
AF	0	0.093149	4	2	2	5	0	0	5
AF	0	0.093533	4	1	3	2	0	0	2
AF	0	0.093918	5	4	1	2	0	0	2
AF	0	0.094303	2	0	2	1	0	0	1
AF	0	0.094688	1	0	1	5	0	0	5
AF	0	0.095073	5	4	1	1	0	0	1
AF	0	0.095458	1	1	0	2	0	0	2
AF	0	0.095843	2	0	2	0	0	0	0
AF	0	0.096228	4	1	3	3	0	0	3
AF	0	0.096613	1	0	1	2	0	0	2
AF	0	0.096998	4	2	2	4	0	0	4
AF	0	0.097383	3	2	1	2	0	0	2
AF	0	0.097768	11	7	4	2	0	0	2
AF	0	0.098152	13	12	1	2	0	0	2
AF	0	0.098537	7	5	2	3	0	0	3
AF	0	0.098922	3	1	2	4	0	0	4
AF	0	0.099307	3	2	1	1	0	0	1
AF	0	0.099692	4	2	2	5	0	0	5
AF	0	0.100077	65	40	25	4	0	0	4
AF	0	0.100462	5	2	3	4	0	0	4
AF	0	0.100847	3	1	2	4	0	0	4
AF	0	0.101232	2	2	0	0	0	0	0
AF	0	0.101617	2	1	1	0	0	0	0
AF	0	0.102002	4	2	2	2	0	0	2
AF	0	0.102386	6	6	0	2	0	0	2
AF	0	0.102771	3	1	2	1	0	0	1
AF	0	0.103156	3	1	2	3	0	0	3
AF	0	0.103541	0	0	0	2	0	0	2
AF	0	0.103926	1	1	0	2	0	0	2
AF	0	0.104311	2	0	2	4	0	0	4
AF	0	0.104696	1	0	1	2	0	0	2
AF	0	0.105081	3	2	1	1	0	0	1
AF	0	0.105466	1	0	1	2	0	0	2
AF	0	0.105851	5	2	3	3	0	0	3
AF	0	0.106236	3	0	3	1	0	0	1
AF	0	0.106620	0	0	0	2	0	0	2
AF	0	0.107005	4	3	1	1	0	0	1
AF	0	0.107390	0	0	0	2	0	0	2
AF	0	0.107775	3	0	3	1	0	0	1
AF	0	0.108160	0	0	0	1	0	0	1
AF	0	0.108545	4	2	2	3	0	0	3
AF	0	0.108930	0	0	0	2	0	0	2
AF	0	0.109315	4	1	3	4	0	0	4
AF	0	0.109700	2	0	2	2	0	0	2
AF	0	0.110085	2	1	1	2	0	0	2
AF	0	0.110470	1	0	1	3	0	0	3
AF	0	0.110855	2	2	0	2	0	0	2
AF	0	0.111239	0	0	0	3	0	0	3
AF	0	0.112009	4	3	1	2	0	0	2
AF	0	0.112394	1	0	1	1	0	0	1
AF	0	0.112779	4	1	3	2	0	0	2
AF	0	0.113164	3	1	2	1	0	0	1
AF	0	0.113549	0	0	0	3	0	0	3
AF	0	0.113934	2	0	2	3	0	0	3
AF	0	0.114319	1	1	0	3	0	0	3
AF	0	0.114704	0	0	0	2	0	0	2
AF	0	0.115089	1	0	1	4	0	0	4
AF	0	0.115473	0	0	0	3	0	0	3
AF	0	0.115858	4	1	3	3	0	0	3
AF	0	0.116243	1	1	0	1	0	0	1
AF	0	0.116628	1	1	0	2	0	0	2
AF	0	0.117013	2	2	0	0	0	0	0
AF	0	0.117398	3	2	1	3	0	0	3
AF	0	0.117783	1	0	1	1	0	0	1
AF	0	0.118168	1	1	0	5	0	0	5
AF	0	0.118553	2	2	0	1	0	0	1
AF	0	0.118938	2	1	1	2	0	0	2
AF	0	0.119323	2	2	0	1	0	0	1
AF	0	0.119707	3	2	1	2	0	0	2
AF	0	0.120092	1	0	1	2	0	0	2
AF	0	0.120477	3	1	2	3	0	0	3
AF	0	0.120862	3	1	2	2	0	0	2
AF	0	0.121247	3	0	3	1	0	0	1
AF	0	0.121632	0	0	0	1	0	0	1
AF	0	0.122017	1	1	0	2	0	0	2
AF	0	0.122402	2	2	0	3	0	0	3
AF	0	0.122787	2	0	2	1	0	0	1
AF	0	0.123172	2	0	2	1	0	0	1
AF	0	0.123557	2	2	0	2	0	0	2
AF	0	0.123941	2	1	1	0	0	0	0
AF	0	0.124326	0	0	0	3	0	0	3
AF	0	0.124711	4	3	1	1	0	0	1
AF	0	0.125096	5	2	3	2	0	0	2
AF	0	0.125481	2	2	0	4	0	0	4
AF	0	0.125866	2	1	1	1	0	0	1
AF	0	0.126251	3	0	3	2	0	0	2
AF	0	0.126636	1	0	1	2	0	0	2
AF	0	0.127021	4	3	1	1	0	0	1
AF	0	0.127406	4	1	3	3	0	0	3
AF	0	0.127791	2	2	0	2	0	0	2
AF	0	0.128176	8	3	5	2	0	0	2
AF	0	0.128560	4	1	3	2	0	0	2
AF	0	0.128945	1	1	0	3	0	0	3
AF	0	0.129330	4	2	2	2	0	0	2
AF	0	0.129715	2	0	2	1	0	0	1
AF	0	0.130100	0	0	0	2	0	0	2
AF	0	0.130485	4	3	1	2	0	0	2
AF	0	0.130870	2	2	0	0	0	0	0
AF	0	0.131255	1	0	1	1	0	0	1
AF	0	0.131640	2	2	0	1	0	0	1
AF	0	0.132025	1	1	0	2	0	0	2
AF	0	0.132410	2	0	2	3	0	0	3
AF	0	0.132794	0	0	0	2	0	0	2
AF	0	0.133179	1	0	1	2	0	0	2
AF	0	0.133564	3	2	1	3	0	0	3
AF	0	0.133949	2	0	2	1	0	0	1
AF	0	0.134334	2	0	2	2	0	0	2
AF	0	0.134719	0	0	0	3	0	0	3
AF	0	0.135104	2	1	1	1	0	0	1
AF	0	0.135489	2	2	0	1	0	0	1
AF	0	0.135874	1	0	1	1	0	0	1
AF	0	0.136259	4	2	2	2	0	0	2
AF	0	0.136644	1	1	0	0	0	0	0
AF	0	0.137028	1	1	0	0	0	0	0
AF	0	0.137413	0	0	0	2	0	0	2
AF	0	0.137798	4	1	3	3	0	0	3
AF	0	0.138183	2	0	2	0	0	0	0
AF	0	0.138568	2	1	1	2	0	0	2
AF	0	0.138953	3	2	1	4	0	0	4
AF	0	0.139723	2	1	1	1	0	0	1
AF	0	0.140108	2	1	1	2	0	0	2
AF	0	0.140493	1	1	0	1	0	0	1
AF	0	0.140878	0	0	0	3	0	0	3
AF	0	0.141263	0	0	0	3	0	0	3
AF	0	0.141647	2	1	1	1	0	0	1
AF	0	0.142032	0	0	0	3	0	0	3
AF	0	0.142417	1	1	0	2	0	0	2
AF	0	0.142802	0	0	0	1	0	0	1
AF	0	0.143187	0	0	0	1	0	0	1
AF	0	0.143572	3	3	0	1	0	0	1
AF	0	0.143957	3	3	0	0	0	0	0
AF	0	0.144342	3	1	2	2	0	0	2
AF	0	0.144727	0	0	0	1	0	0	1
AF	0	0.145112	4	3	1	1	0	0	1
AF	0	0.145497	3	3	0	0	0	0	0
AF	0	0.145881	4	3	1	2	0	0	2
AF	0	0.146266	2	2	0	2	0	0	2
AF	0	0.146651	4	3	1	1	0	0	1
AF	0	0.147036	0	0	0	3	0	0	3
AF	0	0.147421	2	2	0	4	0	0	4
AF	0	0.147806	2	1	1	3	0	0	3
AF	0	0.148191	0	0	0	4	0	0	4
AF	0	0.148576	1	1	0	2	0	0	2
AF	0	0.148961	1	0	1	0	0	0	0
AF	0	0.149346	1	1	0	2	0	0	2
AF	0	0.149731	1	1	0	1	0	0	1
AF	0	0.150115	1	0	1	0	0	0	0
AF	0	0.150500	1	1	0	2	0	0	2
AF	0	0.150885	1	0	1	1	0	0	1
AF	0	0.151270	1	0	1	3	0	0	3
AF	0	0.151655	2	0	2	2	0	0	2
AF	0	0.152040	2	0	2	1	0	0	1
AF	0	0.152425	1	1	0	1	0	0	1
AF	0	0.152810	0	0	0	1	0	0	1
AF	0	0.153195	1	1	0	0	0	0	0
AF	0	0.153580	1	0	1	0	0	0	0
AF	0	0.153965	0	0	0	2	0	0	2
AF	0	0.154349	2	1	1	1	0	0	1
AF	0	0.154734	5	2	3	1	0	0	1
AF	0	0.155119	2	1	1	1	0	0	1
AF	0	0.155504	1	1	0	1	0	0	1
AF	0	0.155889	2	1	1	2	0	0	2
AF	0	0.156274	3	1	2	2	0	0	2
AF	0	0.157429	2	2	0	1	0	0	1
AF	0	0.157814	0	0	0	1	0	0	1
AF	0	0.158199	2	1	1	1	0	0	1
AF	0	0.158584	3	2	1	0	0	0	0
AF	0	0.158968	2	0	2	4	0	0	4
AF	0	0.159353	3	3	0	1	0	0	1
AF	0	0.159738	1	0	1	3	0	0	3
AF	0	0.160123	5	3	2	4	0	0	4
AF	0	0.160508	1	1	0	3	0	0	3
AF	0	0.160893	80	52	28	5	0	0	5
AF	0	0.161278	11	8	3	1	0	0	1
AF	0	0.161663	5	3	2	0	0	0	0
AF	0	0.162048	3	2	1	1	0	0	1
AF	0	0.162433	4	3	1	0	0	0	0
AF	0	0.162818	1	1	0	1	0	0	1
AF	0	0.163202	1	0	1	1	0	0	1
AF	0	0.163587	1	1	0	3	0	0	3
AF	0	0.163972	4	2	2	2	0	0	2
AF	0	0.164357	3	1	2	1	0	0	1
AF	0	0.164742	2	2	0	1	0	0	1
AF	0	0.165127	2	1	1	1	0	0	1
AF	0	0.165512	1	1	0	0	0	0	0
AF	0	0.165897	1	1	0	1	0	0	1
AF	0	0.166282	0	0	0	1	0	0	1
AF	0	0.166667	1	0	1	0	0	0	0
AF	0	0.167052	2	1	1	0	0	0	0
AF	0	0.167436	2	1	1	0	0	0	0
AF	0	0.167821	3	1	2	6	0	0	6
AF	0	0.168206	2	0	2	2	0	0	2
AF	0	0.168591	2	2	0	0	0	0	0
AF	0	0.168976	2	1	1	2	0	0	2
AF	0	0.169361	3	2	1	4	0	0	4
AF	0	0.169746	1	1	0	3	0	0	3
AF	0	0.170131	1	0	1	2	0	0	2
AF	0	0.170516	2	0	2	2	0	0	2
AF	0	0.170901	0	0	0	5	0	0	5
AF	0	0.171286	1	0	1	3	0	0	3
AF	0	0.171671	1	1	0	1	0	0	1
AF	0	0.172055	0	0	0	3	0	0	3
AF	0	0.172825	2	2	0	0	0	0	0
AF	0	0.173210	2	2	0	2	0	0	2
AF	0	0.173595	2	1	1	1	0	0	1
AF	0	0.173980	0	0	0	1	0	0	1
AF	0	0.174365	2	0	2	2	0	0	2
AF	0	0.175135	0	0	0	1	0	0	1
AF	0	0.175520	3	2	1	2	0	0	2
AF	0	0.175905	2	0	2	0	0	0	0
AF	0	0.176289	0	0	0	3	0	0	3
AF	0	0.176674	0	0	0	3	0	0	3
AF	0	0.177059	1	0	1	3	0	0	3
AF	0	0.177444	1	1	0	1	0	0	1
AF	0	0.177829	1	0	1	1	0	0	1
AF	0	0.178214	1	0	1	2	0	0	2
AF	0	0.178599	1	1	0	1	0	0	1
AF	0	0.178984	1	1	0	2	0	0	2
AF	0	0.179369	5	2	3	2	0	0	2
AF	0	0.179754	3	0	3	1	0	0	1
AF	0	0.180139	3	2	1	1	0	0	1
AF	0	0.180523	2	1	1	0	0	0	0
AF	0	0.180908	1	0	1	2	0	0	2
AF	0	0.181293	2	2	0	2	0	0	2
AF	0	0.181678	5	1	4	2	0	0	2
AF	0	0.182063	2	1	1	0	0	0	0
AF	0	0.182448	1	0	1	1	0	0	1
AF	0	0.182833	2	0	2	2	0	0	2
AF	0	0.183218	1	0	1	1	0	0	1
AF	0	0.183988	0	0	0	3	0	0	3
AF	0	0.184373	3	1	2	0	0	0	0
AF	0	0.184758	1	1	0	1	0	0	1
AF	0	0.185142	6	3	3	3	0	0	3
AF	0	0.185527	3	2	1	2	0	0	2
AF	0	0.185912	60	43	17	5	0	0	5
AF	0	0.186297	13	9	4	0	0	0	0
AF	0	0.186682	8	7	1	3	0	0	3
AF	0	0.187067	3	1	2	0	0	0	0
AF	0	0.187452	4	3	1	1	0	0	1
AF	0	0.187837	5	3	2	1	0	0	1
AF	0	0.188607	1	1	0	2	0	0	2
AF	0	0.189376	2	2	0	0	0	0	0
AF	0	0.189761	0	0	0	3	0	0	3
AF	0	0.190146	1	0	1	1	0	0	1
AF	0	0.190531	0	0	0	1	0	0	1
AF	0	0.191301	1	0	1	2	0	0	2
AF	0	0.191686	0	0	0	1	0	0	1
AF	0	0.192071	0	0	0	2	0	0	2
AF	0	0.192456	0	0	0	1	0	0	1
AF	0	0.192841	0	0	0	2	0	0	2
AF	0	0.193226	2	0	2	1	0	0	1
AF	0	0.193610	3	1	2	1	0	0	1
AF	0	0.194380	2	1	1	0	0	0	0
AF	0	0.194765	0	0	0	1	0	0	1
AF	0	0.195150	3	2	1	0	0	0	0
AF	0	0.195535	2	1	1	2	0	0	2
AF	0	0.196305	0	0	0	2	0	0	2
AF	0	0.196690	2	1	1	1	0	0	1
AF	0	0.197075	2	1	1	1	0	0	1
AF	0	0.197460	2	1	1	1	0	0	1
AF	0	0.197844	1	1	0	2	0	0	2
AF	0	0.198229	0	0	0	1	0	0	1
AF	0	0.198614	2	1	1	1	0	0	1
AF	0	0.198999	1	0	1	2	0	0	2
AF	0	0.199384	2	1	1	0	0	0	0
AF	0	0.199769	3	0	3	2	0	0	2
AF	0	0.200154	1	1	0	1	0	0	1
AF	0	0.200539	2	2	0	1	0	0	1
AF	0	0.200924	0	0	0	1	0	0	1
AF	0	0.201309	4	3	1	0	0	0	0
AF	0	0.201694	1	0	1	2	0	0	2
AF	0	0.202079	2	0	2	1	0	0	1
AF	0	0.202463	2	2	0	0	0	0	0
AF	0	0.202848	4	4	0	1	0	0	1
AF	0	0.203233	1	1	0	1	0	0	1
AF	0	0.203618	9	7	2	1	0	0	1
AF	0	0.204003	3	2	1	0	0	0	0
AF	0	0.204388	68	44	24	1	0	0	1
AF	0	0.204773	4	3	1	1	0	0	1
AF	0	0.205158	16	12	4	2	0	0	2
AF	0	0.205543	2	1	1	0	0	0	0
AF	0	0.205928	4	0	4	1	0	0	1
AF	0	0.206313	4	4	0	2	0	0	2
AF	0	0.206697	2	2	0	1	0	0	1
AF	0	0.207082	3	0	3	0	0	0	0
AF	0	0.207467	5	3	2	3	0	0	3
AF	0	0.207852	2	2	0	1	0	0	1
AF	0	0.208237	2	1	1	1	0	0	1
AF	0	0.208622	0	0	0	1	0	0	1
AF	0	0.209007	1	1	0	1	0	0	1
AF	0	0.209392	0	0	0	3	0	0	3
AF	0	0.209777	0	0	0	1	0	0	1
AF	0	0.210162	3	2	1	1	0	0	1
AF	0	0.210547	2	1	1	1	0	0	1
AF	0	0.210931	3	1	2	2	0	0	2
AF	0	0.211316	2	1	1	0	0	0	0
AF	0	0.211701	2	0	2	0	0	0	0
AF	0	0.212086	2	2	0	1	0	0	1
AF	0	0.212471	1	0	1	2	0	0	2
AF	0	0.212856	5	3	2	2	0	0	2
AF	0	0.213241	6	4	2	0	0	0	0
AF	0	0.213626	4	3	1	2	0	0	2
AF	0	0.214011	11	6	5	2	0	0	2
AF	0	0.214396	260	159	101	5	0	0	5
AF	0	0.214781	14	10	4	2	0	0	2
AF	0	0.215166	56	40	16	1	0	0	1
AF	0	0.215550	5	5	0	1	0	0	1
AF	0	0.215935	6	4	2	3	0	0	3
AF	0	0.216320	5	4	1	1	0	0	1
AF	0	0.216705	2	2	0	1	0	0	1
AF	0	0.217090	1	1	0	1	0	0	1
AF	0	0.217475	2	1	1	1	0	0	1
AF	0	0.217860	6	4	2	0	0	0	0
AF	0	0.218245	1	0	1	3	0	0	3
AF	0	0.218630	3	2	1	3	0	0	3
AF	0	0.219015	2	2	0	1	0	0	1
AF	0	0.219400	1	0	1	0	0	0	0
AF	0	0.219784	3	1	2	2	0	0	2
AF	0	0.220169	1	1	0	0	0	0	0
AF	0	0.220554	1	1	0	2	0	0	2
AF	0	0.220939	3	2	1	1	0	0	1
AF	0	0.221324	3	1	2	2	0	0	2
AF	0	0.221709	1	1	0	0	0	0	0
AF	0	0.222094	4	0	4	2	0	0	2
AF	0	0.222479	2	1	1	1	0	0	1
AF	0	0.222864	1	0	1	3	0	0	3
AF	0	0.223249	1	0	1	0	0	0	0
AF	0	0.223634	1	0	1	0	0	0	0
AF	0	0.224018	2	2	0	1	0	0	1
AF	0	0.224403	1	1	0	1	0	0	1
AF	0	0.224788	6	2	4	1	0	0	1
AF	0	0.225173	2	1	1	0	0	0	0
AF	0	0.225558	2	1	1	1	0	0	1
AF	0	0.225943	1	0	1	1	0	0	1
AF	0	0.226328	3	2	1	1	0	0	1
AF	0	0.227098	1	1	0	0	0	0	0
AF	0	0.227483	0	0	0	1	0	0	1
AF	0	0.227868	2	1	1	0	0	0	0
AF	0	0.228253	1	0	1	0	0	0	0
AF	0	0.228637	3	2	1	2	0	0	2
AF	0	0.229022	2	0	2	0	0	0	0
AF	0	0.229407	1	0	1	1	0	0	1
AF	0	0.229792	1	1	0	0	0	0	0
AF	0	0.230177	0	0	0	1	0	0	1
AF	0	0.230562	1	1	0	2	0	0	2
AF	0	0.230947	1	0	1	3	0	0	3
AF	0	0.231332	1	1	0	0	0	0	0
AF	0	0.231717	2	2	0	1	0	0	1
AF	0	0.232102	2	2	0	1	0	0	1
AF	0	0.232487	1	0	1	1	0	0	1
AF	0	0.232871	2	1	1	1	0	0	1
AF	0	0.233256	4	2	2	0	0	0	0
AF	0	0.233641	2	1	1	0	0	0	0
AF	0	0.234026	4	2	2	1	0	0	1
AF	0	0.234411	3	3	0	1	0	0	1
AF	0	0.234796	2	2	0	0	0	0	0
AF	0	0.235181	1	1	0	1	0	0	1
AF	0	0.235566	2	0	2	0	0	0	0
AF	0	0.236336	0	0	0	1	0	0	1
AF	0	0.236721	1	1	0	0	0	0	0
AF	0	0.237105	2	1	1	2	0	0	2
AF	0	0.237490	0	0	0	1	0	0	1
AF	0	0.237875	0	0	0	1	0	0	1
AF	0	0.238260	0	0	0	2	0	0	2
AF	0	0.238645	1	1	0	1	0	0	1
AF	0	0.239030	5	4	1	0	0	0	0
AF	0	0.239415	1	0	1	1	0	0	1
AF	0	0.239800	1	0	1	0	0	0	0
AF	0	0.240185	5	1	4	0	0	0	0
AF	0	0.240570	2	1	1	0	0	0	0
AF	0	0.240955	2	1	1	0	0	0	0
AF	0	0.241339	3	2	1	0	0	0	0
AF	0	0.241724	3	0	3	1	0	0	1
AF	0	0.242109	2	2	0	2	0	0	2
AF	0	0.242494	2	2	0	2	0	0	2
AF	0	0.242879	6	5	1	3	0	0	3
AF	0	0.243264	90	57	33	0	0	0	0
AF	0	0.243649	11	3	8	0	0	0	0
AF	0	0.244034	23	13	10	1	0	0	1
AF	0	0.244419	1	1	0	0	0	0	0
AF	0	0.244804	2	1	1	1	0	0	1
AF	0	0.245189	1	1	0	0	0	0	0
AF	0	0.245574	2	2	0	2	0	0	2
AF	0	0.245958	1	1	0	1	0	0	1
AF	0	0.246343	2	1	1	0	0	0	0
AF	0	0.246728	3	2	1	0	0	0	0
AF	0	0.247113	1	1	0	0	0	0	0
AF	0	0.247498	2	1	1	0	0	0	0
AF	0	0.247883	5	3	2	1	0	0	1
AF	0	0.248268	1	1	0	0	0	0	0
AF	0	0.248653	5	2	3	0	0	0	0
AF	0	0.249038	4	3	1	1	0	0	1
AF	0	0.249423	4	2	2	1	0	0	1
AF	0	0.249808	2	1	1	4	0	0	4
AF	0	0.250192	3	3	0	2	0	0	2
AF	0	0.250577	1	0	1	0	0	0	0
AF	0	0.250962	1	1	0	1	0	0	1
AF	0	0.251347	1	1	0	1	0	0	1
AF	0	0.251732	2	0	2	2	0	0	2
AF	0	0.252117	1	1	0	1	0	0	1
AF	0	0.252502	3	1	2	2	0	0	2
AF	0	0.252887	1	1	0	1	0	0	1
AF	0	0.253657	1	1	0	0	0	0	0
AF	0	0.254042	2	2	0	1	0	0	1
AF	0	0.254811	1	1	0	0	0	0	0
AF	0	0.255196	2	2	0	0	0	0	0
AF	0	0.255581	1	0	1	0	0	0	0
AF	0	0.255966	1	0	1	2	0	0	2
AF	0	0.256351	2	2	0	2	0	0	2
AF	0	0.256736	2	2	0	1	0	0	1
AF	0	0.257121	4	4	0	1	0	0	1
AF	0	0.257506	3	1	2	0	0	0	0
AF	0	0.257891	5	5	0	1	0	0	1
AF	0	0.258276	3	2	1	0	0	0	0
AF	0	0.258661	4	1	3	2	0	0	2
AF	0	0.259045	3	2	1	0	0	0	0
AF	0	0.259430	4	2	2	1	0	0	1
AF	0	0.259815	2	0	2	1	0	0	1
AF	0	0.260200	1	0	1	0	0	0	0
AF	0	0.260585	19	15	4	1	0	0	1
AF	0	0.260970	3	2	1	0	0	0	0
AF	0	0.261355	8	6	2	0	0	0	0
AF	0	0.261740	3	2	1	1	0	0	1
AF	0	0.262125	5	3	2	0	0	0	0
AF	0	0.262510	2	2	0	1	0	0	1
AF	0	0.262895	1	0	1	1	0	0	1
AF	0	0.263279	2	0	2	0	0	0	0
AF	0	0.263664	10	5	5	4	0	0	4
AF	0	0.264049	5	2	3	0	0	0	0
AF	0	0.264434	128	79	49	2	0	0	2
AF	0	0.264819	6	2	4	1	0	0	1
AF	0	0.265204	36	23	13	3	0	0	3
AF	0	0.265589	1	0	1	0	0	0	0
AF	0	0.265974	2	2	0	1	0	0	1
AF	0	0.266359	2	1	1	1	0	0	1
AF	0	0.266744	3	2	1	0	0	0	0
AF	0	0.267129	3	2	1	1	0	0	1
AF	0	0.267513	1	1	0	2	0	0	2
AF	0	0.267898	4	3	1	0	0	0	0
AF	0	0.268283	1	1	0	0	0	0	0
AF	0	0.268668	4	3	1	0	0	0	0
AF	0	0.269053	6	3	3	1	0	0	1
AF	0	0.269438	3	3	0	0	0	0	0
AF	0	0.269823	3	2	1	1	0	0	1
AF	0	0.270208	1	1	0	0	0	0	0
AF	0	0.270978	2	1	1	4	0	0	4
AF	0	0.271363	0	0	0	2	0	0	2
AF	0	0.271747	1	1	0	0	0	0	0
AF	0	0.272132	0	0	0	2	0	0	2
AF	0	0.272517	4	3	1	2	0	0	2
AF	0	0.272902	3	2	1	1	0	0	1
AF	0	0.273287	1	1	0	1	0	0	1
AF	0	0.273672	0	0	0	1	0	0	1
AF	0	0.274057	3	1	2	1	0	0	1
AF	0	0.274442	1	1	0	1	0	0	1
AF	0	0.274827	2	1	1	1	0	0	1
AF	0	0.275212	3	3	0	1	0	0	1
AF	0	0.275597	1	1	0	0	0	0	0
AF	0	0.275982	1	1	0	0	0	0	0
AF	0	0.276366	1	0	1	0	0	0	0
AF	0	0.277136	3	2	1	1	0	0	1
AF	0	0.277521	1	0	1	2	0	0	2
AF	0	0.277906	1	1	0	0	0	0	0
AF	0	0.278291	2	1	1	1	0	0	1
AF	0	0.278676	0	0	0	1	0	0	1
AF	0	0.279061	2	1	1	1	0	0	1
AF	0	0.279446	1	1	0	1	0	0	1
AF	0	0.279831	33	21	12	3	0	0	3
AF	0	0.280216	6	4	2	0	0	0	0
AF	0	0.280600	10	7	3	2	0	0	2
AF	0	0.280985	2	0	2	0	0	0	0
AF	0	0.281370	3	1	2	1	0	0	1
AF	0	0.281755	0	0	0	1	0	0	1
AF	0	0.282140	1	1	0	0	0	0	0
AF	0	0.282525	1	0	1	1	0	0	1
AF	0	0.282910	2	2	0	0	0	0	0
AF	0	0.283295	3	1	2	0	0	0	0
AF	0	0.283680	1	0	1	0	0	0	0
AF	0	0.284065	1	1	0	1	0	0	1
AF	0	0.284450	1	0	1	1	0	0	1
AF	0	0.284834	1	1	0	0	0	0	0
AF	0	0.285219	1	0	1	0	0	0	0
AF	0	0.285604	2	2	0	2	0	0	2
AF	0	0.285989	1	0	1	2	0	0	2
AF	0	0.286374	1	1	0	1	0	0	1
AF	0	0.286759	4	1	3	1	0	0	1
AF	0	0.287144	1	0	1	0	0	0	0
AF	0	0.287529	0	0	0	1	0	0	1
AF	0	0.287914	1	0	1	0	0	0	0
AF	0	0.288299	0	0	0	2	0	0	2
AF	0	0.288684	1	1	0	1	0	0	1
AF	0	0.289069	6	2	4	1	0	0	1
AF	0	0.289453	0	0	0	1	0	0	1
AF	0	0.289838	2	2	0	2	0	0	2
AF	0	0.290223	0	0	0	1	0	0	1
AF	0	0.290608	1	0	1	3	0	0	3
AF	0	0.291378	0	0	0	1	0	0	1
AF	0	0.292148	2	2	0	0	0	0	0
AF	0	0.292533	0	0	0	1	0	0	1
AF	0	0.292918	3	2	1	0	0	0	0
AF	0	0.293303	3	1	2	0	0	0	0
AF	0	0.293687	1	0	1	2	0	0	2
AF	0	0.294457	0	0	0	1	0	0	1
AF	0	0.294842	1	0	1	1	0	0	1
AF	0	0.295227	1	0	1	2	0	0	2
AF	0	0.295612	1	1	0	0	0	0	0
AF	0	0.295997	2	1	1	1	0	0	1
AF	0	0.296382	0	0	0	1	0	0	1
AF	0	0.296767	0	0	0	1	0	0	1
AF	0	0.297152	3	3	0	3	0	0	3
AF	0	0.297537	2	1	1	1	0	0	1
AF	0	0.297921	0	0	0	2	0	0	2
AF	0	0.298306	0	0	0	1	0	0	1
AF	0	0.298691	1	0	1	1	0	0	1
AF	0	0.299076	1	1	0	0	0	0	0
AF	0	0.299461	5	5	0	1	0	0	1
AF	0	0.300231	2	1	1	0	0	0	0
AF	0	0.301001	1	1	0	2	0	0	2
AF	0	0.301386	1	1	0	0	0	0	0
AF	0	0.302156	0	0	0	1	0	0	1
AF	0	0.302540	3	2	1	0	0	0	0
AF	0	0.302925	1	1	0	1	0	0	1
AF	0	0.303310	1	1	0	1	0	0	1
AF	0	0.303695	1	1	0	0	0	0	0
AF	0	0.304080	4	1	3	0	0	0	0
AF	0	0.304850	2	2	0	0	0	0	0
AF	0	0.305235	1	0	1	0	0	0	0
AF	0	0.306005	1	1	0	0	0	0	0
AF	0	0.306390	4	1	3	1	0	0	1
AF	0	0.307159	2	2	0	0	0	0	0
AF	0	0.307544	4	2	2	2	0	0	2
AF	0	0.307929	0	0	0	1	0	0	1
AF	0	0.308314	1	1	0	0	0	0	0
AF	0	0.308699	2	1	1	0	0	0	0
AF	0	0.309469	2	1	1	1	0	0	1
AF	0	0.309854	3	0	3	0	0	0	0
AF	0	0.310239	1	0	1	2	0	0	2
AF	0	0.310624	1	0	1	2	0	0	2
AF	0	0.311008	1	0	1	5	0	0	5
AF	0	0.311778	0	0	0	2	0	0	2
AF	0	0.312163	14	8	6	1	0	0	1
AF	0	0.312548	170	106	64	4	0	0	4
AF	0	0.312933	12	10	2	0	0	0	0
AF	0	0.313318	41	29	12	0	0	0	0
AF	0	0.313703	2	1	1	0	0	0	0
AF	0	0.314088	4	4	0	1	0	0	1
AF	0	0.314473	6	3	3	0	0	0	0
AF	0	0.314858	2	1	1	1	0	0	1
AF	0	0.315242	3	3	0	0	0	0	0
AF	0	0.316012	1	1	0	1	0	0	1
AF	0	0.317167	2	1	1	0	0	0	0
AF	0	0.317552	1	0	1	2	0	0	2
AF	0	0.317937	1	0	1	0	0	0	0
AF	0	0.318322	1	0	1	0	0	0	0
AF	0	0.318707	1	1	0	0	0	0	0
AF	0	0.319092	1	0	1	0	0	0	0
AF	0	0.319477	4	1	3	2	0	0	2
AF	0	0.320631	2	2	0	0	0	0	0
AF	0	0.321016	0	0	0	1	0	0	1
AF	0	0.321401	4	1	3	2	0	0	2
AF	0	0.321786	1	0	1	0	0	0	0
AF	0	0.322171	1	0	1	1	0	0	1
AF	0	0.322556	1	0	1	0	0	0	0
AF	0	0.322941	1	0	1	1	0	0	1
AF	0	0.323326	1	1	0	1	0	0	1
AF	0	0.324095	0	0	0	1	0	0	1
AF	0	0.324480	1	1	0	1	0	0	1
AF	0	0.325250	0	0	0	1	0	0	1
AF	0	0.325635	0	0	0	1	0	0	1
AF	0	0.326790	1	1	0	0	0	0	0
AF	0	0.327175	0	0	0	1	0	0	1
AF	0	0.327560	1	1	0	2	0	0	2
AF	0	0.327945	1	0	1	0	0	0	0
AF	0	0.328329	1	0	1	1	0	0	1
AF	0	0.328714	1	1	0	0	0	0	0
AF	0	0.329099	1	0	1	1	0	0	1
AF	0	0.329484	2	1	1	1	0	0	1
AF	0	0.329869	5	3	2	0	0	0	0
AF	0	0.330254	2	2	0	1	0	0	1
AF	0	0.330639	1	1	0	1	0	0	1
AF	0	0.331024	2	0	2	0	0	0	0
AF	0	0.331409	0	0	0	1	0	0	1
AF	0	0.331794	1	0	1	2	0	0	2
AF	0	0.332564	2	0	2	1	0	0	1
AF	0	0.333333	0	0	0	1	0	0	1
AF	0	0.334103	2	2	0	2	0	0	2
AF	0	0.334488	1	1	0	1	0	0	1
AF	0	0.334873	0	0	0	2	0	0	2
AF	0	0.335258	4	2	2	0	0	0	0
AF	0	0.335643	2	1	1	0	0	0	0
AF	0	0.336028	1	1	0	0	0	0	0
AF	0	0.336413	1	1	0	1	0	0	1
AF	0	0.337182	1	0	1	0	0	0	0
AF	0	0.337567	1	0	1	2	0	0	2
AF	0	0.338337	2	1	1	3	0	0	3
AF	0	0.339107	1	1	0	3	0	0	3
AF	0	0.339877	1	0	1	1	0	0	1
AF	0	0.340262	0	0	0	2	0	0	2
AF	0	0.341032	2	1	1	1	0	0	1
AF	0	0.341801	1	0	1	0	0	0	0
AF	0	0.342186	0	0	0	1	0	0	1
AF	0	0.343726	2	1	1	0	0	0	0
AF	0	0.344111	0	0	0	1	0	0	1
AF	0	0.344496	1	0	1	0	0	0	0
AF	0	0.346035	2	2	0	1	0	0	1
AF	0	0.346420	1	1	0	1	0	0	1
AF	0	0.346805	1	0	1	2	0	0	2
AF	0	0.347190	1	1	0	0	0	0	0
AF	0	0.347575	0	0	0	1	0	0	1
AF	0	0.347960	1	1	0	2	0	0	2
AF	0	0.348345	2	0	2	0	0	0	0
AF	0	0.348730	2	0	2	0	0	0	0
AF	0	0.349115	1	0	1	2	0	0	2
AF	0	0.349500	1	0	1	0	0	0	0
AF	0	0.349885	1	0	1	1	0	0	1
AF	0	0.350269	1	0	1	1	0	0	1
AF	0	0.351039	0	0	0	1	0	0	1
AF	0	0.351809	0	0	0	1	0	0	1
AF	0	0.352194	1	0	1	0	0	0	0
AF	0	0.352579	1	1	0	0	0	0	0
AF	0	0.352964	1	0	1	0	0	0	0
AF	0	0.353349	0	0	0	1	0	0	1
AF	0	0.353734	1	1	0	0	0	0	0
AF	0	0.354119	0	0	0	2	0	0	2
AF	0	0.354503	0	0	0	1	0	0	1
AF	0	0.355273	2	1	1	0	0	0	0
AF	0	0.355658	2	2	0	0	0	0	0
AF	0	0.356043	1	0	1	2	0	0	2
AF	0	0.356428	1	1	0	0	0	0	0
AF	0	0.356813	0	0	0	1	0	0	1
AF	0	0.357198	1	0	1	0	0	0	0
AF	0	0.357583	2	1	1	0	0	0	0
AF	0	0.357968	1	1	0	1	0	0	1
AF	0	0.358737	2	1	1	0	0	0	0
AF	0	0.359122	1	0	1	1	0	0	1
AF	0	0.359892	1	1	0	0	0	0	0
AF	0	0.360662	1	1	0	0	0	0	0
AF	0	0.361817	2	0	2	0	0	0	0
AF	0	0.362202	1	1	0	0	0	0	0
AF	0	0.362587	1	0	1	1	0	0	1
AF	0	0.362972	1	1	0	1	0	0	1
AF	0	0.363741	1	1	0	0	0	0	0
AF	0	0.364126	1	1	0	0	0	0	0
AF	0	0.364896	1	0	1	1	0	0	1
AF	0	0.365666	1	1	0	0	0	0	0
AF	0	0.366051	1	0	1	1	0	0	1
AF	0	0.367590	0	0	0	1	0	0	1
AF	0	0.367975	1	0	1	0	0	0	0
AF	0	0.368360	1	0	1	0	0	0	0
AF	0	0.368745	2	0	2	0	0	0	0
AF	0	0.369130	1	0	1	0	0	0	0
AF	0	0.369515	1	1	0	0	0	0	0
AF	0	0.369900	1	0	1	0	0	0	0
AF	0	0.371055	1	0	1	0	0	0	0
AF	0	0.371440	0	0	0	2	0	0	2
AF	0	0.371824	1	0	1	0	0	0	0
AF	0	0.372209	2	0	2	1	0	0	1
AF	0	0.372594	1	0	1	0	0	0	0
AF	0	0.373364	3	2	1	1	0	0	1
AF	0	0.373749	1	0	1	0	0	0	0
AF	0	0.374134	2	2	0	0	0	0	0
AF	0	0.374519	1	1	0	1	0	0	1
AF	0	0.374904	0	0	0	1	0	0	1
AF	0	0.375289	2	1	1	0	0	0	0
AF	0	0.376828	1	0	1	0	0	0	0
AF	0	0.377213	2	1	1	0	0	0	0
AF	0	0.377598	1	0	1	1	0	0	1
AF	0	0.377983	2	1	1	0	0	0	0
AF	0	0.378368	1	0	1	1	0	0	1
AF	0	0.378753	1	0	1	0	0	0	0
AF	0	0.379138	1	1	0	0	0	0	0
AF	0	0.379523	0	0	0	1	0	0	1
AF	0	0.380293	1	1	0	0	0	0	0
AF	0	0.380677	1	1	0	0	0	0	0
AF	0	0.381062	2	1	1	0	0	0	0
AF	0	0.381447	2	2	0	0	0	0	0
AF	0	0.381832	1	1	0	0	0	0	0
AF	0	0.382217	6	5	1	0	0	0	0
AF	0	0.382602	2	1	1	0	0	0	0
AF	0	0.382987	1	1	0	0	0	0	0
AF	0	0.383372	2	0	2	1	0	0	1
AF	0	0.383757	1	0	1	0	0	0	0
AF	0	0.384142	1	1	0	3	0	0	3
AF	0	0.384527	1	0	1	0	0	0	0
AF	0	0.385681	2	1	1	0	0	0	0
AF	0	0.386066	1	1	0	0	0	0	0
AF	0	0.386836	1	0	1	0	0	0	0
AF	0	0.387221	1	0	1	0	0	0	0
AF	0	0.387606	0	0	0	2	0	0	2
AF	0	0.388761	1	0	1	0	0	0	0
AF	0	0.389145	1	0	1	0	0	0	0
AF	0	0.389915	1	0	1	1	0	0	1
AF	0	0.390300	2	1	1	1	0	0	1
AF	0	0.390685	1	0	1	0	0	0	0
AF	0	0.391070	2	2	0	0	0	0	0
AF	0	0.391455	0	0	0	1	0	0	1
AF	0	0.392225	2	2	0	0	0	0	0
AF	0	0.392610	1	0	1	0	0	0	0
AF	0	0.392995	1	0	1	0	0	0	0
AF	0	0.393380	0	0	0	1	0	0	1
AF	0	0.394149	1	0	1	0	0	0	0
AF	0	0.394919	1	1	0	0	0	0	0
AF	0	0.395304	1	0	1	0	0	0	0
AF	0	0.395689	1	0	1	0	0	0	0
AF	0	0.396074	0	0	0	1	0	0	1
AF	0	0.396844	1	1	0	0	0	0	0
AF	0	0.397229	1	0	1	1	0	0	1
AF	0	0.397998	0	0	0	1	0	0	1
AF	0	0.398383	1	0	1	0	0	0	0
AF	0	0.398768	0	0	0	1	0	0	1
AF	0	0.399153	1	1	0	0	0	0	0
AF	0	0.399538	1	1	0	0	0	0	0
AF	0	0.399923	1	1	0	1	0	0	1
AF	0	0.400308	0	0	0	2	0	0	2
AF	0	0.401463	1	0	1	0	0	0	0
AF	0	0.402617	1	0	1	0	0	0	0
AF	0	0.404157	0	0	0	1	0	0	1
AF	0	0.404542	2	1	1	1	0	0	1
AF	0	0.405312	1	1	0	0	0	0	0
AF	0	0.405697	1	0	1	1	0	0	1
AF	0	0.406467	1	0	1	0	0	0	0
AF	0	0.406851	1	0	1	0	0	0	0
AF	0	0.407621	1	0	1	1	0	0	1
AF	0	0.408006	1	0	1	0	0	0	0
AF	0	0.408391	2	1	1	0	0	0	0
AF	0	0.408776	1	0	1	2	0	0	2
AF	0	0.409161	1	0	1	1	0	0	1
AF	0	0.409546	1	0	1	0	0	0	0
AF	0	0.409931	1	0	1	0	0	0	0
AF	0	0.410316	1	0	1	0	0	0	0
AF	0	0.411085	0	0	0	1	0	0	1
AF	0	0.411470	1	0	1	1	0	0	1
AF	0	0.411855	1	1	0	1	0	0	1
AF	0	0.412240	0	0	0	1	0	0	1
AF	0	0.412625	2	2	0	0	0	0	0
AF	0	0.413780	1	0	1	1	0	0	1
AF	0	0.414165	0	0	0	1	0	0	1
AF	0	0.414550	0	0	0	1	0	0	1
AF	0	0.414935	1	1	0	1	0	0	1
AF	0	0.415704	1	1	0	0	0	0	0
AF	0	0.416474	1	0	1	0	0	0	0
AF	0	0.416859	1	0	1	1	0	0	1
AF	0	0.417629	2	2	0	0	0	0	0
AF	0	0.418014	1	1	0	0	0	0	0
AF	0	0.418399	1	0	1	0	0	0	0
AF	0	0.418784	1	1	0	1	0	0	1
AF	0	0.419554	1	0	1	0	0	0	0
AF	0	0.419938	1	0	1	0	0	0	0
AF	0	0.420323	1	0	1	1	0	0	1
AF	0	0.420708	3	1	2	0	0	0	0
AF	0	0.421093	1	0	1	1	0	0	1
AF	0	0.421478	0	0	0	1	0	0	1
AF	0	0.422248	1	1	0	0	0	0	0
AF	0	0.422633	0	0	0	1	0	0	1
AF	0	0.423018	1	0	1	0	0	0	0
AF	0	0.424172	2	1	1	0	0	0	0
AF	0	0.424557	1	0	1	0	0	0	0
AF	0	0.424942	1	1	0	0	0	0	0
AF	0	0.425712	2	0	2	0	0	0	0
AF	0	0.426097	0	0	0	1	0	0	1
AF	0	0.426867	1	1	0	0	0	0	0
AF	0	0.427252	2	0	2	0	0	0	0
AF	0	0.428022	1	1	0	0	0	0	0
AF	0	0.429176	1	0	1	0	0	0	0
AF	0	0.429561	0	0	0	2	0	0	2
AF	0	0.429946	0	0	0	1	0	0	1
AF	0	0.430331	0	0	0	1	0	0	1
AF	0	0.430716	1	1	0	0	0	0	0
AF	0	0.431101	1	1	0	0	0	0	0
AF	0	0.431871	1	1	0	0	0	0	0
AF	0	0.432640	1	0	1	0	0	0	0
AF	0	0.433795	1	0	1	0	0	0	0
AF	0	0.434950	1	1	0	0	0	0	0
AF	0	0.435720	2	2	0	1	0	0	1
AF	0	0.436105	1	0	1	2	0	0	2
AF	0	0.436875	2	1	1	1	0	0	1
AF	0	0.437259	1	1	0	1	0	0	1
AF	0	0.438029	1	1	0	0	0	0	0
AF	0	0.438414	1	1	0	0	0	0	0
AF	0	0.438799	1	1	0	0	0	0	0
AF	0	0.440339	1	1	0	0	0	0	0
AF	0	0.441109	1	1	0	0	0	0	0
AF	0	0.442648	0	0	0	1	0	0	1
AF	0	0.443033	1	1	0	1	0	0	1
AF	0	0.443418	1	1	0	0	0	0	0
AF	0	0.443803	1	1	0	1	0	0	1
AF	0	0.444188	1	0	1	2	0	0	2
AF	0	0.444573	1	1	0	0	0	0	0
AF	0	0.445343	0	0	0	1	0	0	1
AF	0	0.445727	1	1	0	1	0	0	1
AF	0	0.446112	1	0	1	0	0	0	0
AF	0	0.446497	1	0	1	1	0	0	1
AF	0	0.446882	1	1	0	0	0	0	0
AF	0	0.448037	1	0	1	0	0	0	0
AF	0	0.448807	2	1	1	0	0	0	0
AF	0	0.449192	0	0	0	2	0	0	2
AF	0	0.449577	3	1	2	1	0	0	1
AF	0	0.449962	1	1	0	0	0	0	0
AF	0	0.450346	2	0	2	1	0	0	1
AF	0	0.451116	1	0	1	1	0	0	1
AF	0	0.452271	1	0	1	0	0	0	0
AF	0	0.452656	1	1	0	0	0	0	0
AF	0	0.453041	2	1	1	0	0	0	0
AF	0	0.453811	0	0	0	1	0	0	1
AF	0	0.454965	1	0	1	1	0	0	1
AF	0	0.455350	1	0	1	0	0	0	0
AF	0	0.456120	1	1	0	0	0	0	0
AF	0	0.456505	1	0	1	0	0	0	0
AF	0	0.457275	0	0	0	1	0	0	1
AF	0	0.458045	3	0	3	0	0	0	0
AF	0	0.458430	1	1	0	0	0	0	0
AF	0	0.459199	2	1	1	1	0	0	1
AF	0	0.460739	1	1	0	0	0	0	0
AF	0	0.461894	1	1	0	0	0	0	0
AF	0	0.462279	3	2	1	0	0	0	0
AF	0	0.462664	1	1	0	0	0	0	0
AF	0	0.463048	1	0	1	0	0	0	0
AF	0	0.463818	1	1	0	0	0	0	0
AF	0	0.466128	0	0	0	1	0	0	1
AF	0	0.466898	0	0	0	1	0	0	1
AF	0	0.468822	1	0	1	0	0	0	0
AF	0	0.469592	2	1	1	0	0	0	0
AF	0	0.469977	1	0	1	0	0	0	0
AF	0	0.470747	1	1	0	1	0	0	1
AF	0	0.471132	0	0	0	1	0	0	1
AF	0	0.471517	2	1	1	0	0	0	0
AF	0	0.471901	1	1	0	0	0	0	0
AF	0	0.472286	0	0	0	1	0	0	1
AF	0	0.472671	0	0	0	1	0	0	1
AF	0	0.473056	1	1	0	0	0	0	0
AF	0	0.473441	1	1	0	0	0	0	0
AF	0	0.474211	0	0	0	2	0	0	2
AF	0	0.474596	0	0	0	1	0	0	1
AF	0	0.474981	1	1	0	0	0	0	0
AF	0	0.475366	2	0	2	0	0	0	0
AF	0	0.475751	0	0	0	1	0	0	1
AF	0	0.476135	1	0	1	0	0	0	0
AF	0	0.476520	1	0	1	1	0	0	1
AF	0	0.477290	2	2	0	0	0	0	0
AF	0	0.478445	0	0	0	1	0	0	1
AF	0	0.479600	1	0	1	0	0	0	0
AF	0	0.479985	0	0	0	1	0	0	1
AF	0	0.480370	2	0	2	0	0	0	0
AF	0	0.480754	1	1	0	0	0	0	0
AF	0	0.481524	19	8	11	0	0	0	0
AF	0	0.481909	1	1	0	1	0	0	1
AF	0	0.482294	2	2	0	0	0	0	0
AF	0	0.482679	0	0	0	1	0	0	1
AF	0	0.483834	0	0	0	1	0	0	1
AF	0	0.484988	0	0	0	1	0	0	1
AF	0	0.485373	1	1	0	0	0	0	0
AF	0	0.485758	1	1	0	1	0	0	1
AF	0	0.486143	1	1	0	1	0	0	1
AF	0	0.486528	3	1	2	0	0	0	0
AF	0	0.486913	1	0	1	0	0	0	0
AF	0	0.487298	1	0	1	0	0	0	0
AF	0	0.487683	1	0	1	1	0	0	1
AF	0	0.488068	1	0	1	0	0	0	0
AF	0	0.488838	1	1	0	2	0	0	2
AF	0	0.489222	0	0	0	1	0	0	1
AF	0	0.490377	3	1	2	0	0	0	0
AF	0	0.491147	1	1	0	0	0	0	0
AF	0	0.491917	1	0	1	0	0	0	0
AF	0	0.494226	1	1	0	0	0	0	0
AF	0	0.495381	0	0	0	1	0	0	1
AF	0	0.496536	2	0	2	0	0	0	0
AF	0	0.496921	1	0	1	0	0	0	0
AF	0	0.497691	0	0	0	1	0	0	1
AF	0	0.498845	1	0	1	0	0	0	0
AF	0	0.499230	2	0	2	0	0	0	0
AF	0	0.499615	0	0	0	1	0	0	1
AF	0	0.501155	1	1	0	0	0	0	0
AF	0	0.501925	1	1	0	0	0	0	0
AF	0	0.502309	0	0	0	3	0	0	3
AF	0	0.503464	1	0	1	0	0	0	0
AF	0	0.504234	3	2	1	0	0	0	0
AF	0	0.505004	1	0	1	0	0	0	0
AF	0	0.505389	1	1	0	0	0	0	0
AF	0	0.505774	0	0	0	1	0	0	1
AF	0	0.506543	1	0	1	0	0	0	0
AF	0	0.506928	1	1	0	0	0	0	0
AF	0	0.507313	1	1	0	0	0	0	0
AF	0	0.507698	1	0	1	0	0	0	0
AF	0	0.508083	2	1	1	0	0	0	0
AF	0	0.508468	2	0	2	1	0	0	1
AF	0	0.509623	2	2	0	0	0	0	0
AF	0	0.510778	2	1	1	2	0	0	2
AF	0	0.511162	2	0	2	0	0	0	0
AF	0	0.513087	1	1	0	0	0	0	0
AF	0	0.515012	0	0	0	1	0	0	1
AF	0	0.515396	1	1	0	1	0	0	1
AF	0	0.515781	0	0	0	1	0	0	1
AF	0	0.516166	1	1	0	1	0	0	1
AF	0	0.516936	1	0	1	0	0	0	0
AF	0	0.517321	1	1	0	0	0	0	0
AF	0	0.518476	2	0	2	0	0	0	0
AF	0	0.518861	1	0	1	0	0	0	0
AF	0	0.519630	0	0	0	1	0	0	1
AF	0	0.521555	0	0	0	2	0	0	2
AF	0	0.521940	1	1	0	0	0	0	0
AF	0	0.522710	1	1	0	1	0	0	1
AF	0	0.524249	1	0	1	0	0	0	0
AF	0	0.524634	2	1	1	0	0	0	0
AF	0	0.525789	2	2	0	0	0	0	0
AF	0	0.526559	0	0	0	1	0	0	1
AF	0	0.526944	1	1	0	1	0	0	1
AF	0	0.527714	1	1	0	0	0	0	0
AF	0	0.528483	0	0	0	1	0	0	1
AF	0	0.528868	2	0	2	0	0	0	0
AF	0	0.529253	1	1	0	0	0	0	0
AF	0	0.530793	2	1	1	0	0	0	0
AF	0	0.532333	2	2	0	0	0	0	0
AF	0	0.533102	1	0	1	0	0	0	0
AF	0	0.533872	1	0	1	0	0	0	0
AF	0	0.534642	0	0	0	1	0	0	1
AF	0	0.536182	0	0	0	1	0	0	1
AF	0	0.536567	1	0	1	0	0	0	0
AF	0	0.536952	1	1	0	2	0	0	2
AF	0	0.537336	2	1	1	0	0	0	0
AF	0	0.537721	1	1	0	0	0	0	0
AF	0	0.539261	1	1	0	0	0	0	0
AF	0	0.539646	0	0	0	1	0	0	1
AF	0	0.540031	1	0	1	0	0	0	0
AF	0	0.540801	1	0	1	0	0	0	0
AF	0	0.541955	0	0	0	1	0	0	1
AF	0	0.542340	1	0	1	1	0	0	1
AF	0	0.542725	1	0	1	0	0	0	0
AF	0	0.543110	1	1	0	0	0	0	0
AF	0	0.543880	1	0	1	0	0	0	0
AF	0	0.544265	1	0	1	0	0	0	0
AF	0	0.544650	2	2	0	0	0	0	0
AF	0	0.545035	1	1	0	0	0	0	0
AF	0	0.545420	0	0	0	1	0	0	1
AF	0	0.546189	1	1	0	0	0	0	0
AF	0	0.546574	1	0	1	0	0	0	0
AF	0	0.546959	2	1	1	0	0	0	0
AF	0	0.547344	1	0	1	0	0	0	0
AF	0	0.547729	1	1	0	0	0	0	0
AF	0	0.548499	1	0	1	0	0	0	0
AF	0	0.550423	1	0	1	0	0	0	0
AF	0	0.550808	2	1	1	0	0	0	0
AF	0	0.551193	3	2	1	0	0	0	0
AF	0	0.551578	1	0	1	0	0	0	0
AF	0	0.551963	1	1	0	0	0	0	0
AF	0	0.552733	1	1	0	0	0	0	0
AF	0	0.553888	1	1	0	0	0	0	0
AF	0	0.554657	1	0	1	0	0	0	0
AF	0	0.555427	0	0	0	1	0	0	1
AF	0	0.555812	2	1	1	0	0	0	0
AF	0	0.556582	0	0	0	1	0	0	1
AF	0	0.558891	1	0	1	0	0	0	0
AF	0	0.559276	2	1	1	0	0	0	0
AF	0	0.561586	1	1	0	0	0	0	0
AF	0	0.561971	1	0	1	1	0	0	1
AF	0	0.562356	0	0	0	1	0	0	1
AF	0	0.563125	1	0	1	0	0	0	0
AF	0	0.563510	1	0	1	1	0	0	1
AF	0	0.564280	1	1	0	0	0	0	0
AF	0	0.565435	1	0	1	0	0	0	0
AF	0	0.566590	1	1	0	0	0	0	0
AF	0	0.566975	1	0	1	0	0	0	0
AF	0	0.567744	1	0	1	0	0	0	0
AF	0	0.568514	2	0	2	0	0	0	0
AF	0	0.568899	1	1	0	0	0	0	0
AF	0	0.569669	1	0	1	0	0	0	0
AF	0	0.570824	1	1	0	0	0	0	0
AF	0	0.571209	1	1	0	0	0	0	0
AF	0	0.571594	3	2	1	0	0	0	0
AF	0	0.573133	2	1	1	0	0	0	0
AF	0	0.573518	1	1	0	0	0	0	0
AF	0	0.573903	1	1	0	0	0	0	0
AF	0	0.575058	1	0	1	0	0	0	0
AF	0	0.575443	1	0	1	0	0	0	0
AF	0	0.575828	0	0	0	1	0	0	1
AF	0	0.576597	1	0	1	1	0	0	1
AF	0	0.577367	2	0	2	0	0	0	0
AF	0	0.578137	1	1	0	0	0	0	0
AF	0	0.578522	1	1	0	2	0	0	2
AF	0	0.578907	2	1	1	0	0	0	0
AF	0	0.579292	0	0	0	2	0	0	2
AF	0	0.580062	0	0	0	1	0	0	1
AF	0	0.580446	1	1	0	0	0	0	0
AF	0	0.581216	1	0	1	0	0	0	0
AF	0	0.581601	3	2	1	0	0	0	0
AF	0	0.581986	1	1	0	0	0	0	0
AF	0	0.585450	1	1	0	0	0	0	0
AF	0	0.586220	2	0	2	0	0	0	0
AF	0	0.586605	2	1	1	0	0	0	0
AF	0	0.586990	0	0	0	1	0	0	1
AF	0	0.587375	1	1	0	1	0	0	1
AF	0	0.587760	2	1	1	0	0	0	0
AF	0	0.588145	1	0	1	0	0	0	0
AF	0	0.590839	1	1	0	0	0	0	0
AF	0	0.592379	1	0	1	0	0	0	0
AF	0	0.592764	0	0	0	1	0	0	1
AF	0	0.593149	0	0	0	1	0	0	1
AF	0	0.593918	1	0	1	0	0	0	0
AF	0	0.595843	0	0	0	1	0	0	1
AF	0	0.596613	0	0	0	1	0	0	1
AF	0	0.597383	1	1	0	0	0	0	0
AF	0	0.597768	1	1	0	0	0	0	0
AF	0	0.599307	1	0	1	0	0	0	0
AF	0	0.599692	2	1	1	0	0	0	0
AF	0	0.601617	2	2	0	0	0	0	0
AF	0	0.602386	1	1	0	0	0	0	0
AF	0	0.602771	1	1	0	0	0	0	0
AF	0	0.603156	1	0	1	0	0	0	0
AF	0	0.603926	2	2	0	0	0	0	0
AF	0	0.604696	1	1	0	0	0	0	0
AF	0	0.605081	2	1	1	0	0	0	0
AF	0	0.606620	2	1	1	0	0	0	0
AF	0	0.607005	1	1	0	0	0	0	0
AF	0	0.607390	2	0	2	0	0	0	0
AF	0	0.608545	2	1	1	0	0	0	0
AF	0	0.608930	1	0	1	0	0	0	0
AF	0	0.611624	0	0	0	1	0	0	1
AF	0	0.612394	2	1	1	0	0	0	0
AF	0	0.613164	1	0	1	0	0	0	0
AF	0	0.613549	1	1	0	1	0	0	1
AF	0	0.614319	1	1	0	0	0	0	0
AF	0	0.615858	1	0	1	0	0	0	0
AF	0	0.616243	1	1	0	0	0	0	0
AF	0	0.616628	1	1	0	0	0	0	0
AF	0	0.617013	0	0	0	1	0	0	1
AF	0	0.617398	1	0	1	0	0	0	0
AF	0	0.617783	4	2	2	0	0	0	0
AF	0	0.618553	2	1	1	0	0	0	0
AF	0	0.618938	1	1	0	0	0	0	0
AF	0	0.620477	0	0	0	1	0	0	1
AF	0	0.620862	1	1	0	0	0	0	0
AF	0	0.621247	1	0	1	0	0	0	0
AF	0	0.621632	1	0	1	0	0	0	0
AF	0	0.622017	1	1	0	0	0	0	0
AF	0	0.622787	1	1	0	0	0	0	0
AF	0	0.623557	3	2	1	0	0	0	0
AF	0	0.624326	2	1	1	0	0	0	0
AF	0	0.625096	1	1	0	1	0	0	1
AF	0	0.625481	1	0	1	0	0	0	0
AF	0	0.625866	1	0	1	1	0	0	1
AF	0	0.626251	1	1	0	0	0	0	0
AF	0	0.627791	1	1	0	0	0	0	0
AF	0	0.628176	1	0	1	0	0	0	0
AF	0	0.629715	1	1	0	0	0	0	0
AF	0	0.630870	1	1	0	0	0	0	0
AF	0	0.631640	0	0	0	1	0	0	1
AF	0	0.633564	1	1	0	0	0	0	0
AF	0	0.633949	1	1	0	0	0	0	0
AF	0	0.634334	0	0	0	1	0	0	1
AF	0	0.635104	2	0	2	0	0	0	0
AF	0	0.635489	1	1	0	0	0	0	0
AF	0	0.637413	0	0	0	1	0	0	1
AF	0	0.638568	2	1	1	0	0	0	0
AF	0	0.639338	0	0	0	1	0	0	1
AF	0	0.640493	0	0	0	1	0	0	1
AF	0	0.641263	0	0	0	1	0	0	1
AF	0	0.641647	1	1	0	0	0	0	0
AF	0	0.642032	1	1	0	0	0	0	0
AF	0	0.643187	1	1	0	0	0	0	0
AF	0	0.643572	1	1	0	0	0	0	0
AF	0	0.645112	1	1	0	0	0	0	0
AF	0	0.645497	2	2	0	0	0	0	0
AF	0	0.645881	1	0	1	0	0	0	0
AF	0	0.646651	1	0	1	0	0	0	0
AF	0	0.647036	1	1	0	0	0	0	0
AF	0	0.647806	0	0	0	1	0	0	1
AF	0	0.648191	1	0	1	0	0	0	0
AF	0	0.648961	1	1	0	0	0	0	0
AF	0	0.649346	0	0	0	1	0	0	1
AF	0	0.650115	1	0	1	0	0	0	0
AF	0	0.650500	1	0	1	0	0	0	0
AF	0	0.650885	0	0	0	1	0	0	1
AF	0	0.651270	1	0	1	0	0	0	0
AF	0	0.651655	1	0	1	0	0	0	0
AF	0	0.652040	0	0	0	1	0	0	1
AF	0	0.652425	0	0	0	1	0	0	1
AF	0	0.652810	1	1	0	0	0	0	0
AF	0	0.653195	0	0	0	1	0	0	1
AF	0	0.653965	1	1	0	0	0	0	0
AF	0	0.654349	2	2	0	0	0	0	0
AF	0	0.654734	1	1	0	0	0	0	0
AF	0	0.656659	1	1	0	1	0	0	1
AF	0	0.657044	1	1	0	1	0	0	1
AF	0	0.657814	0	0	0	1	0	0	1
AF	0	0.658199	1	1	0	0	0	0	0
AF	0	0.658584	1	0	1	0	0	0	0
AF	0	0.658968	1	0	1	0	0	0	0
AF	0	0.659738	1	1	0	1	0	0	1
AF	0	0.660123	1	1	0	0	0	0	0
AF	0	0.662048	1	0	1	0	0	0	0
AF	0	0.662433	2	2	0	0	0	0	0
AF	0	0.663202	1	0	1	0	0	0	0
AF	0	0.665512	2	0	2	0	0	0	0
AF	0	0.665897	1	1	0	0	0	0	0
AF	0	0.666282	0	0	0	1	0	0	1
AF	0	0.667052	1	0	1	0	0	0	0
AF	0	0.667436	2	1	1	0	0	0	0
AF	0	0.668206	1	1	0	0	0	0	0
AF	0	0.668976	1	0	1	0	0	0	0
AF	0	0.669746	1	1	0	1	0	0	1
AF	0	0.670516	1	0	1	0	0	0	0
AF	0	0.670901	2	2	0	0	0	0	0
AF	0	0.671286	1	1	0	0	0	0	0
AF	0	0.671671	1	1	0	0	0	0	0
AF	0	0.672055	1	1	0	1	0	0	1
AF	0	0.672440	0	0	0	2	0	0	2
AF	0	0.672825	1	0	1	0	0	0	0
AF	0	0.673210	1	0	1	0	0	0	0
AF	0	0.673980	1	1	0	1	0	0	1
AF	0	0.674750	1	1	0	0	0	0	0
AF	0	0.675135	2	2	0	0	0	0	0
AF	0	0.675520	1	1	0	0	0	0	0
AF	0	0.677444	1	0	1	0	0	0	0
AF	0	0.678214	1	1	0	0	0	0	0
AF	0	0.678984	2	0	2	2	0	0	2
AF	0	0.679754	1	0	1	0	0	0	0
AF	0	0.680139	1	0	1	0	0	0	0
AF	0	0.680908	1	0	1	0	0	0	0
AF	0	0.681678	1	0	1	0	0	0	0
AF	0	0.682063	1	0	1	0	0	0	0
AF	0	0.682833	1	0	1	0	0	0	0
AF	0	0.683218	2	0	2	1	0	0	1
AF	0	0.685527	2	1	1	0	0	0	0
AF	0	0.685912	0	0	0	1	0	0	1
AF	0	0.687067	0	0	0	1	0	0	1
AF	0	0.687452	1	1	0	1	0	0	1
AF	0	0.687837	3	2	1	1	0	0	1
AF	0	0.688222	1	0	1	0	0	0	0
AF	0	0.688607	1	0	1	0	0	0	0
AF	0	0.689376	5	4	1	0	0	0	0
AF	0	0.689761	1	0	1	0	0	0	0
AF	0	0.690146	1	1	0	0	0	0	0
AF	0	0.690531	4	1	3	0	0	0	0
AF	0	0.691301	3	1	2	0	0	0	0
AF	0	0.692456	2	2	0	0	0	0	0
AF	0	0.693226	2	0	2	0	0	0	0
AF	0	0.693610	2	1	1	1	0	0	1
AF	0	0.693995	3	1	2	0	0	0	0
AF	0	0.694380	8	6	2	0	0	0	0
AF	0	0.694765	5	3	2	0	0	0	0
AF	0	0.695150	179	117	62	2	0	0	2
AF	0	0.695535	1	1	0	0	0	0	0
AF	0	0.695920	6	2	4	0	0	0	0
AF	0	0.696305	1	1	0	0	0	0	0
AF	0	0.696690	2	1	1	0	0	0	0
AF	0	0.697075	0	0	0	1	0	0	1
AF	0	0.697460	1	1	0	0	0	0	0
AF	0	0.697844	1	1	0	0	0	0	0
AF	0	0.698229	1	0	1	0	0	0	0
AF	0	0.700154	1	0	1	0	0	0	0
AF	0	0.701694	2	1	1	0	0	0	0
AF	0	0.702463	3	1	2	0	0	0	0
AF	0	0.703233	0	0	0	1	0	0	1
AF	0	0.705158	1	0	1	0	0	0	0
AF	0	0.705543	2	1	1	0	0	0	0
AF	0	0.705928	2	2	0	1	0	0	1
AF	0	0.706313	1	0	1	0	0	0	0
AF	0	0.707852	1	0	1	0	0	0	0
AF	0	0.708237	0	0	0	1	0	0	1
AF	0	0.709007	0	0	0	1	0	0	1
AF	0	0.710162	1	0	1	1	0	0	1
AF	0	0.710547	1	0	1	1	0	0	1
AF	0	0.712086	1	1	0	1	0	0	1
AF	0	0.713241	0	0	0	1	0	0	1
AF	0	0.714011	2	2	0	0	0	0	0
AF	0	0.714781	0	0	0	1	0	0	1
AF	0	0.715550	2	0	2	1	0	0	1
AF	0	0.716320	1	0	1	0	0	0	0
AF	0	0.717090	2	0	2	0	0	0	0
AF	0	0.718630	1	1	0	0	0	0	0
AF	0	0.719015	0	0	0	1	0	0	1
AF	0	0.719400	2	2	0	1	0	0	1
AF	0	0.719784	0	0	0	1	0	0	1
AF	0	0.720169	0	0	0	1	0	0	1
AF	0	0.720939	1	0	1	0	0	0	0
AF	0	0.722864	1	1	0	0	0	0	0
AF	0	0.724018	1	1	0	0	0	0	0
AF	0	0.724403	1	0	1	0	0	0	0
AF	0	0.724788	1	0	1	0	0	0	0
AF	0	0.725173	1	1	0	0	0	0	0
AF	0	0.725558	1	1	0	0	0	0	0
AF	0	0.727868	1	0	1	0	0	0	0
AF	0	0.730562	3	2	1	0	0	0	0
AF	0	0.730947	0	0	0	1	0	0	1
AF	0	0.731717	3	1	2	1	0	0	1
AF	0	0.732102	2	0	2	0	0	0	0
AF	0	0.732487	72	40	32	1	0	0	1
AF	0	0.733256	2	2	0	2	0	0	2
AF	0	0.734026	1	1	0	0	0	0	0
AF	0	0.737105	0	0	0	1	0	0	1
AF	0	0.737875	3	1	2	0	0	0	0
AF	0	0.739800	2	2	0	1	0	0	1
AF	0	0.740570	1	0	1	0	0	0	0
AF	0	0.740955	1	1	0	0	0	0	0
AF	0	0.742109	1	0	1	0	0	0	0
AF	0	0.742879	1	0	1	1	0	0	1
AF	0	0.744034	1	0	1	0	0	0	0
AF	0	0.745189	3	2	1	0	0	0	0
AF	0	0.745574	1	1	0	1	0	0	1
AF	0	0.745958	1	1	0	0	0	0	0
AF	0	0.746728	1	0	1	0	0	0	0
AF	0	0.747498	1	1	0	0	0	0	0
AF	0	0.748653	2	0	2	0	0	0	0
AF	0	0.749423	2	1	1	2	0	0	2
AF	0	0.750577	1	0	1	0	0	0	0
AF	0	0.751732	0	0	0	1	0	0	1
AF	0	0.752117	0	0	0	2	0	0	2
AF	0	0.754811	1	1	0	0	0	0	0
AF	0	0.755581	1	1	0	0	0	0	0
AF	0	0.755966	0	0	0	1	0	0	1
AF	0	0.756351	1	1	0	0	0	0	0
AF	0	0.756736	2	0	2	0	0	0	0
AF	0	0.757121	1	1	0	0	0	0	0
AF	0	0.757506	1	1	0	1	0	0	1
AF	0	0.757891	2	2	0	0	0	0	0
AF	0	0.758276	2	0	2	0	0	0	0
AF	0	0.758661	1	1	0	0	0	0	0
AF	0	0.759045	63	40	23	1	0	0	1
AF	0	0.759430	1	1	0	0	0	0	0
AF	0	0.760200	1	1	0	0	0	0	0
AF	0	0.760585	2	0	2	0	0	0	0
AF	0	0.762125	1	1	0	0	0	0	0
AF	0	0.763279	1	0	1	0	0	0	0
AF	0	0.764049	2	1	1	0	0	0	0
AF	0	0.764434	1	0	1	0	0	0	0
AF	0	0.765204	1	0	1	0	0	0	0
AF	0	0.765974	2	2	0	0	0	0	0
AF	0	0.766359	1	1	0	0	0	0	0
AF	0	0.766744	1	1	0	0	0	0	0
AF	0	0.767129	1	0	1	0	0	0	0
AF	0	0.768668	2	2	0	0	0	0	0
AF	0	0.769053	1	0	1	0	0	0	0
AF	0	0.771747	2	1	1	1	0	0	1
AF	0	0.773287	1	1	0	0	0	0	0
AF	0	0.773672	1	1	0	0	0	0	0
AF	0	0.774442	2	2	0	0	0	0	0
AF	0	0.774827	1	1	0	0	0	0	0
AF	0	0.775212	1	1	0	0	0	0	0
AF	0	0.775982	1	1	0	1	0	0	1
AF	0	0.776751	1	1	0	0	0	0	0
AF	0	0.779061	0	0	0	1	0	0	1
AF	0	0.779831	1	1	0	0	0	0	0
AF	0	0.781370	1	1	0	0	0	0	0
AF	0	0.783295	1	0	1	0	0	0	0
AF	0	0.784450	1	0	1	0	0	0	0
AF	0	0.784834	1	1	0	0	0	0	0
AF	0	0.785604	0	0	0	1	0	0	1
AF	0	0.786374	2	2	0	0	0	0	0
AF	0	0.787144	1	0	1	0	0	0	0
AF	0	0.788299	0	0	0	1	0	0	1
AF	0	0.790608	1	1	0	0	0	0	0
AF	0	0.790993	1	0	1	0	0	0	0
AF	0	0.791763	1	1	0	1	0	0	1
AF	0	0.792148	1	1	0	0	0	0	0
AF	0	0.792533	1	1	0	0	0	0	0
AF	0	0.792918	0	0	0	1	0	0	1
AF	0	0.793687	1	1	0	0	0	0	0
AF	0	0.794072	2	1	1	0	0	0	0
AF	0	0.794457	0	0	0	1	0	0	1
AF	0	0.794842	2	0	2	0	0	0	0
AF	0	0.795227	1	0	1	0	0	0	0
AF	0	0.795612	1	0	1	0	0	0	0
AF	0	0.796382	1	0	1	0	0	0	0
AF	0	0.797152	2	1	1	0	0	0	0
AF	0	0.797537	0	0	0	1	0	0	1
AF	0	0.799076	1	1	0	0	0	0	0
AF	0	0.800616	1	0	1	0	0	0	0
AF	0	0.801386	1	1	0	0	0	0	0
AF	0	0.802156	1	0	1	0	0	0	0
AF	0	0.803695	2	1	1	0	0	0	0
AF	0	0.804080	1	1	0	0	0	0	0
AF	0	0.804465	2	2	0	0	0	0	0
AF	0	0.804850	2	1	1	0	0	0	0
AF	0	0.805235	0	0	0	1	0	0	1
AF	0	0.805620	0	0	0	2	0	0	2
AF	0	0.806005	1	0	1	0	0	0	0
AF	0	0.806390	2	2	0	0	0	0	0
AF	0	0.806774	1	1	0	0	0	0	0
AF	0	0.807159	1	0	1	1	0	0	1
AF	0	0.807544	1	0	1	0	0	0	0
AF	0	0.808314	2	2	0	0	0	0	0
AF	0	0.809084	1	1	0	0	0	0	0
AF	0	0.810239	1	1	0	0	0	0	0
AF	0	0.811008	0	0	0	1	0	0	1
AF	0	0.811393	3	3	0	0	0	0	0
AF	0	0.812548	1	1	0	0	0	0	0
AF	0	0.812933	1	1	0	0	0	0	0
AF	0	0.813318	0	0	0	1	0	0	1
AF	0	0.813703	1	1	0	0	0	0	0
AF	0	0.814088	2	2	0	0	0	0	0
AF	0	0.814858	1	1	0	0	0	0	0
AF	0	0.815242	0	0	0	1	0	0	1
AF	0	0.816012	1	0	1	1	0	0	1
AF	0	0.816397	2	1	1	0	0	0	0
AF	0	0.817167	0	0	0	1	0	0	1
AF	0	0.817937	1	1	0	1	0	0	1
AF	0	0.818322	0	0	0	1	0	0	1
AF	0	0.819092	1	0	1	0	0	0	0
AF	0	0.819861	1	1	0	0	0	0	0
AF	0	0.820246	2	1	1	0	0	0	0
AF	0	0.820631	2	1	1	0	0	0	0
AF	0	0.821401	3	1	2	0	0	0	0
AF	0	0.821786	3	2	1	0	0	0	0
AF	0	0.822171	1	0	1	1	0	0	1
AF	0	0.822556	5	2	3	0	0	0	0
AF	0	0.822941	2	1	1	1	0	0	1
AF	0	0.823326	2	2	0	0	0	0	0
AF	0	0.823711	0	0	0	1	0	0	1
AF	0	0.824095	3	1	2	0	0	0	0
AF	0	0.824480	3	2	1	0	0	0	0
AF	0	0.824865	1	1	0	0	0	0	0
AF	0	0.825250	2	0	2	1	0	0	1
AF	0	0.825635	7	5	2	0	0	0	0
AF	0	0.826020	12	8	4	1	0	0	1
AF	0	0.826405	10	10	0	0	0	0	0
AF	0	0.826790	38	20	18	1	0	0	1
AF	0	0.827175	4	4	0	1	0	0	1
AF	0	0.827560	28	21	7	0	0	0	0
AF	0	0.827945	5	2	3	0	0	0	0
AF	0	0.828329	123	75	48	0	0	0	0
AF	0	0.828714	1	1	0	0	0	0	0
AF	0	0.829099	4	2	2	0	0	0	0
AF	0	0.829484	1	1	0	0	0	0	0
AF	0	0.829869	1	1	0	0	0	0	0
AF	0	0.830254	1	0	1	0	0	0	0
AF	0	0.831024	1	0	1	0	0	0	0
AF	0	0.831409	0	0	0	1	0	0	1
AF	0	0.831794	2	1	1	0	0	0	0
AF	0	0.832179	5	3	2	1	0	0	1
AF	0	0.832564	1	0	1	0	0	0	0
AF	0	0.832948	1	1	0	0	0	0	0
AF	0	0.833333	3	1	2	0	0	0	0
AF	0	0.833718	12	10	2	0	0	0	0
AF	0	0.834488	1	0	1	0	0	0	0
AF	0	0.835643	1	1	0	1	0	0	1
AF	0	0.836798	1	1	0	0	0	0	0
AF	0	0.837567	2	1	1	0	0	0	0
AF	0	0.837952	2	2	0	0	0	0	0
AF	0	0.840262	1	1	0	0	0	0	0
AF	0	0.842956	1	0	1	0	0	0	0
AF	0	0.843341	1	1	0	0	0	0	0
AF	0	0.843726	2	2	0	0	0	0	0
AF	0	0.844496	1	1	0	0	0	0	0
AF	0	0.844881	1	1	0	0	0	0	0
AF	0	0.846805	2	1	1	0	0	0	0
AF	0	0.847575	1	0	1	0	0	0	0
AF	0	0.847960	1	1	0	1	0	0	1
AF	0	0.848345	1	1	0	0	0	0	0
AF	0	0.848730	1	1	0	0	0	0	0
AF	0	0.849500	1	0	1	0	0	0	0
AF	0	0.850269	2	2	0	0	0	0	0
AF	0	0.851039	1	1	0	0	0	0	0
AF	0	0.852194	1	0	1	0	0	0	0
AF	0	0.852579	1	0	1	0	0	0	0
AF	0	0.852964	1	0	1	0	0	0	0
AF	0	0.853349	1	0	1	0	0	0	0
AF	0	0.853734	0	0	0	1	0	0	1
AF	0	0.854503	1	0	1	0	0	0	0
AF	0	0.854888	2	1	1	0	0	0	0
AF	0	0.856043	1	0	1	0	0	0	0
AF	0	0.856428	1	1	0	0	0	0	0
AF	0	0.856813	1	0	1	0	0	0	0
AF	0	0.857198	1	0	1	0	0	0	0
AF	0	0.857583	3	2	1	0	0	0	0
AF	0	0.858737	2	0	2	0	0	0	0
AF	0	0.859122	1	0	1	0	0	0	0
AF	0	0.859507	1	0	1	0	0	0	0
AF	0	0.859892	2	2	0	0	0	0	0
AF	0	0.860277	1	1	0	0	0	0	0
AF	0	0.861047	1	0	1	0	0	0	0
AF	0	0.861432	1	1	0	0	0	0	0
AF	0	0.861817	1	0	1	0	0	0	0
AF	0	0.863356	1	0	1	0	0	0	0
AF	0	0.865666	1	1	0	0	0	0	0
AF	0	0.866051	1	0	1	0	0	0	0
AF	0	0.866436	2	0	2	0	0	0	0
AF	0	0.867206	1	1	0	0	0	0	0
AF	0	0.868360	1	0	1	0	0	0	0
AF	0	0.868745	1	1	0	0	0	0	0
AF	0	0.869130	2	1	1	0	0	0	0
AF	0	0.869515	2	0	2	0	0	0	0
AF	0	0.870670	1	0	1	0	0	0	0
AF	0	0.871055	1	1	0	0	0	0	0
AF	0	0.871440	1	1	0	0	0	0	0
AF	0	0.871824	3	0	3	0	0	0	0
AF	0	0.872209	3	2	1	0	0	0	0
AF	0	0.872594	1	1	0	0	0	0	0
AF	0	0.872979	2	0	2	0	0	0	0
AF	0	0.873364	1	0	1	0	0	0	0
AF	0	0.874904	2	1	1	0	0	0	0
AF	0	0.875289	0	0	0	1	0	0	1
AF	0	0.876059	1	0	1	0	0	0	0
AF	0	0.876443	1	0	1	0	0	0	0
AF	0	0.876828	1	0	1	0	0	0	0
AF	0	0.877213	2	1	1	0	0	0	0
AF	0	0.877598	1	1	0	0	0	0	0
AF	0	0.877983	3	2	1	0	0	0	0
AF	0	0.878753	2	0	2	0	0	0	0
AF	0	0.879908	2	1	1	0	0	0	0
AF	0	0.880677	1	1	0	0	0	0	0
AF	0	0.881062	1	1	0	0	0	0	0
AF	0	0.882217	1	1	0	0	0	0	0
AF	0	0.882987	1	0	1	0	0	0	0
AF	0	0.883757	2	1	1	0	0	0	0
AF	0	0.884142	1	0	1	0	0	0	0
AF	0	0.884911	1	1	0	0	0	0	0
AF	0	0.886451	0	0	0	1	0	0	1
AF	0	0.886836	2	2	0	0	0	0	0
AF	0	0.887221	1	1	0	0	0	0	0
AF	0	0.887991	1	1	0	0	0	0	0
AF	0	0.888376	2	0	2	0	0	0	0
AF	0	0.888761	1	0	1	0	0	0	0
AF	0	0.889530	2	2	0	0	0	0	0
AF	0	0.891455	1	1	0	0	0	0	0
AF	0	0.892225	1	0	1	0	0	0	0
AF	0	0.893380	2	1	1	0	0	0	0
AF	0	0.893764	1	1	0	0	0	0	0
AF	0	0.894149	1	1	0	0	0	0	0
AF	0	0.894534	3	1	2	0	0	0	0
AF	0	0.894919	1	0	1	0	0	0	0
AF	0	0.895304	2	1	1	0	0	0	0
AF	0	0.896074	1	0	1	0	0	0	0
AF	0	0.897229	1	1	0	0	0	0	0
AF	0	0.897614	1	1	0	0	0	0	0
AF	0	0.898768	1	1	0	0	0	0	0
AF	0	0.899153	1	0	1	0	0	0	0
AF	0	0.900308	1	0	1	0	0	0	0
AF	0	0.900693	2	2	0	0	0	0	0
AF	0	0.902232	1	0	1	0	0	0	0
AF	0	0.903387	1	0	1	0	0	0	0
AF	0	0.904157	1	1	0	0	0	0	0
AF	0	0.904542	1	1	0	0	0	0	0
AF	0	0.904927	2	1	1	1	0	0	1
AF	0	0.905697	1	0	1	0	0	0	0
AF	0	0.906082	3	3	0	0	0	0	0
AF	0	0.907621	1	0	1	0	0	0	0
AF	0	0.908006	1	0	1	0	0	0	0
AF	0	0.908391	1	1	0	0	0	0	0
AF	0	0.908776	1	0	1	0	0	0	0
AF	0	0.909546	3	0	3	0	0	0	0
AF	0	0.911470	2	1	1	0	0	0	0
AF	0	0.912240	1	1	0	0	0	0	0
AF	0	0.912625	1	1	0	0	0	0	0
AF	0	0.913010	0	0	0	1	0	0	1
AF	0	0.913780	1	0	1	0	0	0	0
AF	0	0.914165	1	0	1	0	0	0	0
AF	0	0.914550	2	0	2	0	0	0	0
AF	0	0.916089	1	1	0	1	0	0	1
AF	0	0.916859	2	1	1	0	0	0	0
AF	0	0.917244	1	1	0	0	0	0	0
AF	0	0.917629	1	0	1	1	0	0	1
AF	0	0.918399	2	1	1	1	0	0	1
AF	0	0.918784	1	0	1	0	0	0	0
AF	0	0.919169	2	1	1	0	0	0	0
AF	0	0.919554	1	0	1	0	0	0	0
AF	0	0.919938	0	0	0	1	0	0	1
AF	0	0.920708	0	0	0	1	0	0	1
AF	0	0.921478	1	1	0	0	0	0	0
AF	0	0.923403	2	1	1	0	0	0	0
AF	0	0.924557	2	0	2	0	0	0	0
AF	0	0.924942	2	1	1	0	0	0	0
AF	0	0.925327	2	0	2	0	0	0	0
AF	0	0.925712	2	1	1	0	0	0	0
AF	0	0.926482	1	1	0	0	0	0	0
AF	0	0.926867	2	1	1	0	0	0	0
AF	0	0.927637	1	0	1	0	0	0	0
AF	0	0.928406	2	2	0	0	0	0	0
AF	0	0.928791	1	0	1	0	0	0	0
AF	0	0.929946	4	2	2	0	0	0	0
AF	0	0.930331	1	1	0	0	0	0	0
AF	0	0.930716	2	1	1	0	0	0	0
AF	0	0.931101	3	3	0	0	0	0	0
AF	0	0.931871	1	1	0	0	0	0	0
AF	0	0.933410	1	1	0	0	0	0	0
AF	0	0.933795	1	1	0	0	0	0	0
AF	0	0.935335	1	0	1	0	0	0	0
AF	0	0.935720	2	0	2	0	0	0	0
AF	0	0.937259	2	0	2	0	0	0	0
AF	0	0.937644	1	0	1	0	0	0	0
AF	0	0.938799	1	1	0	0	0	0	0
AF	0	0.939184	1	0	1	0	0	0	0
AF	0	0.940724	1	0	1	1	0	0	1
AF	0	0.941109	1	0	1	0	0	0	0
AF	0	0.942648	1	1	0	0	0	0	0
AF	0	0.943418	1	0	1	0	0	0	0
AF	0	0.944958	2	0	2	0	0	0	0
AF	0	0.945727	1	0	1	0	0	0	0
AF	0	0.946497	5	3	2	0	0	0	0
AF	0	0.948037	1	1	0	0	0	0	0
AF	0	0.948807	2	0	2	2	0	0	2
AF	0	0.950346	1	1	0	0	0	0	0
AF	0	0.950731	1	0	1	0	0	0	0
AF	0	0.951116	2	1	1	0	0	0	0
AF	0	0.951886	1	0	1	0	0	0	0
AF	0	0.952271	2	0	2	0	0	0	0
AF	0	0.953041	2	1	1	0	0	0	0
AF	0	0.953426	1	1	0	0	0	0	0
AF	0	0.954196	2	1	1	2	0	0	2
AF	0	0.954580	1	0	1	0	0	0	0
AF	0	0.954965	3	0	3	0	0	0	0
AF	0	0.955735	3	2	1	0	0	0	0
AF	0	0.956120	1	1	0	0	0	0	0
AF	0	0.956505	1	0	1	1	0	0	1
AF	0	0.957275	1	1	0	0	0	0	0
AF	0	0.958045	1	0	1	0	0	0	0
AF	0	0.958430	1	0	1	0	0	0	0
AF	0	0.958814	2	1	1	0	0	0	0
AF	0	0.959584	4	1	3	0	0	0	0
AF	0	0.959969	2	1	1	0	0	0	0
AF	0	0.960354	5	1	4	0	0	0	0
AF	0	0.961124	2	2	0	0	0	0	0
AF	0	0.961509	5	4	1	0	0	0	0
AF	0	0.962279	1	0	1	0	0	0	0
AF	0	0.963048	2	0	2	0	0	0	0
AF	0	0.963818	2	2	0	0	0	0	0
AF	0	0.964203	1	1	0	0	0	0	0
AF	0	0.964588	1	0	1	0	0	0	0
AF	0	0.964973	0	0	0	1	0	0	1
AF	0	0.965358	1	1	0	0	0	0	0
AF	0	0.966128	1	1	0	0	0	0	0
AF	0	0.966513	1	1	0	0	0	0	0
AF	0	0.966898	1	1	0	0	0	0	0
AF	0	0.967283	2	1	1	0	0	0	0
AF	0	0.967667	2	1	1	0	0	0	0
AF	0	0.968052	1	0	1	0	0	0	0
AF	0	0.968437	1	0	1	0	0	0	0
AF	0	0.968822	2	0	2	0	0	0	0
AF	0	0.969207	1	0	1	0	0	0	0
AF	0	0.969592	3	1	2	0	0	0	0
AF	0	0.969977	1	1	0	0	0	0	0
AF	0	0.970362	3	1	2	0	0	0	0
AF	0	0.971901	2	1	1	0	0	0	0
AF	0	0.972671	2	0	2	0	0	0	0
AF	0	0.973056	2	1	1	1	0	0	1
AF	0	0.973441	2	1	1	0	0	0	0
AF	0	0.973826	1	1	0	0	0	0	0
AF	0	0.974596	2	1	1	0	0	0	0
AF	0	0.974981	1	1	0	0	0	0	0
AF	0	0.975751	2	1	1	0	0	0	0
AF	0	0.976520	1	0	1	0	0	0	0
AF	0	0.976905	1	0	1	0	0	0	0
AF	0	0.977290	1	1	0	0	0	0	0
AF	0	0.977675	2	2	0	0	0	0	0
AF	0	0.978060	1	1	0	0	0	0	0
AF	0	0.978445	3	1	2	0	0	0	0
AF	0	0.978830	3	2	1	0	0	0	0
AF	0	0.979215	2	2	0	0	0	0	0
AF	0	0.979600	2	2	0	0	0	0	0
AF	0	0.979985	2	1	1	0	0	0	0
AF	0	0.980370	1	1	0	1	0	0	1
AF	0	0.980754	3	2	1	0	0	0	0
AF	0	0.981139	2	1	1	0	0	0	0
AF	0	0.981524	2	0	2	0	0	0	0
AF	0	0.982294	1	1	0	1	0	0	1
AF	0	0.982679	1	1	0	0	0	0	0
AF	0	0.983064	3	1	2	0	0	0	0
AF	0	0.983449	4	0	4	0	0	0	0
AF	0	0.983834	4	2	2	2	0	0	2
AF	0	0.984219	4	2	2	0	0	0	0
AF	0	0.984604	7	4	3	0	0	0	0
AF	0	0.984988	2	1	1	0	0	0	0
AF	0	0.985373	4	3	1	0	0	0	0
AF	0	0.985758	3	2	1	0	0	0	0
AF	0	0.986143	3	2	1	0	0	0	0
AF	0	0.986528	3	1	2	0	0	0	0
AF	0	0.986913	3	2	1	1	0	0	1
AF	0	0.987298	2	0	2	0	0	0	0
AF	0	0.987683	5	4	1	0	0	0	0
AF	0	0.988068	2	0	2	0	0	0	0
AF	0	0.988453	9	7	2	0	0	0	0
AF	0	0.988838	1	0	1	0	0	0	0
AF	0	0.989222	5	2	3	1	0	0	1
AF	0	0.989992	5	5	0	0	0	0	0
AF	0	0.990377	1	0	1	0	0	0	0
AF	0	0.990762	6	4	2	0	0	0	0
AF	0	0.991532	5	4	1	1	0	0	1
AF	0	0.991917	1	0	1	0	0	0	0
AF	0	0.992302	10	4	6	0	0	0	0
AF	0	0.992687	1	0	1	0	0	0	0
AF	0	0.993072	10	5	5	0	0	0	0
AF	0	0.993841	9	4	5	1	0	0	1
AF	0	0.994226	3	1	2	0	0	0	0
AF	0	0.994611	14	11	3	3	0	0	3
AF	0	0.994996	1	0	1	0	0	0	0
AF	0	0.995381	11	6	5	2	0	0	2
AF	0	0.995766	2	1	1	0	0	0	0
AF	0	0.996151	11	7	4	0	0	0	0
AF	0	0.996921	15	3	12	1	0	0	1
AF	0	0.997306	4	0	4	0	0	0	0
AF	0	0.997691	21	9	12	4	0	0	4
AF	0	0.998075	3	2	1	0	0	0	0
AF	0	0.998460	36	19	17	5	0	0	5
AF	0	0.999615	223	113	110	33	0	0	33
# QUAL, Stats by quality:
# QUAL	[2]id	[3]Quality	[4]number of SNPs	[5]number of transitions (1st ALT)	[6]number of transversions (1st ALT)	[7]number of indels
QUAL	0	30	11	8	3	1
QUAL	0	31	32	17	15	1
QUAL	0	32	30	13	17	0
QUAL	0	33	23	13	10	1
QUAL	0	34	16	9	7	2
QUAL	0	35	18	14	4	1
QUAL	0	36	28	13	15	0
QUAL	0	37	353	176	177	6
QUAL	0	38	48	20	28	0
QUAL	0	39	14	5	9	0
QUAL	0	40	13	7	6	0
QUAL	0	41	46	20	26	0
QUAL	0	42	41	19	22	2
QUAL	0	43	25	12	13	3
QUAL	0	44	16	7	9	2
QUAL	0	45	31	12	19	0
QUAL	0	46	25	10	15	1
QUAL	0	47	24	11	13	1
QUAL	0	48	49	24	25	1
QUAL	0	49	25	12	13	2
QUAL	0	50	37	21	16	0
QUAL	0	51	257	121	136	0
QUAL	0	52	45	23	22	0
QUAL	0	53	49	30	19	1
QUAL	0	54	20	7	13	1
QUAL	0	55	24	13	11	1
QUAL	0	56	21	10	11	1
QUAL	0	57	18	7	11	3
QUAL	0	58	24	12	12	0
QUAL	0	59	28	18	10	1
QUAL	0	60	15	6	9	2
QUAL	0	61	55	23	32	2
QUAL	0	62	19	10	9	2
QUAL	0	63	18	9	9	0
QUAL	0	64	18	9	9	1
QUAL	0	65	20	11	9	0
QUAL	0	66	34	16	18	1
QUAL	0	67	21	9	12	0
QUAL	0	68	22	8	14	1
QUAL	0	69	24	8	16	0
QUAL	0	70	32	15	17	0
QUAL	0	71	37	16	21	1
QUAL	0	72	29	12	17	4
QUAL	0	73	13	6	7	19
QUAL	0	74	17	11	6	2
QUAL	0	75	22	9	13	2
QUAL	0	76	43	27	16	0
QUAL	0	77	32	16	16	2
QUAL	0	78	30	17	13	1
QUAL	0	79	13	7	6	1
QUAL	0	80	31	12	19	0
QUAL	0	81	27	12	15	1
QUAL	0	82	159	82	77	3
QUAL	0	83	33	20	13	2
QUAL	0	84	32	13	19	0
QUAL	0	85	34	16	18	1
QUAL	0	86	270	150	120	0
QUAL	0	87	38	19	19	2
QUAL	0	88	18	11	7	0
QUAL	0	89	18	8	10	7
QUAL	0	90	21	7	14	3
QUAL	0	91	22	7	15	1
QUAL	0	92	18	7	11	2
QUAL	0	93	18	9	9	2
QUAL	0	94	17	10	7	0
QUAL	0	95	28	13	15	0
QUAL	0	96	54	32	22	0
QUAL	0	97	10	5	5	0
QUAL	0	98	45	20	25	2
QUAL	0	99	17	6	11	0
QUAL	0	100	20	10	10	0
QUAL	0	101	46	29	17	1
QUAL	0	102	21	7	14	2
QUAL	0	103	16	7	9	0
QUAL	0	104	20	13	7	0
QUAL	0	105	19	11	8	1
QUAL	0	106	23	10	13	2
QUAL	0	107	14	3	11	2
QUAL	0	108	14	6	8	3
QUAL	0	109	29	14	15	0
QUAL	0	110	17	8	9	0
QUAL	0	111	55	30	25	1
QUAL	0	112	24	12	12	3
QUAL	0	113	15	4	11	2
QUAL	0	114	23	12	11	0
QUAL	0	115	22	12	10	1
QUAL	0	116	16	5	11	1
QUAL	0	117	29	11	18	2
QUAL	0	118	34	20	14	23
QUAL	0	119	22	8	14	2
QUAL	0	120	51	20	31	3
QUAL	0	121	305	158	147	2
QUAL	0	122	27	13	14	1
QUAL	0	123	9	4	5	4
QUAL	0	124	26	12	14	2
QUAL	0	125	10	8	2	2
QUAL	0	126	17	6	11	1
QUAL	0	127	87	36	51	4
QUAL	0	128	29	12	17	2
QUAL	0	129	18	8	10	0
QUAL	0	130	65	30	35	2
QUAL	0	131	24	10	14	3
QUAL	0	132	10	6	4	2
QUAL	0	133	20	10	10	1
QUAL	0	134	14	9	5	5
QUAL	0	135	18	8	10	0
QUAL	0	136	32	15	17	1
QUAL	0	137	18	8	10	1
QUAL	0	138	16	9	7	1
QUAL	0	139	16	8	8	0
QUAL	0	140	23	18	5	5
QUAL	0	141	23	10	13	5
QUAL	0	142	21	13	8	2
QUAL	0	143	27	13	14	2
QUAL	0	144	21	9	12	2
QUAL	0	145	20	10	10	2
QUAL	0	146	66	37	29	0
QUAL	0	147	33	19	14	0
QUAL	0	148	16	10	6	2
QUAL	0	149	27	17	10	2
QUAL	0	150	29	15	14	0
QUAL	0	151	14	6	8	1
QUAL	0	152	25	11	14	3
QUAL	0	153	46	20	26	2
QUAL	0	154	34	14	20	3
QUAL	0	155	73	39	34	1
QUAL	0	156	393	248	145	4
QUAL	0	157	26	9	17	3
QUAL	0	158	17	9	8	2
QUAL	0	159	25	12	13	6
QUAL	0	160	19	10	9	1
QUAL	0	161	19	10	9	3
QUAL	0	162	31	16	15	1
QUAL	0	163	14	7	7	16
QUAL	0	164	22	12	10	4
QUAL	0	165	89	56	33	0
QUAL	0	166	24	12	12	1
QUAL	0	167	14	5	9	2
QUAL	0	168	27	16	11	3
QUAL	0	169	13	5	8	0
QUAL	0	170	38	19	19	1
QUAL	0	171	13	6	7	0
QUAL	0	172	69	39	30	3
QUAL	0	173	18	5	13	5
QUAL	0	174	19	6	13	0
QUAL	0	175	28	21	7	4
QUAL	0	176	19	10	9	3
QUAL	0	177	24	11	13	2
QUAL	0	178	28	21	7	0
QUAL	0	179	21	11	9	1
QUAL	0	180	85	50	35	1
QUAL	0	181	46	19	27	1
QUAL	0	182	17	7	10	3
QUAL	0	183	15	6	9	0
QUAL	0	184	26	12	14	0
QUAL	0	185	24	13	11	0
QUAL	0	186	27	14	13	2
QUAL	0	187	48	31	17	3
QUAL	0	188	28	17	11	1
QUAL	0	189	34	17	17	1
QUAL	0	190	578	332	246	1
QUAL	0	191	36	24	12	1
QUAL	0	192	18	8	10	5
QUAL	0	193	26	13	13	2
QUAL	0	194	23	17	6	2
QUAL	0	195	24	13	11	4
QUAL	0	196	25	11	13	4
QUAL	0	197	24	14	10	3
QUAL	0	198	20	8	12	3
QUAL	0	199	24	12	12	5
QUAL	0	200	130	90	40	5
QUAL	0	201	21	9	12	1
QUAL	0	202	13	8	5	5
QUAL	0	203	11	5	6	2
QUAL	0	204	14	5	9	0
QUAL	0	205	65	34	31	1
QUAL	0	206	21	14	7	1
QUAL	0	207	28	19	9	2
QUAL	0	208	9	8	1	11
QUAL	0	209	40	27	13	1
QUAL	0	210	28	11	17	3
QUAL	0	211	13	8	5	1
QUAL	0	212	17	10	7	2
QUAL	0	213	34	20	14	3
QUAL	0	214	24	13	11	4
QUAL	0	215	111	62	49	1
QUAL	0	216	34	17	17	0
QUAL	0	217	58	30	28	5
QUAL	0	218	18	9	9	3
QUAL	0	219	61	30	31	2
QUAL	0	220	32	13	19	1
QUAL	0	221	24	14	10	1
QUAL	0	222	56	31	25	3
QUAL	0	223	38	26	11	2
QUAL	0	224	77	42	35	6
QUAL	0	225	790	471	319	2
QUAL	0	226	19	7	12	1
QUAL	0	227	31	12	19	1
QUAL	0	228	17	10	7	1
QUAL	0	229	19	7	12	1
QUAL	0	230	20	13	7	1
QUAL	0	231	19	10	9	3
QUAL	0	232	21	11	10	1
QUAL	0	233	42	16	26	2
QUAL	0	234	40	24	16	2
QUAL	0	235	143	89	54	3
QUAL	0	236	12	5	7	4
QUAL	0	237	19	7	12	2
QUAL	0	238	22	11	11	1
QUAL	0	239	33	17	16	1
QUAL	0	240	78	45	33	2
QUAL	0	241	21	10	11	2
QUAL	0	242	28	15	13	5
QUAL	0	243	18	7	11	1
QUAL	0	244	55	35	20	3
QUAL	0	245	33	22	11	1
QUAL	0	246	15	9	6	3
QUAL	0	247	26	13	13	4
QUAL	0	248	23	16	7	6
QUAL	0	249	32	20	12	3
QUAL	0	250	151	93	58	2
QUAL	0	251	46	27	19	2
QUAL	0	252	14	6	8	1
QUAL	0	253	17	11	6	23
QUAL	0	254	58	34	24	5
QUAL	0	255	23	12	11	5
QUAL	0	256	28	18	10	4
QUAL	0	257	91	50	41	4
QUAL	0	258	61	35	26	3
QUAL	0	259	180	116	63	6
QUAL	0	260	1110	653	457	2
QUAL	0	261	33	15	18	2
QUAL	0	262	52	35	17	2
QUAL	0	263	17	9	8	1
QUAL	0	264	29	18	11	3
QUAL	0	265	26	13	13	3
QUAL	0	266	45	19	26	1
QUAL	0	267	26	14	12	1
QUAL	0	268	28	23	5	1
QUAL	0	269	229	128	101	4
QUAL	0	270	20	13	6	4
QUAL	0	271	20	9	11	3
QUAL	0	272	18	7	11	1
QUAL	0	273	25	15	10	3
QUAL	0	274	43	31	12	3
QUAL	0	275	102	54	48	7
QUAL	0	276	12	3	9	0
QUAL	0	277	34	12	20	3
QUAL	0	278	30	16	14	1
QUAL	0	279	55	24	31	1
QUAL	0	280	36	20	14	4
QUAL	0	281	22	12	10	5
QUAL	0	282	26	16	10	2
QUAL	0	283	38	23	15	4
QUAL	0	284	76	54	22	4
QUAL	0	285	184	102	82	7
QUAL	0	286	50	33	17	8
QUAL	0	287	13	9	4	4
QUAL	0	288	39	26	12	5
QUAL	0	289	57	32	25	7
QUAL	0	290	26	14	12	3
QUAL	0	291	34	20	14	4
QUAL	0	292	107	68	39	5
QUAL	0	293	101	60	41	1
QUAL	0	294	237	139	98	3
QUAL	0	295	1412	850	562	1
QUAL	0	296	28	18	10	0
QUAL	0	297	15	7	8	5
QUAL	0	298	34	16	18	17
QUAL	0	299	32	15	17	5
QUAL	0	300	24	14	10	3
QUAL	0	301	27	16	10	7
QUAL	0	302	20	13	7	4
QUAL	0	303	50	23	27	8
QUAL	0	304	298	169	129	10
QUAL	0	305	39	16	22	2
QUAL	0	306	23	13	10	1
QUAL	0	307	68	33	35	3
QUAL	0	308	37	17	20	3
QUAL	0	309	184	109	75	8
QUAL	0	310	31	13	18	3
QUAL	0	311	26	13	13	4
QUAL	0	312	25	13	12	7
QUAL	0	313	30	16	14	9
QUAL	0	314	88	53	35	4
QUAL	0	315	19	6	13	3
QUAL	0	316	36	23	13	2
QUAL	0	317	48	28	20	4
QUAL	0	318	38	18	19	1
QUAL	0	319	307	186	121	1
QUAL	0	320	56	31	25	3
QUAL	0	321	28	14	14	2
QUAL	0	322	22	15	7	3
QUAL	0	323	72	37	35	6
QUAL	0	324	37	22	15	2
QUAL	0	325	24	13	11	3
QUAL	0	326	100	63	36	0
QUAL	0	327	76	42	33	1
QUAL	0	328	209	120	89	2
QUAL	0	329	1975	1186	789	1
QUAL	0	330	33	22	11	6
QUAL	0	331	20	14	6	6
QUAL	0	332	31	15	16	6
QUAL	0	333	29	19	10	13
QUAL	0	334	39	23	16	6
QUAL	0	335	26	12	13	3
QUAL	0	336	32	18	14	5
QUAL	0	337	34	13	21	0
QUAL	0	338	61	41	20	6
QUAL	0	339	344	196	148	1
QUAL	0	340	21	12	9	4
QUAL	0	341	25	14	11	5
QUAL	0	342	37	20	17	7
QUAL	0	343	48	28	20	66
QUAL	0	344	214	114	100	7
QUAL	0	345	23	10	13	6
QUAL	0	346	26	15	11	1
QUAL	0	347	27	17	10	4
QUAL	0	348	80	44	36	3
QUAL	0	349	45	24	21	4
QUAL	0	350	10	4	5	5
QUAL	0	351	37	19	18	0
QUAL	0	352	101	52	49	6
QUAL	0	353	57	33	23	3
QUAL	0	354	333	206	127	3
QUAL	0	355	70	33	37	1
QUAL	0	356	19	10	9	3
QUAL	0	357	22	8	14	3
QUAL	0	358	91	46	44	6
QUAL	0	359	44	18	26	3
QUAL	0	360	29	20	9	4
QUAL	0	361	121	74	47	4
QUAL	0	362	108	51	57	6
QUAL	0	363	243	146	96	8
QUAL	0	364	2211	1342	868	6
QUAL	0	365	28	18	10	7
QUAL	0	366	18	10	8	10
QUAL	0	367	19	12	7	9
QUAL	0	368	36	17	19	2
QUAL	0	369	52	30	22	1
QUAL	0	370	28	21	7	3
QUAL	0	371	28	14	14	3
QUAL	0	372	27	12	15	6
QUAL	0	373	107	71	36	10
QUAL	0	374	404	256	148	10
QUAL	0	375	15	10	5	1
QUAL	0	376	30	13	17	4
QUAL	0	377	49	33	16	10
QUAL	0	378	71	40	31	5
QUAL	0	379	268	160	108	8
QUAL	0	380	18	12	6	0
QUAL	0	381	37	21	16	2
QUAL	0	382	24	8	15	3
QUAL	0	383	86	57	29	14
QUAL	0	384	46	33	13	4
QUAL	0	385	24	14	10	2
QUAL	0	386	39	17	22	8
QUAL	0	387	80	46	34	13
QUAL	0	388	140	88	52	50
QUAL	0	389	383	244	139	5
QUAL	0	390	59	29	29	1
QUAL	0	391	24	12	12	4
QUAL	0	392	33	19	14	3
QUAL	0	393	85	49	36	2
QUAL	0	394	49	28	21	4
QUAL	0	395	59	26	33	10
QUAL	0	396	144	75	68	6
QUAL	0	397	194	116	78	4
QUAL	0	398	422	271	151	4
QUAL	0	399	2338	1436	902	1
QUAL	0	400	13	8	5	3
QUAL	0	401	27	18	9	5
QUAL	0	402	29	19	10	8
QUAL	0	403	42	24	18	7
QUAL	0	404	64	35	29	6
QUAL	0	405	43	31	12	1
QUAL	0	406	35	18	17	5
QUAL	0	407	63	38	25	0
QUAL	0	408	465	289	176	4
QUAL	0	409	20	11	9	5
QUAL	0	410	23	12	11	2
QUAL	0	411	33	16	17	3
QUAL	0	412	38	20	18	1
QUAL	0	413	93	57	35	8
QUAL	0	414	286	168	118	7
QUAL	0	415	18	9	9	6
QUAL	0	416	30	17	13	5
QUAL	0	417	23	14	9	3
QUAL	0	418	92	51	40	2
QUAL	0	419	45	24	21	4
QUAL	0	420	20	15	5	10
QUAL	0	421	34	19	15	7
QUAL	0	422	77	44	32	18
QUAL	0	423	153	80	73	19
QUAL	0	424	342	207	135	11
QUAL	0	425	63	34	28	13
QUAL	0	426	25	13	12	7
QUAL	0	427	33	15	18	6
QUAL	0	428	106	68	38	6
QUAL	0	429	36	17	18	3
QUAL	0	430	59	34	25	4
QUAL	0	431	159	93	66	5
QUAL	0	432	206	117	89	3
QUAL	0	433	525	320	205	44
QUAL	0	434	2365	1477	888	5
QUAL	0	435	32	16	15	7
QUAL	0	436	27	15	12	3
QUAL	0	437	39	24	14	12
QUAL	0	438	76	48	28	4
QUAL	0	439	37	26	11	5
QUAL	0	440	41	22	19	1
QUAL	0	441	55	26	29	3
QUAL	0	442	138	71	66	6
QUAL	0	443	515	320	195	0
QUAL	0	444	22	11	11	4
QUAL	0	445	32	17	12	6
QUAL	0	446	33	18	15	1
QUAL	0	447	64	33	31	8
QUAL	0	448	364	235	129	4
QUAL	0	449	28	12	16	6
QUAL	0	450	35	25	10	3
QUAL	0	451	13	8	4	7
QUAL	0	452	41	29	12	4
QUAL	0	453	107	65	42	1
QUAL	0	454	29	16	13	4
QUAL	0	455	32	15	17	6
QUAL	0	456	52	35	17	9
QUAL	0	457	79	49	28	3
QUAL	0	458	535	330	205	8
QUAL	0	459	66	37	29	3
QUAL	0	460	18	9	9	7
QUAL	0	461	30	15	15	12
QUAL	0	462	97	58	39	10
QUAL	0	463	52	33	19	6
QUAL	0	464	36	23	13	13
QUAL	0	465	121	70	51	5
QUAL	0	466	112	62	50	8
QUAL	0	467	359	206	153	9
QUAL	0	468	1636	991	645	8
QUAL	0	469	973	615	358	7
QUAL	0	470	18	7	11	4
QUAL	0	471	16	8	8	3
QUAL	0	472	43	25	18	5
QUAL	0	473	86	58	28	6
QUAL	0	474	45	25	20	7
QUAL	0	475	39	17	22	6
QUAL	0	476	53	26	27	2
QUAL	0	477	99	57	41	4
QUAL	0	478	426	263	163	52
QUAL	0	479	22	12	10	8
QUAL	0	480	24	11	13	3
QUAL	0	481	36	21	15	5
QUAL	0	482	66	37	29	5
QUAL	0	483	356	217	139	2
QUAL	0	484	29	10	19	1
QUAL	0	485	24	13	10	7
QUAL	0	486	40	22	18	6
QUAL	0	487	116	62	54	5
QUAL	0	488	98	61	37	3
QUAL	0	489	23	12	10	7
QUAL	0	490	37	16	21	2
QUAL	0	491	56	36	20	5
QUAL	0	492	87	48	39	2
QUAL	0	493	470	299	171	5
QUAL	0	494	72	33	39	3
QUAL	0	495	18	9	9	4
QUAL	0	496	29	14	15	4
QUAL	0	497	71	40	30	7
QUAL	0	498	61	33	28	9
QUAL	0	499	46	22	24	10
QUAL	0	500	119	70	49	11
QUAL	0	501	127	71	56	1
QUAL	0	502	286	170	116	5
QUAL	0	503	2368	1463	904	6
QUAL	0	504	25	12	13	5
QUAL	0	505	23	14	9	10
QUAL	0	506	31	18	13	5
QUAL	0	507	44	30	14	2
QUAL	0	508	95	58	37	4
QUAL	0	509	61	31	30	15
QUAL	0	510	44	26	17	7
QUAL	0	511	58	30	28	3
QUAL	0	512	121	70	51	8
QUAL	0	513	369	237	132	9
QUAL	0	514	21	11	10	6
QUAL	0	515	24	13	11	4
QUAL	0	516	44	25	19	1
QUAL	0	517	82	53	29	3
QUAL	0	518	328	199	129	2
QUAL	0	519	23	14	9	1
QUAL	0	520	35	21	14	4
QUAL	0	521	25	16	9	3
QUAL	0	522	105	67	37	3
QUAL	0	523	32	20	11	49
QUAL	0	524	27	12	15	10
QUAL	0	525	29	18	10	2
QUAL	0	526	55	27	28	2
QUAL	0	527	166	101	64	2
QUAL	0	528	321	198	123	6
QUAL	0	529	47	19	28	9
QUAL	0	530	22	11	11	11
QUAL	0	531	48	26	22	3
QUAL	0	532	138	69	69	3
QUAL	0	533	69	34	35	1
QUAL	0	534	41	26	15	6
QUAL	0	535	116	75	41	3
QUAL	0	536	144	87	57	5
QUAL	0	537	397	246	151	12
QUAL	0	538	1933	1204	729	15
QUAL	0	539	19	10	8	4
QUAL	0	540	22	11	11	1
QUAL	0	541	28	15	12	6
QUAL	0	542	46	28	18	5
QUAL	0	543	83	47	36	7
QUAL	0	544	69	36	33	7
QUAL	0	545	34	18	16	14
QUAL	0	546	64	39	25	2
QUAL	0	547	138	90	48	10
QUAL	0	548	308	213	95	6
QUAL	0	549	32	20	10	3
QUAL	0	550	42	21	21	2
QUAL	0	551	45	25	20	4
QUAL	0	552	133	80	53	2
QUAL	0	553	343	216	127	2
QUAL	0	554	28	19	9	0
QUAL	0	555	21	12	9	4
QUAL	0	556	39	18	20	7
QUAL	0	557	76	47	29	6
QUAL	0	558	34	24	10	18
QUAL	0	559	24	14	10	3
QUAL	0	560	42	21	20	7
QUAL	0	561	54	34	20	6
QUAL	0	562	138	83	55	7
QUAL	0	563	278	175	102	5
QUAL	0	564	46	20	25	8
QUAL	0	565	20	7	13	1
QUAL	0	566	36	23	13	2
QUAL	0	567	103	63	40	2
QUAL	0	568	45	25	20	52
QUAL	0	569	51	24	27	5
QUAL	0	570	118	68	50	6
QUAL	0	571	162	105	56	3
QUAL	0	572	405	242	163	2
QUAL	0	573	1682	1033	649	6
QUAL	0	574	12	8	4	1
QUAL	0	575	22	11	11	17
QUAL	0	576	45	24	21	3
QUAL	0	577	147	81	66	4
QUAL	0	578	71	41	30	2
QUAL	0	579	66	40	26	7
QUAL	0	580	33	14	19	5
QUAL	0	581	60	35	25	8
QUAL	0	582	378	240	137	1
QUAL	0	583	31	12	17	1
QUAL	0	584	28	19	8	6
QUAL	0	585	32	23	9	8
QUAL	0	586	49	35	14	11
QUAL	0	587	326	208	118	3
QUAL	0	588	34	20	14	3
QUAL	0	589	19	8	10	2
QUAL	0	590	13	6	7	0
QUAL	0	591	34	14	19	4
QUAL	0	592	82	51	31	5
QUAL	0	593	64	30	33	4
QUAL	0	594	33	23	10	3
QUAL	0	595	41	22	19	4
QUAL	0	596	82	43	39	5
QUAL	0	597	158	91	67	4
QUAL	0	598	225	140	85	3
QUAL	0	599	28	16	12	5
QUAL	0	600	15	8	7	4
QUAL	0	601	50	32	18	0
QUAL	0	602	76	40	36	5
QUAL	0	603	42	28	14	16
QUAL	0	604	42	24	18	1
QUAL	0	605	112	78	33	5
QUAL	0	606	201	116	85	4
QUAL	0	607	518	322	194	6
QUAL	0	608	1005	622	383	4
QUAL	0	609	17	9	8	8
QUAL	0	610	26	14	12	6
QUAL	0	611	57	31	26	12
QUAL	0	612	96	53	43	3
QUAL	0	613	115	72	43	65
QUAL	0	614	41	22	19	3
QUAL	0	615	38	23	15	1
QUAL	0	616	54	25	27	7
QUAL	0	617	259	163	96	6
QUAL	0	618	24	16	8	7
QUAL	0	619	19	16	2	4
QUAL	0	620	32	13	19	4
QUAL	0	621	76	46	29	6
QUAL	0	622	354	205	149	8
QUAL	0	623	40	25	15	5
QUAL	0	624	23	11	12	9
QUAL	0	625	11	8	3	5
QUAL	0	626	39	23	16	7
QUAL	0	627	56	30	26	5
QUAL	0	628	32	17	15	3
QUAL	0	629	26	20	6	1
QUAL	0	630	39	25	14	5
QUAL	0	631	72	49	23	1
QUAL	0	632	295	191	103	3
QUAL	0	633	40	23	17	1
QUAL	0	634	19	13	6	5
QUAL	0	635	27	18	9	6
QUAL	0	636	60	32	28	1
QUAL	0	637	41	19	22	6
QUAL	0	638	56	36	19	5
QUAL	0	639	72	36	36	2
QUAL	0	640	88	48	40	4
QUAL	0	641	199	121	78	3
QUAL	0	642	1142	686	456	7
QUAL	0	643	21	9	12	1
QUAL	0	644	19	13	6	4
QUAL	0	645	25	14	11	5
QUAL	0	646	36	19	16	9
QUAL	0	647	71	35	36	12
QUAL	0	648	130	79	50	8
QUAL	0	649	18	8	10	6
QUAL	0	650	39	22	17	9
QUAL	0	651	71	45	26	3
QUAL	0	652	208	127	80	7
QUAL	0	653	21	9	12	9
QUAL	0	654	34	17	16	6
QUAL	0	655	35	23	12	3
QUAL	0	656	76	45	31	3
QUAL	0	657	259	166	93	4
QUAL	0	658	53	33	20	36
QUAL	0	659	15	8	6	7
QUAL	0	660	25	17	8	1
QUAL	0	661	43	23	20	3
QUAL	0	662	38	24	14	5
QUAL	0	663	39	22	17	8
QUAL	0	664	25	11	13	3
QUAL	0	665	41	17	24	1
QUAL	0	666	82	47	34	8
QUAL	0	667	239	139	100	7
QUAL	0	668	33	18	15	1
QUAL	0	669	14	9	5	5
QUAL	0	670	25	15	10	3
QUAL	0	671	46	28	16	2
QUAL	0	672	68	39	29	5
QUAL	0	673	44	28	16	2
QUAL	0	674	66	46	20	5
QUAL	0	675	75	41	34	2
QUAL	0	676	188	109	79	2
QUAL	0	677	862	526	336	0
QUAL	0	678	20	9	11	3
QUAL	0	679	19	9	8	1
QUAL	0	680	29	13	16	4
QUAL	0	681	48	32	16	5
QUAL	0	682	124	71	53	2
QUAL	0	683	145	89	56	6
QUAL	0	684	24	20	4	6
QUAL	0	685	35	21	14	3
QUAL	0	686	69	42	27	2
QUAL	0	687	119	75	43	8
QUAL	0	688	27	12	14	8
QUAL	0	689	26	13	12	3
QUAL	0	690	39	24	13	7
QUAL	0	691	70	42	28	6
QUAL	0	692	203	132	70	6
QUAL	0	693	26	16	10	8
QUAL	0	694	16	10	6	3
QUAL	0	695	17	10	7	8
QUAL	0	696	58	32	24	5
QUAL	0	697	49	25	24	5
QUAL	0	698	38	27	11	1
QUAL	0	699	20	13	7	0
QUAL	0	700	38	23	14	10
QUAL	0	701	88	49	39	5
QUAL	0	702	154	96	57	2
QUAL	0	703	18	13	5	46
QUAL	0	704	11	5	6	6
QUAL	0	705	20	9	11	3
QUAL	0	706	59	40	19	4
QUAL	0	707	50	29	21	3
QUAL	0	708	53	31	22	3
QUAL	0	709	39	24	15	2
QUAL	0	710	81	52	29	2
QUAL	0	711	208	119	89	0
QUAL	0	712	586	369	217	2
QUAL	0	713	13	9	4	3
QUAL	0	714	17	13	3	1
QUAL	0	715	45	24	21	1
QUAL	0	716	65	43	21	6
QUAL	0	717	192	112	80	3
QUAL	0	718	132	80	52	3
QUAL	0	719	24	15	9	2
QUAL	0	720	33	19	14	6
QUAL	0	721	107	68	39	4
QUAL	0	722	31	17	13	5
QUAL	0	723	22	14	7	5
QUAL	0	724	27	17	10	8
QUAL	0	725	38	25	13	7
QUAL	0	726	86	59	27	2
QUAL	0	727	158	100	56	2
QUAL	0	728	29	19	10	5
QUAL	0	729	13	8	5	2
QUAL	0	730	27	14	13	1
QUAL	0	731	49	31	18	2
QUAL	0	732	56	29	26	3
QUAL	0	733	15	10	5	2
QUAL	0	734	29	13	16	3
QUAL	0	735	19	10	9	2
QUAL	0	736	80	56	24	2
QUAL	0	737	102	64	38	6
QUAL	0	738	14	8	6	6
QUAL	0	739	22	13	9	3
QUAL	0	740	32	18	14	2
QUAL	0	741	46	29	17	7
QUAL	0	742	82	55	27	2
QUAL	0	743	39	25	14	3
QUAL	0	744	47	20	26	0
QUAL	0	745	72	42	29	2
QUAL	0	746	178	105	72	5
QUAL	0	747	366	235	130	12
QUAL	0	748	21	11	10	42
QUAL	0	749	29	20	9	6
QUAL	0	750	30	15	15	1
QUAL	0	751	95	56	39	2
QUAL	0	752	233	132	101	2
QUAL	0	753	93	65	28	2
QUAL	0	754	18	8	8	5
QUAL	0	755	29	15	14	2
QUAL	0	756	113	67	46	3
QUAL	0	757	73	34	39	4
QUAL	0	758	22	12	9	3
QUAL	0	759	26	16	10	3
QUAL	0	760	38	24	14	4
QUAL	0	761	144	93	51	1
QUAL	0	762	51	34	17	5
QUAL	0	763	13	8	5	8
QUAL	0	764	16	10	6	8
QUAL	0	765	26	14	11	5
QUAL	0	766	47	31	16	4
QUAL	0	767	70	39	31	7
QUAL	0	768	13	7	6	2
QUAL	0	769	16	9	6	1
QUAL	0	770	28	14	14	4
QUAL	0	771	125	72	52	4
QUAL	0	772	15	10	5	4
QUAL	0	773	22	11	11	5
QUAL	0	774	21	12	8	1
QUAL	0	775	32	16	15	2
QUAL	0	776	66	39	27	3
QUAL	0	777	75	51	24	2
QUAL	0	778	34	20	14	2
QUAL	0	779	43	22	20	4
QUAL	0	780	71	39	32	2
QUAL	0	781	348	226	122	3
QUAL	0	782	31	13	18	10
QUAL	0	783	21	9	11	8
QUAL	0	784	30	20	10	3
QUAL	0	785	46	20	26	2
QUAL	0	786	125	78	47	4
QUAL	0	787	279	162	117	4
QUAL	0	788	41	21	20	3
QUAL	0	789	19	12	7	3
QUAL	0	790	31	21	10	2
QUAL	0	791	75	43	32	3
QUAL	0	792	28	16	12	8
QUAL	0	793	13	5	8	30
QUAL	0	794	22	14	7	7
QUAL	0	795	46	34	12	4
QUAL	0	796	171	114	56	3
QUAL	0	797	49	28	21	3
QUAL	0	798	17	9	8	7
QUAL	0	799	6	1	5	11
QUAL	0	800	39	24	15	4
QUAL	0	801	46	27	19	1
QUAL	0	802	92	48	43	2
QUAL	0	803	12	7	5	1
QUAL	0	804	24	13	11	3
QUAL	0	805	37	20	16	1
QUAL	0	806	90	56	34	2
QUAL	0	807	20	9	11	2
QUAL	0	808	20	8	12	4
QUAL	0	809	25	15	10	11
QUAL	0	810	41	20	20	5
QUAL	0	811	58	29	28	3
QUAL	0	812	85	51	34	4
QUAL	0	813	14	8	6	3
QUAL	0	814	31	22	9	5
QUAL	0	815	71	49	21	3
QUAL	0	816	261	169	92	4
QUAL	0	817	27	14	11	3
QUAL	0	818	26	15	11	4
QUAL	0	819	33	21	11	2
QUAL	0	820	66	41	25	4
QUAL	0	821	167	89	78	5
QUAL	0	822	294	189	105	3
QUAL	0	823	12	8	4	3
QUAL	0	824	17	10	7	2
QUAL	0	825	26	13	12	5
QUAL	0	826	70	39	30	7
QUAL	0	827	26	10	16	6
QUAL	0	828	16	9	7	13
QUAL	0	829	23	9	14	0
QUAL	0	830	57	33	24	4
QUAL	0	831	128	76	52	5
QUAL	0	832	47	26	21	5
QUAL	0	833	19	12	7	4
QUAL	0	834	24	8	16	3
QUAL	0	835	36	26	10	1
QUAL	0	836	75	51	24	1
QUAL	0	837	67	46	21	7
QUAL	0	838	16	10	6	28
QUAL	0	839	20	13	6	4
QUAL	0	840	43	26	16	7
QUAL	0	841	83	46	36	6
QUAL	0	842	20	15	5	3
QUAL	0	843	21	8	12	7
QUAL	0	844	26	16	10	8
QUAL	0	845	40	21	18	3
QUAL	0	846	107	64	43	6
QUAL	0	847	89	51	38	1
QUAL	0	848	25	17	8	3
QUAL	0	849	28	13	15	0
QUAL	0	850	64	41	23	4
QUAL	0	851	159	94	65	2
QUAL	0	852	21	11	8	2
QUAL	0	853	32	17	15	3
QUAL	0	854	37	19	17	6
QUAL	0	855	76	47	28	3
QUAL	0	856	220	132	88	1
QUAL	0	857	218	126	92	3
QUAL	0	858	19	10	8	1
QUAL	0	859	18	9	9	0
QUAL	0	860	54	32	21	2
QUAL	0	861	39	22	16	6
QUAL	0	862	21	13	7	0
QUAL	0	863	20	11	9	2
QUAL	0	864	32	18	13	3
QUAL	0	865	44	31	13	2
QUAL	0	866	112	72	40	3
QUAL	0	867	26	14	12	3
QUAL	0	868	16	9	7	3
QUAL	0	869	25	18	7	5
QUAL	0	870	47	26	20	1
QUAL	0	871	91	53	38	5
QUAL	0	872	44	26	17	6
QUAL	0	873	14	9	5	12
QUAL	0	874	25	18	7	3
QUAL	0	875	45	31	13	4
QUAL	0	876	47	26	21	2
QUAL	0	877	13	3	10	5
QUAL	0	878	21	10	11	1
QUAL	0	879	37	24	13	1
QUAL	0	880	39	25	14	5
QUAL	0	881	111	62	49	1
QUAL	0	882	54	31	22	5
QUAL	0	883	21	15	3	18
QUAL	0	884	40	24	16	1
QUAL	0	885	62	38	23	1
QUAL	0	886	115	72	42	1
QUAL	0	887	16	5	10	2
QUAL	0	888	18	10	8	5
QUAL	0	889	56	32	24	6
QUAL	0	890	115	71	44	2
QUAL	0	891	298	184	114	1
QUAL	0	892	142	84	57	2
QUAL	0	893	17	6	11	4
QUAL	0	894	18	11	7	3
QUAL	0	895	39	24	15	5
QUAL	0	896	54	31	23	3
QUAL	0	897	14	6	6	4
QUAL	0	898	27	16	9	1
QUAL	0	899	49	27	21	6
QUAL	0	900	91	62	28	2
QUAL	0	901	123	80	43	2
QUAL	0	902	16	7	6	3
QUAL	0	903	22	17	5	2
QUAL	0	904	35	21	13	4
QUAL	0	905	52	37	15	2
QUAL	0	906	106	64	42	3
QUAL	0	907	21	13	8	3
QUAL	0	908	25	18	7	3
QUAL	0	909	29	12	17	2
QUAL	0	910	59	38	21	3
QUAL	0	911	31	16	15	4
QUAL	0	912	14	8	6	5
QUAL	0	913	18	16	2	4
QUAL	0	914	32	19	13	2
QUAL	0	915	72	43	29	2
QUAL	0	916	111	77	32	1
QUAL	0	917	37	17	20	3
QUAL	0	918	23	15	8	6
QUAL	0	919	27	16	11	1
QUAL	0	920	102	59	43	2
QUAL	0	921	31	19	12	5
QUAL	0	922	21	11	10	1
QUAL	0	923	40	24	16	3
QUAL	0	924	56	31	25	3
QUAL	0	925	125	67	58	1
QUAL	0	926	378	254	123	5
QUAL	0	927	65	42	23	3
QUAL	0	928	16	10	6	19
QUAL	0	929	17	10	7	0
QUAL	0	930	46	37	9	2
QUAL	0	931	25	18	7	1
QUAL	0	932	25	11	14	2
QUAL	0	933	24	10	13	2
QUAL	0	934	44	31	13	8
QUAL	0	935	100	63	37	3
QUAL	0	936	98	69	29	6
QUAL	0	937	42	22	20	1
QUAL	0	938	21	10	11	1
QUAL	0	939	32	13	19	0
QUAL	0	940	72	45	26	2
QUAL	0	941	83	49	34	1
QUAL	0	942	18	10	7	1
QUAL	0	943	22	9	12	3
QUAL	0	944	21	12	9	5
QUAL	0	945	56	35	19	2
QUAL	0	946	20	9	11	3
QUAL	0	947	16	11	5	2
QUAL	0	948	26	16	10	3
QUAL	0	949	47	28	19	2
QUAL	0	950	76	45	31	4
QUAL	0	951	110	75	35	3
QUAL	0	952	28	16	12	4
QUAL	0	953	30	13	15	2
QUAL	0	954	28	21	6	5
QUAL	0	955	89	52	37	3
QUAL	0	956	24	14	10	2
QUAL	0	957	20	12	8	1
QUAL	0	958	37	21	15	7
QUAL	0	959	63	46	17	2
QUAL	0	960	192	122	70	2
QUAL	0	961	347	213	133	2
QUAL	0	962	30	19	10	2
QUAL	0	963	16	10	6	1
QUAL	0	964	26	18	8	5
QUAL	0	965	35	20	15	1
QUAL	0	966	23	17	6	3
QUAL	0	967	22	11	10	0
QUAL	0	968	36	25	11	1
QUAL	0	969	56	31	25	2
QUAL	0	970	102	69	33	1
QUAL	0	971	80	51	29	3
QUAL	0	972	24	14	8	1
QUAL	0	973	20	10	10	14
QUAL	0	974	39	25	14	3
QUAL	0	975	87	59	28	3
QUAL	0	976	59	32	27	2
QUAL	0	977	15	7	8	1
QUAL	0	978	26	18	8	2
QUAL	0	979	27	19	8	7
QUAL	0	980	50	26	24	9
QUAL	0	981	24	16	8	5
QUAL	0	982	34	18	16	1
QUAL	0	983	31	16	15	2
QUAL	0	984	49	30	17	4
QUAL	0	985	104	70	34	1
QUAL	0	986	73	46	26	4
QUAL	0	987	20	11	9	2
QUAL	0	988	23	15	7	1
QUAL	0	989	31	15	15	12
QUAL	0	990	64	37	26	2
QUAL	0	991	27	18	9	2
QUAL	0	992	26	15	11	2
QUAL	0	993	52	34	18	4
QUAL	0	994	73	42	30	3
QUAL	0	995	227	144	83	3
QUAL	0	996	257	163	94	4
QUAL	0	997	14	7	7	0
QUAL	0	998	56666	33938	22091	6084
# IDD, InDel distribution:
# IDD	[2]id	[3]length (deletions negative)	[4]count
IDD	0	-60	78
IDD	0	-59	2
IDD	0	-58	2
IDD	0	-57	4
IDD	0	-56	1
IDD	0	-55	4
IDD	0	-54	1
IDD	0	-52	1
IDD	0	-51	1
IDD	0	-50	9
IDD	0	-49	1
IDD	0	-48	4
IDD	0	-47	1
IDD	0	-46	7
IDD	0	-45	7
IDD	0	-44	1
IDD	0	-43	1
IDD	0	-42	1
IDD	0	-41	4
IDD	0	-40	7
IDD	0	-39	1
IDD	0	-38	1
IDD	0	-37	3
IDD	0	-36	5
IDD	0	-35	8
IDD	0	-34	4
IDD	0	-33	2
IDD	0	-32	4
IDD	0	-31	3
IDD	0	-30	17
IDD	0	-29	10
IDD	0	-28	28
IDD	0	-27	5
IDD	0	-26	15
IDD	0	-25	32
IDD	0	-24	30
IDD	0	-23	9
IDD	0	-22	27
IDD	0	-21	15
IDD	0	-20	93
IDD	0	-19	24
IDD	0	-18	39
IDD	0	-17	21
IDD	0	-16	57
IDD	0	-15	214
IDD	0	-14	63
IDD	0	-13	47
IDD	0	-12	128
IDD	0	-11	62
IDD	0	-10	401
IDD	0	-9	55
IDD	0	-8	201
IDD	0	-7	77
IDD	0	-6	201
IDD	0	-5	691
IDD	0	-4	801
IDD	0	-3	604
IDD	0	-2	1133
IDD	0	-1	2726
IDD	0	1	2309
IDD	0	2	846
IDD	0	3	235
IDD	0	4	507
IDD	0	5	602
IDD	0	6	158
IDD	0	7	43
IDD	0	8	178
IDD	0	9	38
IDD	0	10	243
IDD	0	11	33
IDD	0	12	92
IDD	0	13	19
IDD	0	14	23
IDD	0	15	144
IDD	0	16	41
IDD	0	17	11
IDD	0	18	14
IDD	0	19	14
IDD	0	20	114
IDD	0	21	15
IDD	0	22	11
IDD	0	23	9
IDD	0	24	17
IDD	0	25	35
IDD	0	26	14
IDD	0	27	9
IDD	0	28	17
IDD	0	29	7
IDD	0	30	23
IDD	0	31	1
IDD	0	32	9
IDD	0	33	3
IDD	0	34	4
IDD	0	35	6
IDD	0	36	3
IDD	0	38	4
IDD	0	39	3
IDD	0	40	11
IDD	0	42	2
IDD	0	43	4
IDD	0	44	3
IDD	0	45	5
IDD	0	46	2
IDD	0	48	1
IDD	0	49	3
IDD	0	50	6
IDD	0	52	1
IDD	0	53	2
IDD	0	54	2
IDD	0	55	1
IDD	0	56	2
IDD	0	58	1
IDD	0	59	1
IDD	0	60	57
# ST, Substitution types:
# ST	[2]id	[3]type	[4]count
ST	0	A>C	6047
ST	0	A>G	17726
ST	0	A>T	6381
ST	0	C>A	9125
ST	0	C>G	7059
ST	0	C>T	25409
ST	0	G>A	25017
ST	0	G>C	7019
ST	0	G>T	9774
ST	0	T>A	6520
ST	0	T>C	17516
ST	0	T>G	6066
# DP, Depth distribution
# DP	[2]id	[3]bin	[4]number of genotypes	[5]fraction of genotypes (%)	[6]number of sites	[7]fraction of sites (%)
DP	0	2	0	0.000000	9	0.005912
DP	0	3	0	0.000000	3	0.001971
DP	0	4	0	0.000000	1	0.000657
DP	0	5	0	0.000000	2	0.001314
DP	0	6	0	0.000000	1	0.000657
DP	0	7	0	0.000000	1	0.000657
DP	0	9	0	0.000000	1	0.000657
DP	0	13	0	0.000000	1	0.000657
DP	0	17	0	0.000000	1	0.000657
DP	0	18	0	0.000000	1	0.000657
DP	0	24	0	0.000000	1	0.000657
DP	0	28	0	0.000000	2	0.001314
DP	0	50	0	0.000000	2	0.001314
DP	0	52	0	0.000000	1	0.000657
DP	0	54	0	0.000000	1	0.000657
DP	0	55	0	0.000000	1	0.000657
DP	0	63	0	0.000000	1	0.000657
DP	0	67	0	0.000000	2	0.001314
DP	0	70	0	0.000000	1	0.000657
DP	0	93	0	0.000000	1	0.000657
DP	0	136	0	0.000000	1	0.000657
DP	0	156	0	0.000000	1	0.000657
DP	0	190	0	0.000000	1	0.000657
DP	0	265	0	0.000000	1	0.000657
DP	0	288	0	0.000000	1	0.000657
DP	0	327	0	0.000000	1	0.000657
DP	0	337	0	0.000000	1	0.000657
DP	0	477	0	0.000000	1	0.000657
DP	0	>500	0	0.000000	152200	99.972412
