# This file was produced by bcftools stats (1.9+htslib-1.9) and can be plotted using plot-vcfstats.
# The command line was:	bcftools stats  -v --samples-file /cromwell_root/fc-47de7dae-e8e6-429c-b760-b4ba49136eee/resources/1kgp/EUR.txt /cromwell_root/fc-51aefb1c-4e8e-4dcb-a59c-62e318ea351a/3bd597ae-48d6-4ca3-ad46-e9a4e3c5a94c/subset_vcf_sample_list/b1499ee2-6f55-4bfb-ab67-b77fbf879499/call-bgzip_bcftools_index/20201028_CCDG_14151_B01_GRM_WGS_2020-08-05_chrY.recalibrated_variants.pass.singleton.EUR_singleton.vcf.gz
#
# Definition of sets:
# ID	[2]id	[3]tab-separated file names
ID	0	/cromwell_root/fc-51aefb1c-4e8e-4dcb-a59c-62e318ea351a/3bd597ae-48d6-4ca3-ad46-e9a4e3c5a94c/subset_vcf_sample_list/b1499ee2-6f55-4bfb-ab67-b77fbf879499/call-bgzip_bcftools_index/20201028_CCDG_14151_B01_GRM_WGS_2020-08-05_chrY.recalibrated_variants.pass.singleton.EUR_singleton.vcf.gz
# SN, Summary numbers:
#   number of records   .. number of data rows in the VCF
#   number of no-ALTs   .. reference-only sites, ALT is either "." or identical to REF
#   number of SNPs      .. number of rows with a SNP
#   number of MNPs      .. number of rows with a MNP, such as CC>TT
#   number of indels    .. number of rows with an indel
#   number of others    .. number of rows with other type, for example a symbolic allele or
#                          a complex substitution, such as ACT>TCGA
#   number of multiallelic sites     .. number of rows with multiple alternate alleles
#   number of multiallelic SNP sites .. number of rows with multiple alternate alleles, all SNPs
# 
#   Note that rows containing multiple types will be counted multiple times, in each
#   counter. For example, a row with a SNP and an indel increments both the SNP and
#   the indel counter.
# 
# SN	[2]id	[3]key	[4]value
SN	0	number of samples:	526
SN	0	number of records:	152242
SN	0	number of no-ALTs:	0
SN	0	number of SNPs:	142594
SN	0	number of MNPs:	0
SN	0	number of indels:	10264
SN	0	number of others:	875
SN	0	number of multiallelic sites:	5308
SN	0	number of multiallelic SNP sites:	2358
# TSTV, transitions/transversions:
# TSTV	[2]id	[3]ts	[4]tv	[5]ts/tv	[6]ts (1st ALT)	[7]tv (1st ALT)	[8]ts/tv (1st ALT)
TSTV	0	85668	57991	1.48	84869	56901	1.49
# SiS, Singleton stats:
# SiS	[2]id	[3]allele count	[4]number of SNPs	[5]number of transitions	[6]number of transversions	[7]number of indels	[8]repeat-consistent	[9]repeat-inconsistent	[10]not applicable
SiS	0	1	17450	10350	7100	1848	0	0	1848
# AF, Stats by non-reference allele frequency:
# AF	[2]id	[3]allele frequency	[4]number of SNPs	[5]number of transitions	[6]number of transversions	[7]number of indels	[8]repeat-consistent	[9]repeat-inconsistent	[10]not applicable
AF	0	0.000000	130773	78248	52525	10730	0	0	10730
AF	0	0.007605	1850	1059	791	480	0	0	480
AF	0	0.009506	11	9	2	35	0	0	35
AF	0	0.011407	913	530	383	235	0	0	235
AF	0	0.013308	23	10	13	23	0	0	23
AF	0	0.015209	1168	697	471	219	0	0	219
AF	0	0.017110	43	23	20	20	0	0	20
AF	0	0.019011	480	294	186	148	0	0	148
AF	0	0.020913	50	17	33	35	0	0	35
AF	0	0.022814	469	295	174	126	0	0	126
AF	0	0.024715	56	23	33	24	0	0	24
AF	0	0.026616	1004	622	382	111	0	0	111
AF	0	0.028517	69	33	36	25	0	0	25
AF	0	0.030418	764	453	311	109	0	0	109
AF	0	0.032319	65	32	33	33	0	0	33
AF	0	0.034221	180	99	81	56	0	0	56
AF	0	0.036122	25	13	12	15	0	0	15
AF	0	0.038023	87	54	33	37	0	0	37
AF	0	0.039924	45	23	22	32	0	0	32
AF	0	0.041825	17	8	9	16	0	0	16
AF	0	0.043726	51	25	26	45	0	0	45
AF	0	0.045627	11	3	8	10	0	0	10
AF	0	0.047529	294	171	123	36	0	0	36
AF	0	0.049430	15	8	7	13	0	0	13
AF	0	0.051331	50	23	27	32	0	0	32
AF	0	0.053232	12	4	8	7	0	0	7
AF	0	0.055133	39	18	21	29	0	0	29
AF	0	0.057034	10	2	8	18	0	0	18
AF	0	0.058935	204	124	80	40	0	0	40
AF	0	0.060837	13	2	11	12	0	0	12
AF	0	0.062738	36	22	14	24	0	0	24
AF	0	0.064639	7	6	1	11	0	0	11
AF	0	0.066540	32	22	10	20	0	0	20
AF	0	0.068441	8	4	4	11	0	0	11
AF	0	0.070342	48	20	28	16	0	0	16
AF	0	0.072243	15	7	8	14	0	0	14
AF	0	0.074144	36	14	22	14	0	0	14
AF	0	0.076046	15	7	8	18	0	0	18
AF	0	0.077947	15	9	6	18	0	0	18
AF	0	0.079848	22	15	7	21	0	0	21
AF	0	0.081749	26	10	16	10	0	0	10
AF	0	0.083650	17	9	8	11	0	0	11
AF	0	0.085551	9	2	7	7	0	0	7
AF	0	0.087452	33	17	16	15	0	0	15
AF	0	0.089354	5	4	1	8	0	0	8
AF	0	0.091255	651	392	259	58	0	0	58
AF	0	0.093156	13	9	4	5	0	0	5
AF	0	0.095057	23	9	14	17	0	0	17
AF	0	0.096958	12	7	5	6	0	0	6
AF	0	0.098859	15	5	10	20	0	0	20
AF	0	0.100760	7	2	5	6	0	0	6
AF	0	0.102662	18	8	10	13	0	0	13
AF	0	0.104563	6	4	2	4	0	0	4
AF	0	0.106464	490	308	182	48	0	0	48
AF	0	0.108365	9	8	1	0	0	0	0
AF	0	0.110266	17	12	5	17	0	0	17
AF	0	0.112167	9	6	3	10	0	0	10
AF	0	0.114068	19	9	10	19	0	0	19
AF	0	0.115970	8	5	3	6	0	0	6
AF	0	0.117871	18	6	12	8	0	0	8
AF	0	0.119772	11	5	6	8	0	0	8
AF	0	0.121673	8	4	4	6	0	0	6
AF	0	0.123574	9	5	4	10	0	0	10
AF	0	0.125475	12	8	4	6	0	0	6
AF	0	0.127376	15	9	6	10	0	0	10
AF	0	0.129278	6	5	1	7	0	0	7
AF	0	0.131179	14	6	8	8	0	0	8
AF	0	0.133080	2	0	2	3	0	0	3
AF	0	0.134981	11	5	6	15	0	0	15
AF	0	0.136882	6	2	4	2	0	0	2
AF	0	0.138783	13	9	4	11	0	0	11
AF	0	0.140684	6	4	2	4	0	0	4
AF	0	0.142586	217	145	72	32	0	0	32
AF	0	0.144487	5	1	4	0	0	0	0
AF	0	0.146388	12	4	8	6	0	0	6
AF	0	0.148289	13	9	4	5	0	0	5
AF	0	0.150190	9	6	3	11	0	0	11
AF	0	0.152091	4	1	3	6	0	0	6
AF	0	0.153992	5	2	3	10	0	0	10
AF	0	0.155894	7	5	2	2	0	0	2
AF	0	0.157795	7	4	3	4	0	0	4
AF	0	0.159696	4	2	2	2	0	0	2
AF	0	0.161597	3	2	1	7	0	0	7
AF	0	0.163498	7	5	2	4	0	0	4
AF	0	0.165399	9	4	5	7	0	0	7
AF	0	0.167300	6	4	2	4	0	0	4
AF	0	0.169202	1	0	1	4	0	0	4
AF	0	0.171103	4	1	3	4	0	0	4
AF	0	0.173004	1	1	0	1	0	0	1
AF	0	0.174905	10	3	7	9	0	0	9
AF	0	0.176806	8	5	3	1	0	0	1
AF	0	0.178707	5	3	2	6	0	0	6
AF	0	0.180608	6	3	3	4	0	0	4
AF	0	0.182510	17	11	6	6	0	0	6
AF	0	0.184411	7	5	2	3	0	0	3
AF	0	0.186312	10	2	8	0	0	0	0
AF	0	0.188213	9	4	5	4	0	0	4
AF	0	0.190114	14	6	8	4	0	0	4
AF	0	0.192015	3	1	2	3	0	0	3
AF	0	0.193916	11	6	5	4	0	0	4
AF	0	0.195817	3	0	3	2	0	0	2
AF	0	0.197719	5	3	2	6	0	0	6
AF	0	0.199620	12	8	4	4	0	0	4
AF	0	0.201521	10	4	6	4	0	0	4
AF	0	0.203422	10	5	5	4	0	0	4
AF	0	0.205323	2	1	1	4	0	0	4
AF	0	0.207224	8	7	1	3	0	0	3
AF	0	0.209125	9	8	1	4	0	0	4
AF	0	0.211027	12	5	7	3	0	0	3
AF	0	0.212928	7	3	4	4	0	0	4
AF	0	0.214829	8	4	4	3	0	0	3
AF	0	0.216730	5	2	3	3	0	0	3
AF	0	0.218631	9	5	4	6	0	0	6
AF	0	0.220532	7	2	5	2	0	0	2
AF	0	0.222433	9	5	4	2	0	0	2
AF	0	0.224335	7	5	2	2	0	0	2
AF	0	0.226236	11	7	4	4	0	0	4
AF	0	0.228137	8	3	5	1	0	0	1
AF	0	0.230038	6	4	2	4	0	0	4
AF	0	0.231939	6	3	3	3	0	0	3
AF	0	0.233840	8	4	4	5	0	0	5
AF	0	0.235741	9	6	3	1	0	0	1
AF	0	0.237643	3	2	1	3	0	0	3
AF	0	0.239544	8	3	5	3	0	0	3
AF	0	0.241445	4	2	2	5	0	0	5
AF	0	0.243346	6	5	1	2	0	0	2
AF	0	0.245247	5	4	1	6	0	0	6
AF	0	0.247148	8	3	5	4	0	0	4
AF	0	0.249049	80	51	29	8	0	0	8
AF	0	0.250951	18	14	4	4	0	0	4
AF	0	0.252852	6	4	2	6	0	0	6
AF	0	0.254753	15	9	6	1	0	0	1
AF	0	0.256654	7	4	3	3	0	0	3
AF	0	0.258555	6	3	3	1	0	0	1
AF	0	0.260456	4	3	1	2	0	0	2
AF	0	0.262357	4	2	2	3	0	0	3
AF	0	0.264259	4	3	1	2	0	0	2
AF	0	0.266160	6	3	3	3	0	0	3
AF	0	0.268061	4	2	2	0	0	0	0
AF	0	0.269962	7	6	1	2	0	0	2
AF	0	0.271863	2	0	2	4	0	0	4
AF	0	0.273764	6	3	3	4	0	0	4
AF	0	0.275665	4	3	1	3	0	0	3
AF	0	0.277567	8	6	2	8	0	0	8
AF	0	0.279468	7	6	1	1	0	0	1
AF	0	0.281369	1	0	1	3	0	0	3
AF	0	0.283270	3	3	0	2	0	0	2
AF	0	0.285171	5	2	3	2	0	0	2
AF	0	0.287072	3	0	3	3	0	0	3
AF	0	0.288973	2	1	1	0	0	0	0
AF	0	0.290875	8	3	5	2	0	0	2
AF	0	0.292776	6	2	4	2	0	0	2
AF	0	0.294677	4	4	0	0	0	0	0
AF	0	0.296578	6	3	3	2	0	0	2
AF	0	0.298479	5	3	2	1	0	0	1
AF	0	0.300380	11	4	7	3	0	0	3
AF	0	0.302281	3	1	2	2	0	0	2
AF	0	0.304183	5	2	3	1	0	0	1
AF	0	0.306084	8	7	1	4	0	0	4
AF	0	0.307985	3	2	1	0	0	0	0
AF	0	0.309886	31	14	17	2	0	0	2
AF	0	0.311787	5	4	1	0	0	0	0
AF	0	0.313688	7	6	1	3	0	0	3
AF	0	0.315589	7	5	2	0	0	0	0
AF	0	0.317490	7	4	3	3	0	0	3
AF	0	0.319392	3	1	2	1	0	0	1
AF	0	0.321293	2	1	1	5	0	0	5
AF	0	0.323194	6	2	4	1	0	0	1
AF	0	0.325095	4	1	3	2	0	0	2
AF	0	0.326996	3	1	2	2	0	0	2
AF	0	0.328897	8	4	4	1	0	0	1
AF	0	0.330798	1	0	1	1	0	0	1
AF	0	0.332700	7	3	4	6	0	0	6
AF	0	0.334601	1	1	0	1	0	0	1
AF	0	0.336502	3	2	1	1	0	0	1
AF	0	0.338403	7	2	5	1	0	0	1
AF	0	0.340304	3	2	1	0	0	0	0
AF	0	0.342205	5	3	2	0	0	0	0
AF	0	0.344106	6	3	3	1	0	0	1
AF	0	0.346008	5	3	2	0	0	0	0
AF	0	0.347909	1	0	1	1	0	0	1
AF	0	0.349810	9	6	3	2	0	0	2
AF	0	0.351711	4	2	2	0	0	0	0
AF	0	0.353612	8	5	3	3	0	0	3
AF	0	0.355513	3	1	2	1	0	0	1
AF	0	0.357414	3	1	2	2	0	0	2
AF	0	0.359316	5	2	3	0	0	0	0
AF	0	0.361217	4	2	2	3	0	0	3
AF	0	0.363118	5	4	1	1	0	0	1
AF	0	0.365019	2	0	2	0	0	0	0
AF	0	0.366920	7	4	3	2	0	0	2
AF	0	0.368821	5	2	3	2	0	0	2
AF	0	0.370722	2	0	2	2	0	0	2
AF	0	0.372624	2	1	1	3	0	0	3
AF	0	0.374525	3	2	1	2	0	0	2
AF	0	0.376426	5	4	1	3	0	0	3
AF	0	0.378327	2	2	0	1	0	0	1
AF	0	0.380228	4	2	2	4	0	0	4
AF	0	0.382129	4	1	3	2	0	0	2
AF	0	0.384030	2	1	1	3	0	0	3
AF	0	0.385932	3	1	2	1	0	0	1
AF	0	0.387833	5	3	2	2	0	0	2
AF	0	0.389734	4	2	2	3	0	0	3
AF	0	0.391635	2	0	2	0	0	0	0
AF	0	0.393536	5	2	3	7	0	0	7
AF	0	0.395437	1	1	0	2	0	0	2
AF	0	0.397338	6	3	3	4	0	0	4
AF	0	0.399240	7	1	6	1	0	0	1
AF	0	0.401141	2	1	1	2	0	0	2
AF	0	0.403042	3	2	1	2	0	0	2
AF	0	0.404943	7	4	3	2	0	0	2
AF	0	0.406844	1	1	0	3	0	0	3
AF	0	0.408745	3	1	2	0	0	0	0
AF	0	0.410646	2	0	2	4	0	0	4
AF	0	0.412548	5	3	2	3	0	0	3
AF	0	0.414449	12	6	6	1	0	0	1
AF	0	0.416350	339	208	131	10	0	0	10
AF	0	0.418251	14	7	7	4	0	0	4
AF	0	0.420152	4	2	2	0	0	0	0
AF	0	0.422053	2	0	2	3	0	0	3
AF	0	0.423954	5	1	4	3	0	0	3
AF	0	0.425856	5	2	3	0	0	0	0
AF	0	0.427757	3	2	1	1	0	0	1
AF	0	0.429658	6	3	3	2	0	0	2
AF	0	0.431559	5	4	1	5	0	0	5
AF	0	0.433460	4	2	2	0	0	0	0
AF	0	0.435361	6	1	5	0	0	0	0
AF	0	0.437262	4	2	2	1	0	0	1
AF	0	0.439163	2	0	2	0	0	0	0
AF	0	0.441065	4	1	3	0	0	0	0
AF	0	0.442966	2	1	1	0	0	0	0
AF	0	0.444867	7	2	5	0	0	0	0
AF	0	0.446768	1	1	0	1	0	0	1
AF	0	0.448669	2	2	0	1	0	0	1
AF	0	0.450570	5	2	3	0	0	0	0
AF	0	0.452471	5	2	3	2	0	0	2
AF	0	0.454373	2	0	2	1	0	0	1
AF	0	0.456274	10	7	3	1	0	0	1
AF	0	0.458175	1	0	1	0	0	0	0
AF	0	0.460076	6	3	3	2	0	0	2
AF	0	0.461977	17	15	2	0	0	0	0
AF	0	0.463878	204	124	80	6	0	0	6
AF	0	0.465779	15	10	5	2	0	0	2
AF	0	0.467681	6	3	3	2	0	0	2
AF	0	0.469582	3	1	2	1	0	0	1
AF	0	0.471483	10	4	6	3	0	0	3
AF	0	0.473384	1	0	1	0	0	0	0
AF	0	0.475285	19	14	5	1	0	0	1
AF	0	0.477186	2	0	2	0	0	0	0
AF	0	0.479087	2	0	2	2	0	0	2
AF	0	0.480989	3	3	0	1	0	0	1
AF	0	0.482890	1	0	1	0	0	0	0
AF	0	0.484791	1	0	1	1	0	0	1
AF	0	0.486692	2	1	1	1	0	0	1
AF	0	0.488593	0	0	0	2	0	0	2
AF	0	0.490494	2	1	1	0	0	0	0
AF	0	0.492395	2	2	0	2	0	0	2
AF	0	0.494297	1	0	1	0	0	0	0
AF	0	0.496198	1	0	1	2	0	0	2
AF	0	0.498099	4	2	2	0	0	0	0
AF	0	0.500000	2	0	2	0	0	0	0
AF	0	0.501901	4	4	0	0	0	0	0
AF	0	0.503802	3	3	0	0	0	0	0
AF	0	0.505703	2	1	1	0	0	0	0
AF	0	0.507605	6	5	1	0	0	0	0
AF	0	0.509506	3	1	2	0	0	0	0
AF	0	0.511407	3	0	3	2	0	0	2
AF	0	0.513308	2	2	0	1	0	0	1
AF	0	0.517110	1	0	1	1	0	0	1
AF	0	0.520913	1	1	0	2	0	0	2
AF	0	0.522814	4	4	0	0	0	0	0
AF	0	0.524715	3	2	1	1	0	0	1
AF	0	0.526616	1	1	0	0	0	0	0
AF	0	0.528517	3	2	1	1	0	0	1
AF	0	0.530418	3	3	0	0	0	0	0
AF	0	0.532319	2	0	2	1	0	0	1
AF	0	0.534221	5	3	2	0	0	0	0
AF	0	0.536122	0	0	0	1	0	0	1
AF	0	0.538023	2	1	1	1	0	0	1
AF	0	0.539924	1	1	0	2	0	0	2
AF	0	0.541825	4	4	0	1	0	0	1
AF	0	0.543726	2	1	1	2	0	0	2
AF	0	0.545627	2	1	1	0	0	0	0
AF	0	0.547529	5	3	2	2	0	0	2
AF	0	0.549430	1	0	1	0	0	0	0
AF	0	0.551331	0	0	0	1	0	0	1
AF	0	0.553232	2	1	1	0	0	0	0
AF	0	0.555133	5	2	3	1	0	0	1
AF	0	0.557034	5	3	2	1	0	0	1
AF	0	0.558935	4	3	1	0	0	0	0
AF	0	0.560837	4	1	3	2	0	0	2
AF	0	0.562738	2	1	1	1	0	0	1
AF	0	0.564639	3	0	3	0	0	0	0
AF	0	0.568441	5	3	2	0	0	0	0
AF	0	0.570342	1	0	1	0	0	0	0
AF	0	0.572243	3	1	2	0	0	0	0
AF	0	0.574144	1	1	0	1	0	0	1
AF	0	0.576046	4	2	2	1	0	0	1
AF	0	0.577947	1	1	0	0	0	0	0
AF	0	0.579848	10	5	5	0	0	0	0
AF	0	0.581749	1	0	1	0	0	0	0
AF	0	0.583650	1	1	0	0	0	0	0
AF	0	0.585551	2	2	0	1	0	0	1
AF	0	0.587452	1	0	1	0	0	0	0
AF	0	0.589354	2	0	2	1	0	0	1
AF	0	0.591255	4	2	2	1	0	0	1
AF	0	0.595057	2	1	1	0	0	0	0
AF	0	0.598859	3	0	3	0	0	0	0
AF	0	0.602662	1	1	0	0	0	0	0
AF	0	0.604563	0	0	0	1	0	0	1
AF	0	0.606464	5	2	3	0	0	0	0
AF	0	0.608365	2	2	0	0	0	0	0
AF	0	0.610266	2	1	1	0	0	0	0
AF	0	0.612167	2	0	2	1	0	0	1
AF	0	0.614068	2	0	2	0	0	0	0
AF	0	0.615970	3	2	1	2	0	0	2
AF	0	0.617871	4	3	1	1	0	0	1
AF	0	0.619772	1	1	0	0	0	0	0
AF	0	0.621673	1	1	0	0	0	0	0
AF	0	0.623574	1	1	0	0	0	0	0
AF	0	0.625475	4	1	3	0	0	0	0
AF	0	0.627376	2	2	0	0	0	0	0
AF	0	0.631179	2	2	0	0	0	0	0
AF	0	0.633080	1	0	1	1	0	0	1
AF	0	0.634981	2	1	1	1	0	0	1
AF	0	0.636882	3	2	1	0	0	0	0
AF	0	0.638783	1	1	0	0	0	0	0
AF	0	0.640684	4	2	2	1	0	0	1
AF	0	0.642586	1	1	0	1	0	0	1
AF	0	0.644487	1	1	0	0	0	0	0
AF	0	0.646388	3	0	3	1	0	0	1
AF	0	0.648289	1	1	0	0	0	0	0
AF	0	0.650190	3	2	1	0	0	0	0
AF	0	0.652091	1	0	1	1	0	0	1
AF	0	0.653992	2	2	0	1	0	0	1
AF	0	0.655894	4	3	1	1	0	0	1
AF	0	0.657795	1	0	1	0	0	0	0
AF	0	0.659696	3	2	1	0	0	0	0
AF	0	0.661597	2	1	1	0	0	0	0
AF	0	0.663498	1	0	1	1	0	0	1
AF	0	0.665399	4	2	2	1	0	0	1
AF	0	0.667300	2	2	0	0	0	0	0
AF	0	0.669202	3	1	2	1	0	0	1
AF	0	0.671103	3	0	3	0	0	0	0
AF	0	0.673004	2	1	1	0	0	0	0
AF	0	0.674905	2	2	0	0	0	0	0
AF	0	0.676806	2	1	1	0	0	0	0
AF	0	0.678707	6	3	3	1	0	0	1
AF	0	0.680608	2	0	2	0	0	0	0
AF	0	0.682510	3	2	1	2	0	0	2
AF	0	0.684411	2	0	2	0	0	0	0
AF	0	0.686312	3	1	2	0	0	0	0
AF	0	0.688213	2	1	1	0	0	0	0
AF	0	0.690114	3	1	2	0	0	0	0
AF	0	0.692015	3	1	2	1	0	0	1
AF	0	0.693916	4	3	1	0	0	0	0
AF	0	0.695817	4	0	4	0	0	0	0
AF	0	0.697719	3	2	1	0	0	0	0
AF	0	0.699620	1	1	0	1	0	0	1
AF	0	0.701521	3	2	1	2	0	0	2
AF	0	0.703422	2	1	1	0	0	0	0
AF	0	0.705323	5	2	3	0	0	0	0
AF	0	0.709125	2	1	1	0	0	0	0
AF	0	0.711027	4	3	1	0	0	0	0
AF	0	0.712928	1	1	0	0	0	0	0
AF	0	0.716730	0	0	0	2	0	0	2
AF	0	0.718631	3	2	1	0	0	0	0
AF	0	0.720532	3	3	0	0	0	0	0
AF	0	0.722433	3	2	1	0	0	0	0
AF	0	0.724335	1	1	0	1	0	0	1
AF	0	0.726236	2	2	0	0	0	0	0
AF	0	0.728137	3	2	1	0	0	0	0
AF	0	0.730038	1	1	0	0	0	0	0
AF	0	0.731939	1	1	0	1	0	0	1
AF	0	0.733840	3	3	0	0	0	0	0
AF	0	0.735741	3	0	3	0	0	0	0
AF	0	0.737643	1	0	1	2	0	0	2
AF	0	0.739544	6	4	2	1	0	0	1
AF	0	0.741445	3	1	2	0	0	0	0
AF	0	0.743346	3	3	0	0	0	0	0
AF	0	0.745247	4	2	2	0	0	0	0
AF	0	0.747148	3	1	2	1	0	0	1
AF	0	0.749049	3	0	3	0	0	0	0
AF	0	0.750951	2	1	1	0	0	0	0
AF	0	0.752852	4	1	3	0	0	0	0
AF	0	0.754753	5	2	3	0	0	0	0
AF	0	0.756654	2	2	0	1	0	0	1
AF	0	0.758555	2	2	0	0	0	0	0
AF	0	0.760456	1	1	0	0	0	0	0
AF	0	0.762357	2	2	0	0	0	0	0
AF	0	0.764259	1	0	1	0	0	0	0
AF	0	0.766160	3	2	1	1	0	0	1
AF	0	0.768061	2	1	1	0	0	0	0
AF	0	0.769962	0	0	0	1	0	0	1
AF	0	0.771863	1	0	1	1	0	0	1
AF	0	0.773764	2	1	1	1	0	0	1
AF	0	0.775665	4	4	0	0	0	0	0
AF	0	0.777567	5	1	4	1	0	0	1
AF	0	0.779468	4	2	2	0	0	0	0
AF	0	0.783270	3	1	2	0	0	0	0
AF	0	0.785171	2	0	2	2	0	0	2
AF	0	0.787072	7	4	3	0	0	0	0
AF	0	0.788973	1	0	1	0	0	0	0
AF	0	0.790875	2	0	2	1	0	0	1
AF	0	0.792776	2	2	0	1	0	0	1
AF	0	0.794677	1	0	1	0	0	0	0
AF	0	0.796578	1	0	1	0	0	0	0
AF	0	0.800380	2	2	0	0	0	0	0
AF	0	0.802281	2	1	1	0	0	0	0
AF	0	0.804183	3	2	1	0	0	0	0
AF	0	0.807985	6	2	4	0	0	0	0
AF	0	0.809886	3	2	1	1	0	0	1
AF	0	0.811787	1	1	0	0	0	0	0
AF	0	0.813688	4	2	2	0	0	0	0
AF	0	0.817490	1	0	1	0	0	0	0
AF	0	0.819392	3	0	3	1	0	0	1
AF	0	0.821293	2	1	1	0	0	0	0
AF	0	0.823194	1	0	1	0	0	0	0
AF	0	0.826996	1	0	1	2	0	0	2
AF	0	0.828897	2	1	1	0	0	0	0
AF	0	0.830798	1	0	1	0	0	0	0
AF	0	0.832700	3	2	1	0	0	0	0
AF	0	0.834601	2	2	0	1	0	0	1
AF	0	0.836502	2	2	0	0	0	0	0
AF	0	0.838403	3	1	2	0	0	0	0
AF	0	0.840304	6	2	4	0	0	0	0
AF	0	0.842205	4	3	1	1	0	0	1
AF	0	0.846008	5	4	1	0	0	0	0
AF	0	0.847909	1	1	0	0	0	0	0
AF	0	0.849810	5	2	3	0	0	0	0
AF	0	0.851711	2	2	0	0	0	0	0
AF	0	0.853612	4	2	2	0	0	0	0
AF	0	0.855513	4	2	2	0	0	0	0
AF	0	0.857414	4	3	1	2	0	0	2
AF	0	0.859316	2	2	0	0	0	0	0
AF	0	0.861217	2	1	1	0	0	0	0
AF	0	0.863118	4	2	2	1	0	0	1
AF	0	0.865019	6	5	1	1	0	0	1
AF	0	0.866920	2	2	0	0	0	0	0
AF	0	0.868821	2	1	1	0	0	0	0
AF	0	0.870722	3	2	1	0	0	0	0
AF	0	0.872624	5	4	1	0	0	0	0
AF	0	0.874525	2	1	1	0	0	0	0
AF	0	0.876426	3	2	1	0	0	0	0
AF	0	0.878327	4	2	2	0	0	0	0
AF	0	0.880228	4	2	2	0	0	0	0
AF	0	0.882129	6	4	2	0	0	0	0
AF	0	0.884030	3	1	2	0	0	0	0
AF	0	0.885932	3	1	2	1	0	0	1
AF	0	0.887833	2	0	2	1	0	0	1
AF	0	0.889734	4	2	2	0	0	0	0
AF	0	0.891635	2	1	1	0	0	0	0
AF	0	0.893536	1	0	1	0	0	0	0
AF	0	0.895437	1	0	1	0	0	0	0
AF	0	0.897338	8	5	3	0	0	0	0
AF	0	0.899240	2	1	1	0	0	0	0
AF	0	0.901141	4	2	2	0	0	0	0
AF	0	0.903042	2	1	1	0	0	0	0
AF	0	0.904943	9	5	4	1	0	0	1
AF	0	0.906844	1	0	1	0	0	0	0
AF	0	0.908745	1	0	1	0	0	0	0
AF	0	0.910646	1	1	0	0	0	0	0
AF	0	0.912548	3	2	1	0	0	0	0
AF	0	0.914449	4	4	0	0	0	0	0
AF	0	0.916350	5	3	2	0	0	0	0
AF	0	0.918251	7	4	3	1	0	0	1
AF	0	0.920152	4	1	3	0	0	0	0
AF	0	0.922053	5	2	3	2	0	0	2
AF	0	0.923954	3	1	2	1	0	0	1
AF	0	0.925856	7	5	2	0	0	0	0
AF	0	0.927757	5	1	4	0	0	0	0
AF	0	0.929658	7	4	3	1	0	0	1
AF	0	0.931559	5	3	2	0	0	0	0
AF	0	0.933460	6	4	2	0	0	0	0
AF	0	0.935361	3	0	3	0	0	0	0
AF	0	0.937262	5	1	4	1	0	0	1
AF	0	0.939163	1	0	1	0	0	0	0
AF	0	0.941065	7	3	4	0	0	0	0
AF	0	0.942966	5	2	3	0	0	0	0
AF	0	0.944867	6	3	3	1	0	0	1
AF	0	0.946768	1	0	1	0	0	0	0
AF	0	0.948669	5	3	2	0	0	0	0
AF	0	0.950570	1	0	1	0	0	0	0
AF	0	0.952471	12	4	8	1	0	0	1
AF	0	0.954373	2	0	2	0	0	0	0
AF	0	0.956274	11	7	4	0	0	0	0
AF	0	0.958175	3	2	1	1	0	0	1
AF	0	0.960076	8	3	5	0	0	0	0
AF	0	0.961977	4	3	1	1	0	0	1
AF	0	0.963878	1	0	1	0	0	0	0
AF	0	0.965779	7	3	4	2	0	0	2
AF	0	0.967681	3	2	1	0	0	0	0
AF	0	0.969582	13	8	5	0	0	0	0
AF	0	0.971483	3	1	2	0	0	0	0
AF	0	0.973384	9	4	5	2	0	0	2
AF	0	0.975285	5	5	0	0	0	0	0
AF	0	0.977186	6	1	5	2	0	0	2
AF	0	0.979087	5	3	2	0	0	0	0
AF	0	0.980989	17	9	8	1	0	0	1
AF	0	0.982890	4	1	3	0	0	0	0
AF	0	0.984791	33	17	16	3	0	0	3
AF	0	0.986692	1	0	1	0	0	0	0
AF	0	0.988593	35	18	17	3	0	0	3
AF	0	0.990494	4	3	1	0	0	0	0
AF	0	0.992395	55	31	24	10	0	0	10
AF	0	0.998099	352	174	178	40	0	0	40
# QUAL, Stats by quality:
# QUAL	[2]id	[3]Quality	[4]number of SNPs	[5]number of transitions (1st ALT)	[6]number of transversions (1st ALT)	[7]number of indels
QUAL	0	30	11	8	3	1
QUAL	0	31	32	17	15	1
QUAL	0	32	30	13	17	0
QUAL	0	33	23	13	10	1
QUAL	0	34	16	9	7	2
QUAL	0	35	18	14	4	1
QUAL	0	36	28	13	15	0
QUAL	0	37	353	176	177	6
QUAL	0	38	48	20	28	0
QUAL	0	39	14	5	9	0
QUAL	0	40	13	7	6	0
QUAL	0	41	46	20	26	0
QUAL	0	42	41	19	22	2
QUAL	0	43	25	12	13	3
QUAL	0	44	16	7	9	2
QUAL	0	45	31	12	19	0
QUAL	0	46	25	10	15	1
QUAL	0	47	24	11	13	1
QUAL	0	48	49	24	25	1
QUAL	0	49	25	12	13	2
QUAL	0	50	37	21	16	0
QUAL	0	51	257	121	136	0
QUAL	0	52	45	23	22	0
QUAL	0	53	49	30	19	1
QUAL	0	54	20	7	13	1
QUAL	0	55	24	13	11	1
QUAL	0	56	21	10	11	1
QUAL	0	57	18	7	11	3
QUAL	0	58	24	12	12	0
QUAL	0	59	28	18	10	1
QUAL	0	60	15	6	9	2
QUAL	0	61	55	23	32	2
QUAL	0	62	19	10	9	2
QUAL	0	63	18	9	9	0
QUAL	0	64	18	9	9	1
QUAL	0	65	20	11	9	0
QUAL	0	66	34	16	18	1
QUAL	0	67	21	9	12	0
QUAL	0	68	22	8	14	1
QUAL	0	69	24	8	16	0
QUAL	0	70	32	15	17	0
QUAL	0	71	37	16	21	1
QUAL	0	72	29	12	17	4
QUAL	0	73	13	6	7	19
QUAL	0	74	17	11	6	2
QUAL	0	75	22	9	13	2
QUAL	0	76	43	27	16	0
QUAL	0	77	32	16	16	2
QUAL	0	78	30	17	13	1
QUAL	0	79	13	7	6	1
QUAL	0	80	31	12	19	0
QUAL	0	81	27	12	15	1
QUAL	0	82	159	82	77	3
QUAL	0	83	33	20	13	2
QUAL	0	84	32	13	19	0
QUAL	0	85	34	16	18	1
QUAL	0	86	270	150	120	0
QUAL	0	87	38	19	19	2
QUAL	0	88	18	11	7	0
QUAL	0	89	18	8	10	7
QUAL	0	90	21	7	14	3
QUAL	0	91	22	7	15	1
QUAL	0	92	18	7	11	2
QUAL	0	93	18	9	9	2
QUAL	0	94	17	10	7	0
QUAL	0	95	28	13	15	0
QUAL	0	96	54	32	22	0
QUAL	0	97	10	5	5	0
QUAL	0	98	45	20	25	2
QUAL	0	99	17	6	11	0
QUAL	0	100	20	10	10	0
QUAL	0	101	46	29	17	1
QUAL	0	102	21	7	14	2
QUAL	0	103	16	7	9	0
QUAL	0	104	20	13	7	0
QUAL	0	105	19	11	8	1
QUAL	0	106	23	10	13	2
QUAL	0	107	14	3	11	2
QUAL	0	108	14	6	8	3
QUAL	0	109	29	14	15	0
QUAL	0	110	17	8	9	0
QUAL	0	111	55	30	25	1
QUAL	0	112	24	12	12	3
QUAL	0	113	15	4	11	2
QUAL	0	114	23	12	11	0
QUAL	0	115	22	12	10	1
QUAL	0	116	16	5	11	1
QUAL	0	117	29	11	18	2
QUAL	0	118	34	20	14	23
QUAL	0	119	22	8	14	2
QUAL	0	120	51	20	31	3
QUAL	0	121	305	158	147	2
QUAL	0	122	27	13	14	1
QUAL	0	123	9	4	5	4
QUAL	0	124	26	12	14	2
QUAL	0	125	10	8	2	2
QUAL	0	126	17	6	11	1
QUAL	0	127	87	36	51	4
QUAL	0	128	29	12	17	2
QUAL	0	129	18	8	10	0
QUAL	0	130	65	30	35	2
QUAL	0	131	24	10	14	3
QUAL	0	132	10	6	4	2
QUAL	0	133	20	10	10	1
QUAL	0	134	14	9	5	5
QUAL	0	135	18	8	10	0
QUAL	0	136	32	15	17	1
QUAL	0	137	18	8	10	1
QUAL	0	138	16	9	7	1
QUAL	0	139	16	8	8	0
QUAL	0	140	23	18	5	5
QUAL	0	141	23	10	13	5
QUAL	0	142	21	13	8	2
QUAL	0	143	27	13	14	2
QUAL	0	144	21	9	12	2
QUAL	0	145	20	10	10	2
QUAL	0	146	66	37	29	0
QUAL	0	147	33	19	14	0
QUAL	0	148	16	10	6	2
QUAL	0	149	27	17	10	2
QUAL	0	150	29	15	14	0
QUAL	0	151	14	6	8	1
QUAL	0	152	25	11	14	3
QUAL	0	153	46	20	26	2
QUAL	0	154	34	14	20	3
QUAL	0	155	73	39	34	1
QUAL	0	156	393	248	145	4
QUAL	0	157	26	9	17	3
QUAL	0	158	17	9	8	2
QUAL	0	159	25	12	13	6
QUAL	0	160	19	10	9	1
QUAL	0	161	19	10	9	3
QUAL	0	162	31	16	15	1
QUAL	0	163	14	7	7	16
QUAL	0	164	22	12	10	4
QUAL	0	165	89	56	33	0
QUAL	0	166	24	12	12	1
QUAL	0	167	14	5	9	2
QUAL	0	168	27	16	11	3
QUAL	0	169	13	5	8	0
QUAL	0	170	38	19	19	1
QUAL	0	171	13	6	7	0
QUAL	0	172	69	39	30	3
QUAL	0	173	18	5	13	5
QUAL	0	174	19	6	13	0
QUAL	0	175	28	21	7	4
QUAL	0	176	19	10	9	3
QUAL	0	177	24	11	13	2
QUAL	0	178	28	21	7	0
QUAL	0	179	21	11	9	1
QUAL	0	180	85	50	35	1
QUAL	0	181	46	19	27	1
QUAL	0	182	17	7	10	3
QUAL	0	183	15	6	9	0
QUAL	0	184	26	12	14	0
QUAL	0	185	24	13	11	0
QUAL	0	186	27	14	13	2
QUAL	0	187	48	31	17	3
QUAL	0	188	28	17	11	1
QUAL	0	189	34	17	17	1
QUAL	0	190	578	332	246	1
QUAL	0	191	36	24	12	1
QUAL	0	192	18	8	10	5
QUAL	0	193	26	13	13	2
QUAL	0	194	23	17	6	2
QUAL	0	195	24	13	11	4
QUAL	0	196	25	11	13	4
QUAL	0	197	24	14	10	3
QUAL	0	198	20	8	12	3
QUAL	0	199	24	12	12	5
QUAL	0	200	130	90	40	5
QUAL	0	201	21	9	12	1
QUAL	0	202	13	8	5	5
QUAL	0	203	11	5	6	2
QUAL	0	204	14	5	9	0
QUAL	0	205	65	34	31	1
QUAL	0	206	21	14	7	1
QUAL	0	207	28	19	9	2
QUAL	0	208	9	8	1	11
QUAL	0	209	40	27	13	1
QUAL	0	210	28	11	17	3
QUAL	0	211	13	8	5	1
QUAL	0	212	17	10	7	2
QUAL	0	213	34	20	14	3
QUAL	0	214	24	13	11	4
QUAL	0	215	111	62	49	1
QUAL	0	216	34	17	17	0
QUAL	0	217	58	30	28	5
QUAL	0	218	18	9	9	3
QUAL	0	219	61	30	31	2
QUAL	0	220	32	13	19	1
QUAL	0	221	24	14	10	1
QUAL	0	222	56	31	25	3
QUAL	0	223	38	26	11	2
QUAL	0	224	77	42	35	6
QUAL	0	225	790	471	319	2
QUAL	0	226	19	7	12	1
QUAL	0	227	31	12	19	1
QUAL	0	228	17	10	7	1
QUAL	0	229	19	7	12	1
QUAL	0	230	20	13	7	1
QUAL	0	231	19	10	9	3
QUAL	0	232	21	11	10	1
QUAL	0	233	42	16	26	2
QUAL	0	234	40	24	16	2
QUAL	0	235	143	89	54	3
QUAL	0	236	12	5	7	4
QUAL	0	237	19	7	12	2
QUAL	0	238	22	11	11	1
QUAL	0	239	33	17	16	1
QUAL	0	240	78	45	33	2
QUAL	0	241	21	10	11	2
QUAL	0	242	28	15	13	5
QUAL	0	243	18	7	11	1
QUAL	0	244	55	35	20	3
QUAL	0	245	33	22	11	1
QUAL	0	246	15	9	6	3
QUAL	0	247	26	13	13	4
QUAL	0	248	23	16	7	6
QUAL	0	249	32	20	12	3
QUAL	0	250	151	93	58	2
QUAL	0	251	46	27	19	2
QUAL	0	252	14	6	8	1
QUAL	0	253	17	11	6	23
QUAL	0	254	58	34	24	5
QUAL	0	255	23	12	11	5
QUAL	0	256	28	18	10	4
QUAL	0	257	91	50	41	4
QUAL	0	258	61	35	26	3
QUAL	0	259	180	116	63	6
QUAL	0	260	1110	653	457	2
QUAL	0	261	33	15	18	2
QUAL	0	262	52	35	17	2
QUAL	0	263	17	9	8	1
QUAL	0	264	29	18	11	3
QUAL	0	265	26	13	13	3
QUAL	0	266	45	19	26	1
QUAL	0	267	26	14	12	1
QUAL	0	268	28	23	5	1
QUAL	0	269	229	128	101	4
QUAL	0	270	20	13	6	4
QUAL	0	271	20	9	11	3
QUAL	0	272	18	7	11	1
QUAL	0	273	25	15	10	3
QUAL	0	274	43	31	12	3
QUAL	0	275	102	54	48	7
QUAL	0	276	12	3	9	0
QUAL	0	277	34	12	20	3
QUAL	0	278	30	16	14	1
QUAL	0	279	55	24	31	1
QUAL	0	280	36	20	14	4
QUAL	0	281	22	12	10	5
QUAL	0	282	26	16	10	2
QUAL	0	283	38	23	15	4
QUAL	0	284	76	54	22	4
QUAL	0	285	184	102	82	7
QUAL	0	286	50	33	17	8
QUAL	0	287	13	9	4	4
QUAL	0	288	39	26	12	5
QUAL	0	289	57	32	25	7
QUAL	0	290	26	14	12	3
QUAL	0	291	34	20	14	4
QUAL	0	292	107	68	39	5
QUAL	0	293	101	60	41	1
QUAL	0	294	237	139	98	3
QUAL	0	295	1412	850	562	1
QUAL	0	296	28	18	10	0
QUAL	0	297	15	7	8	5
QUAL	0	298	34	16	18	17
QUAL	0	299	32	15	17	5
QUAL	0	300	24	14	10	3
QUAL	0	301	27	16	10	7
QUAL	0	302	20	13	7	4
QUAL	0	303	50	23	27	8
QUAL	0	304	298	169	129	10
QUAL	0	305	39	16	22	2
QUAL	0	306	23	13	10	1
QUAL	0	307	68	33	35	3
QUAL	0	308	37	17	20	3
QUAL	0	309	184	109	75	8
QUAL	0	310	31	13	18	3
QUAL	0	311	26	13	13	4
QUAL	0	312	25	13	12	7
QUAL	0	313	30	16	14	9
QUAL	0	314	88	53	35	4
QUAL	0	315	19	6	13	3
QUAL	0	316	36	23	13	2
QUAL	0	317	48	28	20	4
QUAL	0	318	38	18	19	1
QUAL	0	319	307	186	121	1
QUAL	0	320	56	31	25	3
QUAL	0	321	28	14	14	2
QUAL	0	322	22	15	7	3
QUAL	0	323	72	37	35	6
QUAL	0	324	37	22	15	2
QUAL	0	325	24	13	11	3
QUAL	0	326	100	63	36	0
QUAL	0	327	76	42	33	1
QUAL	0	328	209	120	89	2
QUAL	0	329	1975	1186	789	1
QUAL	0	330	33	22	11	6
QUAL	0	331	20	14	6	6
QUAL	0	332	31	15	16	6
QUAL	0	333	29	19	10	13
QUAL	0	334	39	23	16	6
QUAL	0	335	26	12	13	3
QUAL	0	336	32	18	14	5
QUAL	0	337	34	13	21	0
QUAL	0	338	61	41	20	6
QUAL	0	339	344	196	148	1
QUAL	0	340	21	12	9	4
QUAL	0	341	25	14	11	5
QUAL	0	342	37	20	17	7
QUAL	0	343	48	28	20	66
QUAL	0	344	214	114	100	7
QUAL	0	345	23	10	13	6
QUAL	0	346	26	15	11	1
QUAL	0	347	27	17	10	4
QUAL	0	348	80	44	36	3
QUAL	0	349	45	24	21	4
QUAL	0	350	10	4	5	5
QUAL	0	351	37	19	18	0
QUAL	0	352	101	52	49	6
QUAL	0	353	57	33	23	3
QUAL	0	354	333	206	127	3
QUAL	0	355	70	33	37	1
QUAL	0	356	19	10	9	3
QUAL	0	357	22	8	14	3
QUAL	0	358	91	46	44	6
QUAL	0	359	44	18	26	3
QUAL	0	360	29	20	9	4
QUAL	0	361	121	74	47	4
QUAL	0	362	108	51	57	6
QUAL	0	363	243	146	96	8
QUAL	0	364	2211	1342	868	6
QUAL	0	365	28	18	10	7
QUAL	0	366	18	10	8	10
QUAL	0	367	19	12	7	9
QUAL	0	368	36	17	19	2
QUAL	0	369	52	30	22	1
QUAL	0	370	28	21	7	3
QUAL	0	371	28	14	14	3
QUAL	0	372	27	12	15	6
QUAL	0	373	107	71	36	10
QUAL	0	374	404	256	148	10
QUAL	0	375	15	10	5	1
QUAL	0	376	30	13	17	4
QUAL	0	377	49	33	16	10
QUAL	0	378	71	40	31	5
QUAL	0	379	268	160	108	8
QUAL	0	380	18	12	6	0
QUAL	0	381	37	21	16	2
QUAL	0	382	24	8	15	3
QUAL	0	383	86	57	29	14
QUAL	0	384	46	33	13	4
QUAL	0	385	24	14	10	2
QUAL	0	386	39	17	22	8
QUAL	0	387	80	46	34	13
QUAL	0	388	140	88	52	50
QUAL	0	389	383	244	139	5
QUAL	0	390	59	29	29	1
QUAL	0	391	24	12	12	4
QUAL	0	392	33	19	14	3
QUAL	0	393	85	49	36	2
QUAL	0	394	49	28	21	4
QUAL	0	395	59	26	33	10
QUAL	0	396	144	75	68	6
QUAL	0	397	194	116	78	4
QUAL	0	398	422	271	151	4
QUAL	0	399	2338	1436	902	1
QUAL	0	400	13	8	5	3
QUAL	0	401	27	18	9	5
QUAL	0	402	29	19	10	8
QUAL	0	403	42	24	18	7
QUAL	0	404	64	35	29	6
QUAL	0	405	43	31	12	1
QUAL	0	406	35	18	17	5
QUAL	0	407	63	38	25	0
QUAL	0	408	465	289	176	4
QUAL	0	409	20	11	9	5
QUAL	0	410	23	12	11	2
QUAL	0	411	33	16	17	3
QUAL	0	412	38	20	18	1
QUAL	0	413	93	57	35	8
QUAL	0	414	286	168	118	7
QUAL	0	415	18	9	9	6
QUAL	0	416	30	17	13	5
QUAL	0	417	23	14	9	3
QUAL	0	418	92	51	40	2
QUAL	0	419	45	24	21	4
QUAL	0	420	20	15	5	10
QUAL	0	421	34	19	15	7
QUAL	0	422	77	44	32	18
QUAL	0	423	153	80	73	19
QUAL	0	424	342	207	135	11
QUAL	0	425	63	34	28	13
QUAL	0	426	25	13	12	7
QUAL	0	427	33	15	18	6
QUAL	0	428	106	68	38	6
QUAL	0	429	36	17	18	3
QUAL	0	430	59	34	25	4
QUAL	0	431	159	93	66	5
QUAL	0	432	206	117	89	3
QUAL	0	433	525	320	205	44
QUAL	0	434	2365	1477	888	5
QUAL	0	435	32	16	15	7
QUAL	0	436	27	15	12	3
QUAL	0	437	39	24	14	12
QUAL	0	438	76	48	28	4
QUAL	0	439	37	26	11	5
QUAL	0	440	41	22	19	1
QUAL	0	441	55	26	29	3
QUAL	0	442	138	71	66	6
QUAL	0	443	515	320	195	0
QUAL	0	444	22	11	11	4
QUAL	0	445	32	17	12	6
QUAL	0	446	33	18	15	1
QUAL	0	447	64	33	31	8
QUAL	0	448	364	235	129	4
QUAL	0	449	28	12	16	6
QUAL	0	450	35	25	10	3
QUAL	0	451	13	8	4	7
QUAL	0	452	41	29	12	4
QUAL	0	453	107	65	42	1
QUAL	0	454	29	16	13	4
QUAL	0	455	32	15	17	6
QUAL	0	456	52	35	17	9
QUAL	0	457	79	49	28	3
QUAL	0	458	535	330	205	8
QUAL	0	459	66	37	29	3
QUAL	0	460	18	9	9	7
QUAL	0	461	30	15	15	12
QUAL	0	462	97	58	39	10
QUAL	0	463	52	33	19	6
QUAL	0	464	36	23	13	13
QUAL	0	465	121	70	51	5
QUAL	0	466	112	62	50	8
QUAL	0	467	359	206	153	9
QUAL	0	468	1636	991	645	8
QUAL	0	469	973	615	358	7
QUAL	0	470	18	7	11	4
QUAL	0	471	16	8	8	3
QUAL	0	472	43	25	18	5
QUAL	0	473	86	58	28	6
QUAL	0	474	45	25	20	7
QUAL	0	475	39	17	22	6
QUAL	0	476	53	26	27	2
QUAL	0	477	99	57	41	4
QUAL	0	478	426	263	163	52
QUAL	0	479	22	12	10	8
QUAL	0	480	24	11	13	3
QUAL	0	481	36	21	15	5
QUAL	0	482	66	37	29	5
QUAL	0	483	356	217	139	2
QUAL	0	484	29	10	19	1
QUAL	0	485	24	13	10	7
QUAL	0	486	40	22	18	6
QUAL	0	487	116	62	54	5
QUAL	0	488	98	61	37	3
QUAL	0	489	23	12	10	7
QUAL	0	490	37	16	21	2
QUAL	0	491	56	36	20	5
QUAL	0	492	87	48	39	2
QUAL	0	493	470	299	171	5
QUAL	0	494	72	33	39	3
QUAL	0	495	18	9	9	4
QUAL	0	496	29	14	15	4
QUAL	0	497	71	40	30	7
QUAL	0	498	61	33	28	9
QUAL	0	499	46	22	24	10
QUAL	0	500	119	70	49	11
QUAL	0	501	127	71	56	1
QUAL	0	502	286	170	116	5
QUAL	0	503	2368	1463	904	6
QUAL	0	504	25	12	13	5
QUAL	0	505	23	14	9	10
QUAL	0	506	31	18	13	5
QUAL	0	507	44	30	14	2
QUAL	0	508	95	58	37	4
QUAL	0	509	61	31	30	15
QUAL	0	510	44	26	17	7
QUAL	0	511	58	30	28	3
QUAL	0	512	121	70	51	8
QUAL	0	513	369	237	132	9
QUAL	0	514	21	11	10	6
QUAL	0	515	24	13	11	4
QUAL	0	516	44	25	19	1
QUAL	0	517	82	53	29	3
QUAL	0	518	328	199	129	2
QUAL	0	519	23	14	9	1
QUAL	0	520	35	21	14	4
QUAL	0	521	25	16	9	3
QUAL	0	522	105	67	37	3
QUAL	0	523	32	20	11	49
QUAL	0	524	27	12	15	10
QUAL	0	525	29	18	10	2
QUAL	0	526	55	27	28	2
QUAL	0	527	166	101	64	2
QUAL	0	528	321	198	123	6
QUAL	0	529	47	19	28	9
QUAL	0	530	22	11	11	11
QUAL	0	531	48	26	22	3
QUAL	0	532	138	69	69	3
QUAL	0	533	69	34	35	1
QUAL	0	534	41	26	15	6
QUAL	0	535	116	75	41	3
QUAL	0	536	144	87	57	5
QUAL	0	537	397	246	151	12
QUAL	0	538	1933	1204	729	15
QUAL	0	539	19	10	8	4
QUAL	0	540	22	11	11	1
QUAL	0	541	28	15	12	6
QUAL	0	542	46	28	18	5
QUAL	0	543	83	47	36	7
QUAL	0	544	69	36	33	7
QUAL	0	545	34	18	16	14
QUAL	0	546	64	39	25	2
QUAL	0	547	138	90	48	10
QUAL	0	548	308	213	95	6
QUAL	0	549	32	20	10	3
QUAL	0	550	42	21	21	2
QUAL	0	551	45	25	20	4
QUAL	0	552	133	80	53	2
QUAL	0	553	343	216	127	2
QUAL	0	554	28	19	9	0
QUAL	0	555	21	12	9	4
QUAL	0	556	39	18	20	7
QUAL	0	557	76	47	29	6
QUAL	0	558	34	24	10	18
QUAL	0	559	24	14	10	3
QUAL	0	560	42	21	20	7
QUAL	0	561	54	34	20	6
QUAL	0	562	138	83	55	7
QUAL	0	563	278	175	102	5
QUAL	0	564	46	20	25	8
QUAL	0	565	20	7	13	1
QUAL	0	566	36	23	13	2
QUAL	0	567	103	63	40	2
QUAL	0	568	45	25	20	52
QUAL	0	569	51	24	27	5
QUAL	0	570	118	68	50	6
QUAL	0	571	162	105	56	3
QUAL	0	572	405	242	163	2
QUAL	0	573	1682	1033	649	6
QUAL	0	574	12	8	4	1
QUAL	0	575	22	11	11	17
QUAL	0	576	45	24	21	3
QUAL	0	577	147	81	66	4
QUAL	0	578	71	41	30	2
QUAL	0	579	66	40	26	7
QUAL	0	580	33	14	19	5
QUAL	0	581	60	35	25	8
QUAL	0	582	378	240	137	1
QUAL	0	583	31	12	17	1
QUAL	0	584	28	19	8	6
QUAL	0	585	32	23	9	8
QUAL	0	586	49	35	14	11
QUAL	0	587	326	208	118	3
QUAL	0	588	34	20	14	3
QUAL	0	589	19	8	10	2
QUAL	0	590	13	6	7	0
QUAL	0	591	34	14	19	4
QUAL	0	592	82	51	31	5
QUAL	0	593	64	30	33	4
QUAL	0	594	33	23	10	3
QUAL	0	595	41	22	19	4
QUAL	0	596	82	43	39	5
QUAL	0	597	158	91	67	4
QUAL	0	598	225	140	85	3
QUAL	0	599	28	16	12	5
QUAL	0	600	15	8	7	4
QUAL	0	601	50	32	18	0
QUAL	0	602	76	40	36	5
QUAL	0	603	42	28	14	16
QUAL	0	604	42	24	18	1
QUAL	0	605	112	78	33	5
QUAL	0	606	201	116	85	4
QUAL	0	607	518	322	194	6
QUAL	0	608	1005	622	383	4
QUAL	0	609	17	9	8	8
QUAL	0	610	26	14	12	6
QUAL	0	611	57	31	26	12
QUAL	0	612	96	53	43	3
QUAL	0	613	115	72	43	65
QUAL	0	614	41	22	19	3
QUAL	0	615	38	23	15	1
QUAL	0	616	54	25	27	7
QUAL	0	617	259	163	96	6
QUAL	0	618	24	16	8	7
QUAL	0	619	19	16	2	4
QUAL	0	620	32	13	19	4
QUAL	0	621	76	46	29	6
QUAL	0	622	354	205	149	8
QUAL	0	623	40	25	15	5
QUAL	0	624	23	11	12	9
QUAL	0	625	11	8	3	5
QUAL	0	626	39	23	16	7
QUAL	0	627	56	30	26	5
QUAL	0	628	32	17	15	3
QUAL	0	629	26	20	6	1
QUAL	0	630	39	25	14	5
QUAL	0	631	72	49	23	1
QUAL	0	632	295	191	103	3
QUAL	0	633	40	23	17	1
QUAL	0	634	19	13	6	5
QUAL	0	635	27	18	9	6
QUAL	0	636	60	32	28	1
QUAL	0	637	41	19	22	6
QUAL	0	638	56	36	19	5
QUAL	0	639	72	36	36	2
QUAL	0	640	88	48	40	4
QUAL	0	641	199	121	78	3
QUAL	0	642	1142	686	456	7
QUAL	0	643	21	9	12	1
QUAL	0	644	19	13	6	4
QUAL	0	645	25	14	11	5
QUAL	0	646	36	19	16	9
QUAL	0	647	71	35	36	12
QUAL	0	648	130	79	50	8
QUAL	0	649	18	8	10	6
QUAL	0	650	39	22	17	9
QUAL	0	651	71	45	26	3
QUAL	0	652	208	127	80	7
QUAL	0	653	21	9	12	9
QUAL	0	654	34	17	16	6
QUAL	0	655	35	23	12	3
QUAL	0	656	76	45	31	3
QUAL	0	657	259	166	93	4
QUAL	0	658	53	33	20	36
QUAL	0	659	15	8	6	7
QUAL	0	660	25	17	8	1
QUAL	0	661	43	23	20	3
QUAL	0	662	38	24	14	5
QUAL	0	663	39	22	17	8
QUAL	0	664	25	11	13	3
QUAL	0	665	41	17	24	1
QUAL	0	666	82	47	34	8
QUAL	0	667	239	139	100	7
QUAL	0	668	33	18	15	1
QUAL	0	669	14	9	5	5
QUAL	0	670	25	15	10	3
QUAL	0	671	46	28	16	2
QUAL	0	672	68	39	29	5
QUAL	0	673	44	28	16	2
QUAL	0	674	66	46	20	5
QUAL	0	675	75	41	34	2
QUAL	0	676	188	109	79	2
QUAL	0	677	862	526	336	0
QUAL	0	678	20	9	11	3
QUAL	0	679	19	9	8	1
QUAL	0	680	29	13	16	4
QUAL	0	681	48	32	16	5
QUAL	0	682	124	71	53	2
QUAL	0	683	145	89	56	6
QUAL	0	684	24	20	4	6
QUAL	0	685	35	21	14	3
QUAL	0	686	69	42	27	2
QUAL	0	687	119	75	43	8
QUAL	0	688	27	12	14	8
QUAL	0	689	26	13	12	3
QUAL	0	690	39	24	13	7
QUAL	0	691	70	42	28	6
QUAL	0	692	203	132	70	6
QUAL	0	693	26	16	10	8
QUAL	0	694	16	10	6	3
QUAL	0	695	17	10	7	8
QUAL	0	696	58	32	24	5
QUAL	0	697	49	25	24	5
QUAL	0	698	38	27	11	1
QUAL	0	699	20	13	7	0
QUAL	0	700	38	23	14	10
QUAL	0	701	88	49	39	5
QUAL	0	702	154	96	57	2
QUAL	0	703	18	13	5	46
QUAL	0	704	11	5	6	6
QUAL	0	705	20	9	11	3
QUAL	0	706	59	40	19	4
QUAL	0	707	50	29	21	3
QUAL	0	708	53	31	22	3
QUAL	0	709	39	24	15	2
QUAL	0	710	81	52	29	2
QUAL	0	711	208	119	89	0
QUAL	0	712	586	369	217	2
QUAL	0	713	13	9	4	3
QUAL	0	714	17	13	3	1
QUAL	0	715	45	24	21	1
QUAL	0	716	65	43	21	6
QUAL	0	717	192	112	80	3
QUAL	0	718	132	80	52	3
QUAL	0	719	24	15	9	2
QUAL	0	720	33	19	14	6
QUAL	0	721	107	68	39	4
QUAL	0	722	31	17	13	5
QUAL	0	723	22	14	7	5
QUAL	0	724	27	17	10	8
QUAL	0	725	38	25	13	7
QUAL	0	726	86	59	27	2
QUAL	0	727	158	100	56	2
QUAL	0	728	29	19	10	5
QUAL	0	729	13	8	5	2
QUAL	0	730	27	14	13	1
QUAL	0	731	49	31	18	2
QUAL	0	732	56	29	26	3
QUAL	0	733	15	10	5	2
QUAL	0	734	29	13	16	3
QUAL	0	735	19	10	9	2
QUAL	0	736	80	56	24	2
QUAL	0	737	102	64	38	6
QUAL	0	738	14	8	6	6
QUAL	0	739	22	13	9	3
QUAL	0	740	32	18	14	2
QUAL	0	741	46	29	17	7
QUAL	0	742	82	55	27	2
QUAL	0	743	39	25	14	3
QUAL	0	744	47	20	26	0
QUAL	0	745	72	42	29	2
QUAL	0	746	178	105	72	5
QUAL	0	747	366	235	130	12
QUAL	0	748	21	11	10	42
QUAL	0	749	29	20	9	6
QUAL	0	750	30	15	15	1
QUAL	0	751	95	56	39	2
QUAL	0	752	233	132	101	2
QUAL	0	753	93	65	28	2
QUAL	0	754	18	8	8	5
QUAL	0	755	29	15	14	2
QUAL	0	756	113	67	46	3
QUAL	0	757	73	34	39	4
QUAL	0	758	22	12	9	3
QUAL	0	759	26	16	10	3
QUAL	0	760	38	24	14	4
QUAL	0	761	144	93	51	1
QUAL	0	762	51	34	17	5
QUAL	0	763	13	8	5	8
QUAL	0	764	16	10	6	8
QUAL	0	765	26	14	11	5
QUAL	0	766	47	31	16	4
QUAL	0	767	70	39	31	7
QUAL	0	768	13	7	6	2
QUAL	0	769	16	9	6	1
QUAL	0	770	28	14	14	4
QUAL	0	771	125	72	52	4
QUAL	0	772	15	10	5	4
QUAL	0	773	22	11	11	5
QUAL	0	774	21	12	8	1
QUAL	0	775	32	16	15	2
QUAL	0	776	66	39	27	3
QUAL	0	777	75	51	24	2
QUAL	0	778	34	20	14	2
QUAL	0	779	43	22	20	4
QUAL	0	780	71	39	32	2
QUAL	0	781	348	226	122	3
QUAL	0	782	31	13	18	10
QUAL	0	783	21	9	11	8
QUAL	0	784	30	20	10	3
QUAL	0	785	46	20	26	2
QUAL	0	786	125	78	47	4
QUAL	0	787	279	162	117	4
QUAL	0	788	41	21	20	3
QUAL	0	789	19	12	7	3
QUAL	0	790	31	21	10	2
QUAL	0	791	75	43	32	3
QUAL	0	792	28	16	12	8
QUAL	0	793	13	5	8	30
QUAL	0	794	22	14	7	7
QUAL	0	795	46	34	12	4
QUAL	0	796	171	114	56	3
QUAL	0	797	49	28	21	3
QUAL	0	798	17	9	8	7
QUAL	0	799	6	1	5	11
QUAL	0	800	39	24	15	4
QUAL	0	801	46	27	19	1
QUAL	0	802	92	48	43	2
QUAL	0	803	12	7	5	1
QUAL	0	804	24	13	11	3
QUAL	0	805	37	20	16	1
QUAL	0	806	90	56	34	2
QUAL	0	807	20	9	11	2
QUAL	0	808	20	8	12	4
QUAL	0	809	25	15	10	11
QUAL	0	810	41	20	20	5
QUAL	0	811	58	29	28	3
QUAL	0	812	85	51	34	4
QUAL	0	813	14	8	6	3
QUAL	0	814	31	22	9	5
QUAL	0	815	71	49	21	3
QUAL	0	816	261	169	92	4
QUAL	0	817	27	14	11	3
QUAL	0	818	26	15	11	4
QUAL	0	819	33	21	11	2
QUAL	0	820	66	41	25	4
QUAL	0	821	167	89	78	5
QUAL	0	822	294	189	105	3
QUAL	0	823	12	8	4	3
QUAL	0	824	17	10	7	2
QUAL	0	825	26	13	12	5
QUAL	0	826	70	39	30	7
QUAL	0	827	26	10	16	6
QUAL	0	828	16	9	7	13
QUAL	0	829	23	9	14	0
QUAL	0	830	57	33	24	4
QUAL	0	831	128	76	52	5
QUAL	0	832	47	26	21	5
QUAL	0	833	19	12	7	4
QUAL	0	834	24	8	16	3
QUAL	0	835	36	26	10	1
QUAL	0	836	75	51	24	1
QUAL	0	837	67	46	21	7
QUAL	0	838	16	10	6	28
QUAL	0	839	20	13	6	4
QUAL	0	840	43	26	16	7
QUAL	0	841	83	46	36	6
QUAL	0	842	20	15	5	3
QUAL	0	843	21	8	12	7
QUAL	0	844	26	16	10	8
QUAL	0	845	40	21	18	3
QUAL	0	846	107	64	43	6
QUAL	0	847	89	51	38	1
QUAL	0	848	25	17	8	3
QUAL	0	849	28	13	15	0
QUAL	0	850	64	41	23	4
QUAL	0	851	159	94	65	2
QUAL	0	852	21	11	8	2
QUAL	0	853	32	17	15	3
QUAL	0	854	37	19	17	6
QUAL	0	855	76	47	28	3
QUAL	0	856	220	132	88	1
QUAL	0	857	218	126	92	3
QUAL	0	858	19	10	8	1
QUAL	0	859	18	9	9	0
QUAL	0	860	54	32	21	2
QUAL	0	861	39	22	16	6
QUAL	0	862	21	13	7	0
QUAL	0	863	20	11	9	2
QUAL	0	864	32	18	13	3
QUAL	0	865	44	31	13	2
QUAL	0	866	112	72	40	3
QUAL	0	867	26	14	12	3
QUAL	0	868	16	9	7	3
QUAL	0	869	25	18	7	5
QUAL	0	870	47	26	20	1
QUAL	0	871	91	53	38	5
QUAL	0	872	44	26	17	6
QUAL	0	873	14	9	5	12
QUAL	0	874	25	18	7	3
QUAL	0	875	45	31	13	4
QUAL	0	876	47	26	21	2
QUAL	0	877	13	3	10	5
QUAL	0	878	21	10	11	1
QUAL	0	879	37	24	13	1
QUAL	0	880	39	25	14	5
QUAL	0	881	111	62	49	1
QUAL	0	882	54	31	22	5
QUAL	0	883	21	15	3	18
QUAL	0	884	40	24	16	1
QUAL	0	885	62	38	23	1
QUAL	0	886	115	72	42	1
QUAL	0	887	16	5	10	2
QUAL	0	888	18	10	8	5
QUAL	0	889	56	32	24	6
QUAL	0	890	115	71	44	2
QUAL	0	891	298	184	114	1
QUAL	0	892	142	84	57	2
QUAL	0	893	17	6	11	4
QUAL	0	894	18	11	7	3
QUAL	0	895	39	24	15	5
QUAL	0	896	54	31	23	3
QUAL	0	897	14	6	6	4
QUAL	0	898	27	16	9	1
QUAL	0	899	49	27	21	6
QUAL	0	900	91	62	28	2
QUAL	0	901	123	80	43	2
QUAL	0	902	16	7	6	3
QUAL	0	903	22	17	5	2
QUAL	0	904	35	21	13	4
QUAL	0	905	52	37	15	2
QUAL	0	906	106	64	42	3
QUAL	0	907	21	13	8	3
QUAL	0	908	25	18	7	3
QUAL	0	909	29	12	17	2
QUAL	0	910	59	38	21	3
QUAL	0	911	31	16	15	4
QUAL	0	912	14	8	6	5
QUAL	0	913	18	16	2	4
QUAL	0	914	32	19	13	2
QUAL	0	915	72	43	29	2
QUAL	0	916	111	77	32	1
QUAL	0	917	37	17	20	3
QUAL	0	918	23	15	8	6
QUAL	0	919	27	16	11	1
QUAL	0	920	102	59	43	2
QUAL	0	921	31	19	12	5
QUAL	0	922	21	11	10	1
QUAL	0	923	40	24	16	3
QUAL	0	924	56	31	25	3
QUAL	0	925	125	67	58	1
QUAL	0	926	378	254	123	5
QUAL	0	927	65	42	23	3
QUAL	0	928	16	10	6	19
QUAL	0	929	17	10	7	0
QUAL	0	930	46	37	9	2
QUAL	0	931	25	18	7	1
QUAL	0	932	25	11	14	2
QUAL	0	933	24	10	13	2
QUAL	0	934	44	31	13	8
QUAL	0	935	100	63	37	3
QUAL	0	936	98	69	29	6
QUAL	0	937	42	22	20	1
QUAL	0	938	21	10	11	1
QUAL	0	939	32	13	19	0
QUAL	0	940	72	45	26	2
QUAL	0	941	83	49	34	1
QUAL	0	942	18	10	7	1
QUAL	0	943	22	9	12	3
QUAL	0	944	21	12	9	5
QUAL	0	945	56	35	19	2
QUAL	0	946	20	9	11	3
QUAL	0	947	16	11	5	2
QUAL	0	948	26	16	10	3
QUAL	0	949	47	28	19	2
QUAL	0	950	76	45	31	4
QUAL	0	951	110	75	35	3
QUAL	0	952	28	16	12	4
QUAL	0	953	30	13	15	2
QUAL	0	954	28	21	6	5
QUAL	0	955	89	52	37	3
QUAL	0	956	24	14	10	2
QUAL	0	957	20	12	8	1
QUAL	0	958	37	21	15	7
QUAL	0	959	63	46	17	2
QUAL	0	960	192	122	70	2
QUAL	0	961	347	213	133	2
QUAL	0	962	30	19	10	2
QUAL	0	963	16	10	6	1
QUAL	0	964	26	18	8	5
QUAL	0	965	35	20	15	1
QUAL	0	966	23	17	6	3
QUAL	0	967	22	11	10	0
QUAL	0	968	36	25	11	1
QUAL	0	969	56	31	25	2
QUAL	0	970	102	69	33	1
QUAL	0	971	80	51	29	3
QUAL	0	972	24	14	8	1
QUAL	0	973	20	10	10	14
QUAL	0	974	39	25	14	3
QUAL	0	975	87	59	28	3
QUAL	0	976	59	32	27	2
QUAL	0	977	15	7	8	1
QUAL	0	978	26	18	8	2
QUAL	0	979	27	19	8	7
QUAL	0	980	50	26	24	9
QUAL	0	981	24	16	8	5
QUAL	0	982	34	18	16	1
QUAL	0	983	31	16	15	2
QUAL	0	984	49	30	17	4
QUAL	0	985	104	70	34	1
QUAL	0	986	73	46	26	4
QUAL	0	987	20	11	9	2
QUAL	0	988	23	15	7	1
QUAL	0	989	31	15	15	12
QUAL	0	990	64	37	26	2
QUAL	0	991	27	18	9	2
QUAL	0	992	26	15	11	2
QUAL	0	993	52	34	18	4
QUAL	0	994	73	42	30	3
QUAL	0	995	227	144	83	3
QUAL	0	996	257	163	94	4
QUAL	0	997	14	7	7	0
QUAL	0	998	56666	33938	22091	6084
# IDD, InDel distribution:
# IDD	[2]id	[3]length (deletions negative)	[4]count
IDD	0	-60	78
IDD	0	-59	2
IDD	0	-58	2
IDD	0	-57	4
IDD	0	-56	1
IDD	0	-55	4
IDD	0	-54	1
IDD	0	-52	1
IDD	0	-51	1
IDD	0	-50	9
IDD	0	-49	1
IDD	0	-48	4
IDD	0	-47	1
IDD	0	-46	7
IDD	0	-45	7
IDD	0	-44	1
IDD	0	-43	1
IDD	0	-42	1
IDD	0	-41	4
IDD	0	-40	7
IDD	0	-39	1
IDD	0	-38	1
IDD	0	-37	3
IDD	0	-36	5
IDD	0	-35	8
IDD	0	-34	4
IDD	0	-33	2
IDD	0	-32	4
IDD	0	-31	3
IDD	0	-30	17
IDD	0	-29	10
IDD	0	-28	28
IDD	0	-27	5
IDD	0	-26	15
IDD	0	-25	32
IDD	0	-24	30
IDD	0	-23	9
IDD	0	-22	27
IDD	0	-21	15
IDD	0	-20	93
IDD	0	-19	24
IDD	0	-18	39
IDD	0	-17	21
IDD	0	-16	57
IDD	0	-15	214
IDD	0	-14	63
IDD	0	-13	47
IDD	0	-12	128
IDD	0	-11	62
IDD	0	-10	401
IDD	0	-9	55
IDD	0	-8	201
IDD	0	-7	77
IDD	0	-6	201
IDD	0	-5	691
IDD	0	-4	801
IDD	0	-3	604
IDD	0	-2	1133
IDD	0	-1	2726
IDD	0	1	2309
IDD	0	2	846
IDD	0	3	235
IDD	0	4	507
IDD	0	5	602
IDD	0	6	158
IDD	0	7	43
IDD	0	8	178
IDD	0	9	38
IDD	0	10	243
IDD	0	11	33
IDD	0	12	92
IDD	0	13	19
IDD	0	14	23
IDD	0	15	144
IDD	0	16	41
IDD	0	17	11
IDD	0	18	14
IDD	0	19	14
IDD	0	20	114
IDD	0	21	15
IDD	0	22	11
IDD	0	23	9
IDD	0	24	17
IDD	0	25	35
IDD	0	26	14
IDD	0	27	9
IDD	0	28	17
IDD	0	29	7
IDD	0	30	23
IDD	0	31	1
IDD	0	32	9
IDD	0	33	3
IDD	0	34	4
IDD	0	35	6
IDD	0	36	3
IDD	0	38	4
IDD	0	39	3
IDD	0	40	11
IDD	0	42	2
IDD	0	43	4
IDD	0	44	3
IDD	0	45	5
IDD	0	46	2
IDD	0	48	1
IDD	0	49	3
IDD	0	50	6
IDD	0	52	1
IDD	0	53	2
IDD	0	54	2
IDD	0	55	1
IDD	0	56	2
IDD	0	58	1
IDD	0	59	1
IDD	0	60	57
# ST, Substitution types:
# ST	[2]id	[3]type	[4]count
ST	0	A>C	6047
ST	0	A>G	17726
ST	0	A>T	6381
ST	0	C>A	9125
ST	0	C>G	7059
ST	0	C>T	25409
ST	0	G>A	25017
ST	0	G>C	7019
ST	0	G>T	9774
ST	0	T>A	6520
ST	0	T>C	17516
ST	0	T>G	6066
# DP, Depth distribution
# DP	[2]id	[3]bin	[4]number of genotypes	[5]fraction of genotypes (%)	[6]number of sites	[7]fraction of sites (%)
DP	0	0	1443	0.003806	0	0.000000
DP	0	1	34038	0.089775	0	0.000000
DP	0	2	54760	0.144429	9	0.005912
DP	0	3	7734175	20.398779	3	0.001971
DP	0	4	9593503	25.302731	1	0.000657
DP	0	5	7050563	18.595762	2	0.001314
DP	0	6	4556714	12.018270	1	0.000657
DP	0	7	2691924	7.099912	1	0.000657
DP	0	8	1558413	4.110293	0	0.000000
DP	0	9	951626	2.509900	1	0.000657
DP	0	10	634689	1.673983	0	0.000000
DP	0	11	433986	1.144632	0	0.000000
DP	0	12	312647	0.824602	0	0.000000
DP	0	13	233361	0.615486	1	0.000657
DP	0	14	175279	0.462296	0	0.000000
DP	0	15	136963	0.361238	0	0.000000
DP	0	16	113311	0.298856	0	0.000000
DP	0	17	94560	0.249401	1	0.000657
DP	0	18	83866	0.221195	1	0.000657
DP	0	19	73331	0.193409	0	0.000000
DP	0	20	64023	0.168860	0	0.000000
DP	0	21	60188	0.158745	0	0.000000
DP	0	22	55174	0.145521	0	0.000000
DP	0	23	51935	0.136978	0	0.000000
DP	0	24	50416	0.132971	1	0.000657
DP	0	25	45002	0.118692	0	0.000000
DP	0	26	43060	0.113570	0	0.000000
DP	0	27	40210	0.106053	0	0.000000
DP	0	28	39103	0.103134	2	0.001314
DP	0	29	37830	0.099776	0	0.000000
DP	0	30	34417	0.090774	0	0.000000
DP	0	31	33813	0.089181	0	0.000000
DP	0	32	30998	0.081757	0	0.000000
DP	0	33	29555	0.077951	0	0.000000
DP	0	34	27617	0.072839	0	0.000000
DP	0	35	26684	0.070379	0	0.000000
DP	0	36	24982	0.065890	0	0.000000
DP	0	37	24033	0.063387	0	0.000000
DP	0	38	23038	0.060762	0	0.000000
DP	0	39	20697	0.054588	0	0.000000
DP	0	40	20061	0.052911	0	0.000000
DP	0	41	19066	0.050286	0	0.000000
DP	0	42	19005	0.050125	0	0.000000
DP	0	43	17992	0.047454	0	0.000000
DP	0	44	16388	0.043223	0	0.000000
DP	0	45	15989	0.042171	0	0.000000
DP	0	46	15444	0.040733	0	0.000000
DP	0	47	14891	0.039275	0	0.000000
DP	0	48	13781	0.036347	0	0.000000
DP	0	49	13243	0.034928	0	0.000000
DP	0	50	12471	0.032892	2	0.001314
DP	0	51	12261	0.032338	0	0.000000
DP	0	52	11614	0.030632	1	0.000657
DP	0	53	11099	0.029273	0	0.000000
DP	0	54	10626	0.028026	1	0.000657
DP	0	55	10587	0.027923	1	0.000657
DP	0	56	9744	0.025700	0	0.000000
DP	0	57	9411	0.024821	0	0.000000
DP	0	58	9020	0.023790	0	0.000000
DP	0	59	9108	0.024022	0	0.000000
DP	0	60	8626	0.022751	0	0.000000
DP	0	61	8420	0.022208	0	0.000000
DP	0	62	7965	0.021008	0	0.000000
DP	0	63	8051	0.021234	1	0.000657
DP	0	64	7284	0.019211	0	0.000000
DP	0	65	7545	0.019900	0	0.000000
DP	0	66	7111	0.018755	0	0.000000
DP	0	67	6987	0.018428	2	0.001314
DP	0	68	6597	0.017399	0	0.000000
DP	0	69	6703	0.017679	0	0.000000
DP	0	70	6385	0.016840	1	0.000657
DP	0	71	6344	0.016732	0	0.000000
DP	0	72	6346	0.016737	0	0.000000
DP	0	73	6070	0.016010	0	0.000000
DP	0	74	5891	0.015537	0	0.000000
DP	0	75	5781	0.015247	0	0.000000
DP	0	76	6007	0.015843	0	0.000000
DP	0	77	5823	0.015358	0	0.000000
DP	0	78	5426	0.014311	0	0.000000
DP	0	79	5349	0.014108	0	0.000000
DP	0	80	5196	0.013704	0	0.000000
DP	0	81	5033	0.013274	0	0.000000
DP	0	82	5190	0.013689	0	0.000000
DP	0	83	5117	0.013496	0	0.000000
DP	0	84	4750	0.012528	0	0.000000
DP	0	85	4851	0.012794	0	0.000000
DP	0	86	4753	0.012536	0	0.000000
DP	0	87	4997	0.013180	0	0.000000
DP	0	88	4599	0.012130	0	0.000000
DP	0	89	4544	0.011985	0	0.000000
DP	0	90	4250	0.011209	0	0.000000
DP	0	91	4223	0.011138	0	0.000000
DP	0	92	4149	0.010943	0	0.000000
DP	0	93	4111	0.010843	1	0.000657
DP	0	94	4066	0.010724	0	0.000000
DP	0	95	4199	0.011075	0	0.000000
DP	0	96	3901	0.010289	0	0.000000
DP	0	97	3756	0.009906	0	0.000000
DP	0	98	3695	0.009746	0	0.000000
DP	0	99	3541	0.009339	0	0.000000
DP	0	100	3777	0.009962	0	0.000000
DP	0	101	3473	0.009160	0	0.000000
DP	0	102	3470	0.009152	0	0.000000
DP	0	103	3316	0.008746	0	0.000000
DP	0	104	3388	0.008936	0	0.000000
DP	0	105	3333	0.008791	0	0.000000
DP	0	106	3278	0.008646	0	0.000000
DP	0	107	3175	0.008374	0	0.000000
DP	0	108	3044	0.008029	0	0.000000
DP	0	109	2998	0.007907	0	0.000000
DP	0	110	2960	0.007807	0	0.000000
DP	0	111	2896	0.007638	0	0.000000
DP	0	112	2941	0.007757	0	0.000000
DP	0	113	2777	0.007324	0	0.000000
DP	0	114	2847	0.007509	0	0.000000
DP	0	115	2699	0.007119	0	0.000000
DP	0	116	2822	0.007443	0	0.000000
DP	0	117	2753	0.007261	0	0.000000
DP	0	118	2525	0.006660	0	0.000000
DP	0	119	2536	0.006689	0	0.000000
DP	0	120	2381	0.006280	0	0.000000
DP	0	121	2472	0.006520	0	0.000000
DP	0	122	2267	0.005979	0	0.000000
DP	0	123	2429	0.006406	0	0.000000
DP	0	124	2267	0.005979	0	0.000000
DP	0	125	2196	0.005792	0	0.000000
DP	0	126	2123	0.005599	0	0.000000
DP	0	127	2127	0.005610	0	0.000000
DP	0	128	2063	0.005441	0	0.000000
DP	0	129	2063	0.005441	0	0.000000
DP	0	130	2074	0.005470	0	0.000000
DP	0	131	1970	0.005196	0	0.000000
DP	0	132	1918	0.005059	0	0.000000
DP	0	133	1913	0.005046	0	0.000000
DP	0	134	1738	0.004584	0	0.000000
DP	0	135	1762	0.004647	0	0.000000
DP	0	136	1700	0.004484	1	0.000657
DP	0	137	1644	0.004336	0	0.000000
DP	0	138	1642	0.004331	0	0.000000
DP	0	139	1670	0.004405	0	0.000000
DP	0	140	1484	0.003914	0	0.000000
DP	0	141	1402	0.003698	0	0.000000
DP	0	142	1295	0.003416	0	0.000000
DP	0	143	1432	0.003777	0	0.000000
DP	0	144	1242	0.003276	0	0.000000
DP	0	145	1256	0.003313	0	0.000000
DP	0	146	1308	0.003450	0	0.000000
DP	0	147	1156	0.003049	0	0.000000
DP	0	148	1120	0.002954	0	0.000000
DP	0	149	1227	0.003236	0	0.000000
DP	0	150	1073	0.002830	0	0.000000
DP	0	151	1119	0.002951	0	0.000000
DP	0	152	1062	0.002801	0	0.000000
DP	0	153	874	0.002305	0	0.000000
DP	0	154	913	0.002408	0	0.000000
DP	0	155	817	0.002155	0	0.000000
DP	0	156	852	0.002247	1	0.000657
DP	0	157	870	0.002295	0	0.000000
DP	0	158	681	0.001796	0	0.000000
DP	0	159	667	0.001759	0	0.000000
DP	0	160	747	0.001970	0	0.000000
DP	0	161	677	0.001786	0	0.000000
DP	0	162	563	0.001485	0	0.000000
DP	0	163	595	0.001569	0	0.000000
DP	0	164	552	0.001456	0	0.000000
DP	0	165	530	0.001398	0	0.000000
DP	0	166	549	0.001448	0	0.000000
DP	0	167	515	0.001358	0	0.000000
DP	0	168	480	0.001266	0	0.000000
DP	0	169	457	0.001205	0	0.000000
DP	0	170	373	0.000984	0	0.000000
DP	0	171	397	0.001047	0	0.000000
DP	0	172	357	0.000942	0	0.000000
DP	0	173	350	0.000923	0	0.000000
DP	0	174	323	0.000852	0	0.000000
DP	0	175	316	0.000833	0	0.000000
DP	0	176	336	0.000886	0	0.000000
DP	0	177	258	0.000680	0	0.000000
DP	0	178	253	0.000667	0	0.000000
DP	0	179	246	0.000649	0	0.000000
DP	0	180	218	0.000575	0	0.000000
DP	0	181	236	0.000622	0	0.000000
DP	0	182	211	0.000557	0	0.000000
DP	0	183	186	0.000491	0	0.000000
DP	0	184	188	0.000496	0	0.000000
DP	0	185	171	0.000451	0	0.000000
DP	0	186	189	0.000498	0	0.000000
DP	0	187	177	0.000467	0	0.000000
DP	0	188	142	0.000375	0	0.000000
DP	0	189	158	0.000417	0	0.000000
DP	0	190	151	0.000398	1	0.000657
DP	0	191	141	0.000372	0	0.000000
DP	0	192	147	0.000388	0	0.000000
DP	0	193	109	0.000287	0	0.000000
DP	0	194	86	0.000227	0	0.000000
DP	0	195	111	0.000293	0	0.000000
DP	0	196	112	0.000295	0	0.000000
DP	0	197	81	0.000214	0	0.000000
DP	0	198	111	0.000293	0	0.000000
DP	0	199	72	0.000190	0	0.000000
DP	0	200	89	0.000235	0	0.000000
DP	0	201	56	0.000148	0	0.000000
DP	0	202	90	0.000237	0	0.000000
DP	0	203	63	0.000166	0	0.000000
DP	0	204	61	0.000161	0	0.000000
DP	0	205	73	0.000193	0	0.000000
DP	0	206	61	0.000161	0	0.000000
DP	0	207	81	0.000214	0	0.000000
DP	0	208	49	0.000129	0	0.000000
DP	0	209	56	0.000148	0	0.000000
DP	0	210	62	0.000164	0	0.000000
DP	0	211	69	0.000182	0	0.000000
DP	0	212	42	0.000111	0	0.000000
DP	0	213	61	0.000161	0	0.000000
DP	0	214	63	0.000166	0	0.000000
DP	0	215	39	0.000103	0	0.000000
DP	0	216	40	0.000105	0	0.000000
DP	0	217	44	0.000116	0	0.000000
DP	0	218	39	0.000103	0	0.000000
DP	0	219	45	0.000119	0	0.000000
DP	0	220	28	0.000074	0	0.000000
DP	0	221	35	0.000092	0	0.000000
DP	0	222	43	0.000113	0	0.000000
DP	0	223	37	0.000098	0	0.000000
DP	0	224	43	0.000113	0	0.000000
DP	0	225	34	0.000090	0	0.000000
DP	0	226	31	0.000082	0	0.000000
DP	0	227	26	0.000069	0	0.000000
DP	0	228	31	0.000082	0	0.000000
DP	0	229	38	0.000100	0	0.000000
DP	0	230	30	0.000079	0	0.000000
DP	0	231	29	0.000076	0	0.000000
DP	0	232	18	0.000047	0	0.000000
DP	0	233	29	0.000076	0	0.000000
DP	0	234	35	0.000092	0	0.000000
DP	0	235	26	0.000069	0	0.000000
DP	0	236	27	0.000071	0	0.000000
DP	0	237	34	0.000090	0	0.000000
DP	0	238	27	0.000071	0	0.000000
DP	0	239	24	0.000063	0	0.000000
DP	0	240	17	0.000045	0	0.000000
DP	0	241	18	0.000047	0	0.000000
DP	0	242	33	0.000087	0	0.000000
DP	0	243	22	0.000058	0	0.000000
DP	0	244	16	0.000042	0	0.000000
DP	0	245	21	0.000055	0	0.000000
DP	0	246	22	0.000058	0	0.000000
DP	0	247	8	0.000021	0	0.000000
DP	0	248	18	0.000047	0	0.000000
DP	0	249	5	0.000013	0	0.000000
DP	0	250	8	0.000021	0	0.000000
DP	0	251	7	0.000018	0	0.000000
DP	0	252	9	0.000024	0	0.000000
DP	0	253	15	0.000040	0	0.000000
DP	0	254	13	0.000034	0	0.000000
DP	0	255	20	0.000053	0	0.000000
DP	0	256	13	0.000034	0	0.000000
DP	0	257	8	0.000021	0	0.000000
DP	0	258	6	0.000016	0	0.000000
DP	0	259	6	0.000016	0	0.000000
DP	0	260	5	0.000013	0	0.000000
DP	0	261	7	0.000018	0	0.000000
DP	0	262	10	0.000026	0	0.000000
DP	0	263	7	0.000018	0	0.000000
DP	0	264	6	0.000016	0	0.000000
DP	0	265	6	0.000016	1	0.000657
DP	0	266	8	0.000021	0	0.000000
DP	0	267	7	0.000018	0	0.000000
DP	0	268	2	0.000005	0	0.000000
DP	0	269	7	0.000018	0	0.000000
DP	0	270	9	0.000024	0	0.000000
DP	0	271	6	0.000016	0	0.000000
DP	0	272	6	0.000016	0	0.000000
DP	0	273	5	0.000013	0	0.000000
DP	0	274	8	0.000021	0	0.000000
DP	0	275	10	0.000026	0	0.000000
DP	0	276	3	0.000008	0	0.000000
DP	0	277	4	0.000011	0	0.000000
DP	0	278	2	0.000005	0	0.000000
DP	0	279	8	0.000021	0	0.000000
DP	0	280	4	0.000011	0	0.000000
DP	0	281	1	0.000003	0	0.000000
DP	0	282	4	0.000011	0	0.000000
DP	0	283	1	0.000003	0	0.000000
DP	0	284	10	0.000026	0	0.000000
DP	0	285	1	0.000003	0	0.000000
DP	0	286	1	0.000003	0	0.000000
DP	0	287	4	0.000011	0	0.000000
DP	0	288	2	0.000005	1	0.000657
DP	0	289	1	0.000003	0	0.000000
DP	0	290	2	0.000005	0	0.000000
DP	0	291	5	0.000013	0	0.000000
DP	0	292	2	0.000005	0	0.000000
DP	0	293	3	0.000008	0	0.000000
DP	0	294	7	0.000018	0	0.000000
DP	0	295	1	0.000003	0	0.000000
DP	0	296	1	0.000003	0	0.000000
DP	0	299	1	0.000003	0	0.000000
DP	0	300	3	0.000008	0	0.000000
DP	0	301	1	0.000003	0	0.000000
DP	0	302	3	0.000008	0	0.000000
DP	0	304	2	0.000005	0	0.000000
DP	0	305	2	0.000005	0	0.000000
DP	0	306	2	0.000005	0	0.000000
DP	0	307	2	0.000005	0	0.000000
DP	0	308	5	0.000013	0	0.000000
DP	0	309	2	0.000005	0	0.000000
DP	0	310	2	0.000005	0	0.000000
DP	0	313	2	0.000005	0	0.000000
DP	0	314	4	0.000011	0	0.000000
DP	0	315	1	0.000003	0	0.000000
DP	0	317	3	0.000008	0	0.000000
DP	0	318	2	0.000005	0	0.000000
DP	0	319	1	0.000003	0	0.000000
DP	0	321	2	0.000005	0	0.000000
DP	0	323	2	0.000005	0	0.000000
DP	0	327	0	0.000000	1	0.000657
DP	0	330	2	0.000005	0	0.000000
DP	0	331	3	0.000008	0	0.000000
DP	0	335	1	0.000003	0	0.000000
DP	0	336	1	0.000003	0	0.000000
DP	0	337	0	0.000000	1	0.000657
DP	0	338	1	0.000003	0	0.000000
DP	0	339	2	0.000005	0	0.000000
DP	0	340	2	0.000005	0	0.000000
DP	0	348	2	0.000005	0	0.000000
DP	0	351	2	0.000005	0	0.000000
DP	0	352	3	0.000008	0	0.000000
DP	0	354	2	0.000005	0	0.000000
DP	0	355	1	0.000003	0	0.000000
DP	0	357	1	0.000003	0	0.000000
DP	0	363	1	0.000003	0	0.000000
DP	0	364	3	0.000008	0	0.000000
DP	0	369	2	0.000005	0	0.000000
DP	0	371	1	0.000003	0	0.000000
DP	0	373	1	0.000003	0	0.000000
DP	0	381	1	0.000003	0	0.000000
DP	0	382	1	0.000003	0	0.000000
DP	0	383	1	0.000003	0	0.000000
DP	0	388	1	0.000003	0	0.000000
DP	0	394	1	0.000003	0	0.000000
DP	0	395	1	0.000003	0	0.000000
DP	0	399	3	0.000008	0	0.000000
DP	0	400	1	0.000003	0	0.000000
DP	0	402	1	0.000003	0	0.000000
DP	0	403	1	0.000003	0	0.000000
DP	0	406	1	0.000003	0	0.000000
DP	0	407	3	0.000008	0	0.000000
DP	0	415	1	0.000003	0	0.000000
DP	0	433	1	0.000003	0	0.000000
DP	0	436	1	0.000003	0	0.000000
DP	0	438	2	0.000005	0	0.000000
DP	0	448	1	0.000003	0	0.000000
DP	0	458	1	0.000003	0	0.000000
DP	0	463	1	0.000003	0	0.000000
DP	0	472	1	0.000003	0	0.000000
DP	0	477	0	0.000000	1	0.000657
DP	0	483	1	0.000003	0	0.000000
DP	0	500	1	0.000003	0	0.000000
DP	0	>500	15	0.000040	152200	99.972412
# PSC, Per-sample counts. Note that the ref/het/hom counts include only SNPs, for indels see PSI. The rest include both SNPs and indels.
# PSC	[2]id	[3]sample	[4]nRefHom	[5]nNonRefHom	[6]nHets	[7]nTransitions	[8]nTransversions	[9]nIndels	[10]average depth	[11]nSingletons	[12]nHapRef	[13]nHapAlt	[14]nMissing
PSC	0	HG00178	0	0	0	0	0	0	7.7	0	0	0	152242
PSC	0	HG00180	0	0	0	0	0	0	0.0	0	0	0	152242
PSC	0	HG00185	0	0	0	0	0	0	6.0	0	147614	3283	1345
PSC	0	HG00231	0	0	0	0	0	0	0.0	0	0	0	152242
PSC	0	HG00236	0	0	0	0	0	0	0.0	0	0	0	152242
PSC	0	HG00243	0	0	0	0	0	0	0.0	0	150007	1702	533
PSC	0	HG00116	0	0	0	0	0	0	0.0	0	150039	1764	439
PSC	0	HG00123	0	0	0	0	0	0	0.0	0	0	0	152242
PSC	0	HG00128	0	0	0	0	0	0	6.4	0	0	0	152242
PSC	0	HG00130	0	0	0	0	0	0	7.5	0	0	0	152242
PSC	0	HG00142	0	0	0	0	0	0	7.4	0	148253	1792	2197
PSC	0	HG00154	0	0	0	0	0	0	6.8	0	0	0	152242
PSC	0	HG00159	0	0	0	0	0	0	0.0	0	147466	3310	1466
PSC	0	HG00173	0	0	0	0	0	0	0.0	0	0	0	152242
PSC	0	HG00250	0	0	0	0	0	0	0.0	0	0	0	152242
PSC	0	HG00255	0	0	0	0	0	0	0.0	0	0	0	152242
PSC	0	HG00262	0	0	0	0	0	0	6.6	0	0	0	152242
PSC	0	HG00267	0	0	0	0	0	0	7.1	0	150094	1716	432
PSC	0	HG00274	0	0	0	0	0	0	0.0	0	0	0	152242
PSC	0	HG00281	0	0	0	0	0	0	0.0	0	0	0	152242
PSC	0	HG00096	0	0	0	0	0	0	0.0	0	150158	1648	436
PSC	0	HG00109	0	0	0	0	0	0	0.0	0	149241	2399	602
PSC	0	HG00111	0	0	0	0	0	0	6.9	0	0	0	152242
PSC	0	HG00332	0	0	0	0	0	0	0.0	0	0	0	152242
PSC	0	HG00337	0	0	0	0	0	0	0.0	0	0	0	152242
PSC	0	HG00344	0	0	0	0	0	0	7.9	0	0	0	152242
PSC	0	HG00349	0	0	0	0	0	0	7.3	0	0	0	152242
PSC	0	HG00351	0	0	0	0	0	0	0.0	0	147644	3302	1296
PSC	0	HG00356	0	0	0	0	0	0	6.9	0	0	0	152242
PSC	0	HG00368	0	0	0	0	0	0	0.0	0	0	0	152242
PSC	0	HG00375	0	0	0	0	0	0	6.0	0	147708	3339	1195
PSC	0	HG00382	0	0	0	0	0	0	0.0	0	149405	2264	573
PSC	0	HG00306	0	0	0	0	0	0	5.6	0	0	0	152242
PSC	0	HG00313	0	0	0	0	0	0	0.0	0	0	0	152242
PSC	0	HG00318	0	0	0	0	0	0	0.0	0	0	0	152242
PSC	0	HG00320	0	0	0	0	0	0	7.4	0	0	0	152242
PSC	0	HG00325	0	0	0	0	0	0	7.4	0	147439	3366	1437
PSC	0	HG01501	0	0	0	0	0	0	0.0	0	0	0	152242
PSC	0	HG01506	0	0	0	0	0	0	0.0	0	150248	1515	479
PSC	0	HG01513	0	0	0	0	0	0	5.9	0	0	0	152242
PSC	0	HG01626	0	0	0	0	0	0	7.6	0	0	0	152242
PSC	0	HG01669	0	0	0	0	0	0	6.2	0	150074	1664	504
PSC	0	HG01607	0	0	0	0	0	0	0.0	0	0	0	152242
PSC	0	HG01619	0	0	0	0	0	0	7.4	0	148035	3247	960
PSC	0	HG01602	0	0	0	0	0	0	0.0	0	0	0	152242
PSC	0	HG01518	0	0	0	0	0	0	0.0	0	150214	1504	524
PSC	0	HG01525	0	0	0	0	0	0	5.8	0	0	0	152242
PSC	0	HG01537	0	0	0	0	0	0	0.0	0	0	0	152242
PSC	0	HG01695	0	0	0	0	0	0	0.0	0	0	0	152242
PSC	0	HG01708	0	0	0	0	0	0	0.0	0	150175	1584	483
PSC	0	HG01710	0	0	0	0	0	0	7.5	0	0	0	152242
PSC	0	HG01746	0	0	0	0	0	0	0.0	0	0	0	152242
PSC	0	HG01765	0	0	0	0	0	0	0.0	0	150202	1577	463
PSC	0	HG01676	0	0	0	0	0	0	0.0	0	0	0	152242
PSC	0	HG01784	0	0	0	0	0	0	14.0	0	0	0	152242
PSC	0	HG01789	0	0	0	0	0	0	10.8	0	150281	1492	469
PSC	0	HG01791	0	0	0	0	0	0	0.0	0	150141	1597	504
PSC	0	HG01777	0	0	0	0	0	0	7.8	0	150339	1459	444
PSC	0	HG02220	0	0	0	0	0	0	7.3	0	0	0	152242
PSC	0	HG02232	0	0	0	0	0	0	0.0	0	0	0	152242
PSC	0	HG00103	0	0	0	0	0	0	0.0	0	149885	1666	691
PSC	0	HG00108	0	0	0	0	0	0	11.6	0	150169	1599	474
PSC	0	HG00110	0	0	0	0	0	0	8.1	0	0	0	152242
PSC	0	HG00254	0	0	0	0	0	0	0.0	0	0	0	152242
PSC	0	HG00259	0	0	0	0	0	0	0.0	0	0	0	152242
PSC	0	HG00261	0	0	0	0	0	0	0.0	0	0	0	152242
PSC	0	HG00266	0	0	0	0	0	0	0.0	0	0	0	152242
PSC	0	HG00273	0	0	0	0	0	0	5.6	0	147568	3410	1264
PSC	0	HG00278	0	0	0	0	0	0	6.3	0	147875	3215	1152
PSC	0	HG00280	0	0	0	0	0	0	8.8	0	147707	3338	1197
PSC	0	HG00329	0	0	0	0	0	0	5.8	0	147869	3211	1162
PSC	0	HG00331	0	0	0	0	0	0	6.3	0	0	0	152242
PSC	0	HG00336	0	0	0	0	0	0	7.1	0	147690	3319	1233
PSC	0	HG00343	0	0	0	0	0	0	6.1	0	0	0	152242
PSC	0	HG00350	0	0	0	0	0	0	5.9	0	0	0	152242
PSC	0	HG00355	0	0	0	0	0	0	0.0	0	0	0	152242
PSC	0	HG00362	0	0	0	0	0	0	6.1	0	0	0	152242
PSC	0	HG00139	0	0	0	0	0	0	0.0	0	149995	1705	542
PSC	0	HG00141	0	0	0	0	0	0	7.6	0	149987	1666	589
PSC	0	HG00146	0	0	0	0	0	0	0.0	0	0	0	152242
PSC	0	HG00158	0	0	0	0	0	0	0.0	0	0	0	152242
PSC	0	HG00160	0	0	0	0	0	0	6.0	0	147812	3353	1077
PSC	0	HG00177	0	0	0	0	0	0	0.0	0	0	0	152242
PSC	0	HG00189	0	0	0	0	0	0	6.3	0	147446	3339	1457
PSC	0	HG00235	0	0	0	0	0	0	0.0	0	0	0	152242
PSC	0	HG00242	0	0	0	0	0	0	8.3	0	150065	1706	471
PSC	0	HG00367	0	0	0	0	0	0	0.0	0	0	0	152242
PSC	0	HG00379	0	0	0	0	0	0	5.8	0	0	0	152242
PSC	0	HG00381	0	0	0	0	0	0	6.9	0	0	0	152242
PSC	0	HG00115	0	0	0	0	0	0	0.0	0	150000	1699	543
PSC	0	HG00122	0	0	0	0	0	0	0.0	0	0	0	152242
PSC	0	HG00127	0	0	0	0	0	0	5.8	0	0	0	152242
PSC	0	HG00285	0	0	0	0	0	0	5.9	0	0	0	152242
PSC	0	HG00324	0	0	0	0	0	0	0.0	0	0	0	152242
PSC	0	NA11830	0	0	0	0	0	0	6.3	0	0	0	152242
PSC	0	NA11892	0	0	0	0	0	0	5.7	0	0	0	152242
PSC	0	NA11917	0	0	0	0	0	0	6.7	0	147796	3834	612
PSC	0	NA11931	0	0	0	0	0	0	0.0	0	0	0	152242
PSC	0	NA11993	0	0	0	0	0	0	0.0	0	0	0	152242
PSC	0	NA12004	0	0	0	0	0	0	0.0	0	0	0	152242
PSC	0	NA06994	0	0	0	0	0	0	5.9	0	147502	3254	1486
PSC	0	NA07000	0	0	0	0	0	0	0.0	0	0	0	152242
PSC	0	NA07031	0	0	0	0	0	0	6.3	0	0	0	152242
PSC	0	NA07055	0	0	0	0	0	0	6.5	0	0	0	152242
PSC	0	NA12155	0	0	0	0	0	0	6.3	0	149299	2371	572
PSC	0	NA12249	0	0	0	0	0	0	7.1	0	0	0	152242
PSC	0	NA12275	0	0	0	0	0	0	6.9	0	0	0	152242
PSC	0	NA12282	0	0	0	0	0	0	0.0	0	148087	3245	910
PSC	0	NA12287	0	0	0	0	0	0	0.0	0	0	0	152242
PSC	0	NA12340	0	0	0	0	0	0	0.0	0	150151	1614	477
PSC	0	NA12383	0	0	0	0	0	0	0.0	0	0	0	152242
PSC	0	NA12489	0	0	0	0	0	0	7.1	0	0	0	152242
PSC	0	NA07346	0	0	0	0	0	0	7.0	0	0	0	152242
PSC	0	NA07435	0	0	0	0	0	0	5.8	0	147716	3491	1035
PSC	0	HG01334	0	0	0	0	0	0	6.0	0	149940	1777	525
PSC	0	NA12718	0	0	0	0	0	0	6.2	0	0	0	152242
PSC	0	NA12749	0	0	0	0	0	0	0.0	0	0	0	152242
PSC	0	NA12751	0	0	0	0	0	0	0.0	0	0	0	152242
PSC	0	NA12763	0	0	0	0	0	0	0.0	0	0	0	152242
PSC	0	NA12775	0	0	0	0	0	0	7.1	0	150172	1611	459
PSC	0	HG01531	0	0	0	0	0	0	0.0	0	0	0	152242
PSC	0	HG01536	0	0	0	0	0	0	0.0	0	150210	1533	499
PSC	0	NA12814	0	0	0	0	0	0	0.0	0	150102	1629	511
PSC	0	HG01500	0	0	0	0	0	0	0.0	0	150085	1622	535
PSC	0	NA12890	0	0	0	0	0	0	5.8	0	0	0	152242
PSC	0	HG01606	0	0	0	0	0	0	0.0	0	150162	1598	482
PSC	0	HG01613	0	0	0	0	0	0	0.0	0	0	0	152242
PSC	0	HG01618	0	0	0	0	0	0	0.0	0	0	0	152242
PSC	0	HG01620	0	0	0	0	0	0	6.4	0	0	0	152242
PSC	0	HG01512	0	0	0	0	0	0	7.7	0	147701	3326	1215
PSC	0	HG01524	0	0	0	0	0	0	6.5	0	150201	1511	530
PSC	0	HG01694	0	0	0	0	0	0	0.0	0	150316	1483	443
PSC	0	HG01699	0	0	0	0	0	0	6.8	0	147606	3976	660
PSC	0	HG01702	0	0	0	0	0	0	7.2	0	0	0	152242
PSC	0	HG01707	0	0	0	0	0	0	0.0	0	0	0	152242
PSC	0	HG01783	0	0	0	0	0	0	0.0	0	150184	1540	518
PSC	0	HG01790	0	0	0	0	0	0	6.5	0	0	0	152242
PSC	0	HG01625	0	0	0	0	0	0	0.0	0	150100	1644	498
PSC	0	HG01632	0	0	0	0	0	0	0.0	0	0	0	152242
PSC	0	HG01668	0	0	0	0	0	0	6.1	0	0	0	152242
PSC	0	HG01670	0	0	0	0	0	0	0.0	0	0	0	152242
PSC	0	HG01771	0	0	0	0	0	0	0.0	0	150167	1580	495
PSC	0	HG01776	0	0	0	0	0	0	8.7	0	0	0	152242
PSC	0	HG01675	0	0	0	0	0	0	6.8	0	149989	1755	498
PSC	0	HG01682	0	0	0	0	0	0	6.1	0	150212	1562	468
PSC	0	HG01757	0	0	0	0	0	0	7.3	0	0	0	152242
PSC	0	HG02236	0	0	0	0	0	0	7.1	0	141975	3040	7227
PSC	0	HG02224	0	0	0	0	0	0	0.0	0	147807	3375	1060
PSC	0	HG02231	0	0	0	0	0	0	0.0	0	150084	1686	472
PSC	0	NA20502	0	0	0	0	0	0	7.3	0	0	0	152242
PSC	0	NA20507	0	0	0	0	0	0	6.5	0	0	0	152242
PSC	0	NA20514	0	0	0	0	0	0	5.8	0	0	0	152242
PSC	0	NA20519	0	0	0	0	0	0	7.4	0	150079	1646	517
PSC	0	NA20521	0	0	0	0	0	0	6.1	0	142091	3070	7081
PSC	0	NA20759	0	0	0	0	0	0	0.0	0	150502	1305	435
PSC	0	NA20761	0	0	0	0	0	0	6.4	0	0	0	152242
PSC	0	NA20766	0	0	0	0	0	0	0.0	0	0	0	152242
PSC	0	NA20773	0	0	0	0	0	0	0.0	0	0	0	152242
PSC	0	NA20778	0	0	0	0	0	0	8.3	0	141865	3093	7284
PSC	0	NA20785	0	0	0	0	0	0	8.1	0	150028	1799	415
PSC	0	NA20792	0	0	0	0	0	0	8.2	0	150236	1578	428
PSC	0	NA20533	0	0	0	0	0	0	0.0	0	0	0	152242
PSC	0	NA20538	0	0	0	0	0	0	0.0	0	150097	1643	502
PSC	0	NA20540	0	0	0	0	0	0	10.1	0	0	0	152242
PSC	0	NA20588	0	0	0	0	0	0	0.0	0	147843	3297	1102
PSC	0	NA20754	0	0	0	0	0	0	6.9	0	148816	2156	1270
PSC	0	NA20797	0	0	0	0	0	0	0.0	0	0	0	152242
PSC	0	NA20800	0	0	0	0	0	0	6.4	0	0	0	152242
PSC	0	NA20805	0	0	0	0	0	0	0.0	0	141739	3236	7267
PSC	0	NA20812	0	0	0	0	0	0	6.6	0	150073	1710	459
PSC	0	HG00182	0	0	0	0	0	0	6.9	0	147963	3064	1215
PSC	0	HG00187	0	0	0	0	0	0	7.7	0	147453	3471	1318
PSC	0	HG00233	0	0	0	0	0	0	7.1	0	0	0	152242
PSC	0	HG00238	0	0	0	0	0	0	0.0	0	0	0	152242
PSC	0	HG00240	0	0	0	0	0	0	0.0	0	0	0	152242
PSC	0	HG00245	0	0	0	0	0	0	0.0	0	0	0	152242
PSC	0	HG00252	0	0	0	0	0	0	0.0	0	147453	3325	1464
PSC	0	HG00257	0	0	0	0	0	0	0.0	0	0	0	152242
PSC	0	HG00264	0	0	0	0	0	0	9.3	0	150098	1674	470
PSC	0	HG00269	0	0	0	0	0	0	0.0	0	0	0	152242
PSC	0	HG00271	0	0	0	0	0	0	6.3	0	147654	3321	1267
PSC	0	HG00276	0	0	0	0	0	0	0.0	0	0	0	152242
PSC	0	HG00118	0	0	0	0	0	0	7.3	0	0	0	152242
PSC	0	HG00120	0	0	0	0	0	0	0.0	0	0	0	152242
PSC	0	HG00125	0	0	0	0	0	0	0.0	0	0	0	152242
PSC	0	HG00132	0	0	0	0	0	0	0.0	0	0	0	152242
PSC	0	HG00137	0	0	0	0	0	0	6.4	0	0	0	152242
PSC	0	HG00149	0	0	0	0	0	0	0.0	0	150270	1547	425
PSC	0	HG00151	0	0	0	0	0	0	0.0	0	149202	2513	527
PSC	0	HG00101	0	0	0	0	0	0	0.0	0	147291	3491	1460
PSC	0	HG00106	0	0	0	0	0	0	0.0	0	0	0	152242
PSC	0	HG00113	0	0	0	0	0	0	0.0	0	149178	2320	744
PSC	0	HG00334	0	0	0	0	0	0	6.8	0	0	0	152242
PSC	0	HG00339	0	0	0	0	0	0	6.0	0	0	0	152242
PSC	0	HG00341	0	0	0	0	0	0	0.0	0	147692	3267	1283
PSC	0	HG00346	0	0	0	0	0	0	6.9	0	0	0	152242
PSC	0	HG00353	0	0	0	0	0	0	7.0	0	0	0	152242
PSC	0	HG00358	0	0	0	0	0	0	6.4	0	147937	3072	1233
PSC	0	HG00360	0	0	0	0	0	0	0.0	0	148230	3109	903
PSC	0	HG00365	0	0	0	0	0	0	0.0	0	0	0	152242
PSC	0	HG00372	0	0	0	0	0	0	6.5	0	147456	3350	1436
PSC	0	HG00384	0	0	0	0	0	0	13.7	0	0	0	152242
PSC	0	HG00143	0	0	0	0	0	0	7.1	0	149796	1618	828
PSC	0	HG00148	0	0	0	0	0	0	0.0	0	149863	1817	562
PSC	0	HG00150	0	0	0	0	0	0	0.0	0	0	0	152242
PSC	0	HG00155	0	0	0	0	0	0	6.0	0	150119	1595	528
PSC	0	HG00174	0	0	0	0	0	0	7.2	0	0	0	152242
PSC	0	HG00117	0	0	0	0	0	0	6.8	0	147480	3339	1423
PSC	0	HG00129	0	0	0	0	0	0	0.0	0	149870	1802	570
PSC	0	HG00131	0	0	0	0	0	0	0.0	0	150261	1443	538
PSC	0	HG00136	0	0	0	0	0	0	0.0	0	147760	3385	1097
PSC	0	HG00288	0	0	0	0	0	0	5.9	0	0	0	152242
PSC	0	HG00097	0	0	0	0	0	0	5.7	0	0	0	152242
PSC	0	HG00290	0	0	0	0	0	0	0.0	0	147860	3243	1139
PSC	0	HG00100	0	0	0	0	0	0	0.0	0	0	0	152242
PSC	0	HG00105	0	0	0	0	0	0	6.9	0	150234	1532	476
PSC	0	HG00308	0	0	0	0	0	0	6.9	0	147407	3318	1517
PSC	0	HG00112	0	0	0	0	0	0	7.2	0	150191	1557	494
PSC	0	HG00310	0	0	0	0	0	0	8.5	0	147134	3446	1662
PSC	0	HG00315	0	0	0	0	0	0	0.0	0	0	0	152242
PSC	0	HG00327	0	0	0	0	0	0	4.3	0	0	0	152242
PSC	0	HG00251	0	0	0	0	0	0	0.0	0	150209	1561	472
PSC	0	HG00256	0	0	0	0	0	0	0.0	0	150063	1712	467
PSC	0	HG00263	0	0	0	0	0	0	6.1	0	0	0	152242
PSC	0	HG00268	0	0	0	0	0	0	6.7	0	0	0	152242
PSC	0	HG00275	0	0	0	0	0	0	0.0	0	0	0	152242
PSC	0	HG00369	0	0	0	0	0	0	7.1	0	147692	3435	1115
PSC	0	HG00371	0	0	0	0	0	0	7.2	0	147730	3290	1222
PSC	0	HG00376	0	0	0	0	0	0	0.0	0	0	0	152242
PSC	0	HG00383	0	0	0	0	0	0	0.0	0	0	0	152242
PSC	0	HG00179	0	0	0	0	0	0	7.2	0	0	0	152242
PSC	0	HG00181	0	0	0	0	0	0	0.0	0	147959	3372	911
PSC	0	HG00186	0	0	0	0	0	0	0.0	0	147540	3306	1396
PSC	0	HG00232	0	0	0	0	0	0	6.6	0	0	0	152242
PSC	0	HG00237	0	0	0	0	0	0	0.0	0	0	0	152242
PSC	0	HG00244	0	0	0	0	0	0	0.0	0	149757	1986	499
PSC	0	NA07345	0	0	0	0	0	0	0.0	0	0	0	152242
PSC	0	NA07357	0	0	0	0	0	0	0.0	0	150088	1634	520
PSC	0	NA06986	0	0	0	0	0	0	6.9	0	150008	1760	474
PSC	0	HG00282	0	0	0	0	0	0	0.0	0	0	0	152242
PSC	0	HG00319	0	0	0	0	0	0	7.3	0	0	0	152242
PSC	0	HG00321	0	0	0	0	0	0	6.1	0	147482	3409	1351
PSC	0	HG00326	0	0	0	0	0	0	0.0	0	0	0	152242
PSC	0	HG00338	0	0	0	0	0	0	0.0	0	147782	3184	1276
PSC	0	HG00345	0	0	0	0	0	0	0.0	0	147319	3375	1548
PSC	0	HG00357	0	0	0	0	0	0	6.3	0	0	0	152242
PSC	0	HG00364	0	0	0	0	0	0	7.7	0	0	0	152242
PSC	0	NA06993	0	0	0	0	0	0	0.0	0	150079	1683	480
PSC	0	NA12717	0	0	0	0	0	0	0.0	0	0	0	152242
PSC	0	NA12748	0	0	0	0	0	0	0.0	0	147942	3461	839
PSC	0	NA12750	0	0	0	0	0	0	0.0	0	147383	3333	1526
PSC	0	NA12762	0	0	0	0	0	0	0.0	0	150259	1487	496
PSC	0	NA12286	0	0	0	0	0	0	0.0	0	147774	3395	1073
PSC	0	NA12399	0	0	0	0	0	0	0.0	0	150279	1506	457
PSC	0	NA12414	0	0	0	0	0	0	6.4	0	0	0	152242
PSC	0	NA12546	0	0	0	0	0	0	0.0	0	147734	3350	1158
PSC	0	NA11839	0	0	0	0	0	0	0.0	0	150218	1602	422
PSC	0	HG01503	0	0	0	0	0	0	6.4	0	150110	1642	490
PSC	0	NA11891	0	0	0	0	0	0	0.0	0	150213	1582	447
PSC	0	NA11930	0	0	0	0	0	0	7.1	0	147921	3267	1054
PSC	0	HG01510	0	0	0	0	0	0	6.6	0	0	0	152242
PSC	0	NA11992	0	0	0	0	0	0	0.0	0	147562	3269	1411
PSC	0	NA12003	0	0	0	0	0	0	8.1	0	147286	3520	1436
PSC	0	NA12046	0	0	0	0	0	0	0.0	0	0	0	152242
PSC	0	NA12058	0	0	0	0	0	0	6.5	0	0	0	152242
PSC	0	HG01623	0	0	0	0	0	0	7.2	0	0	0	152242
PSC	0	NA12154	0	0	0	0	0	0	0.0	0	150064	1621	557
PSC	0	NA12248	0	0	0	0	0	0	0.0	0	150281	1451	510
PSC	0	NA12274	0	0	0	0	0	0	0.0	0	150122	1637	483
PSC	0	HG01515	0	0	0	0	0	0	0.0	0	149872	1830	540
PSC	0	HG01522	0	0	0	0	0	0	6.5	0	0	0	152242
PSC	0	HG01527	0	0	0	0	0	0	0.0	0	147982	3375	885
PSC	0	HG01697	0	0	0	0	0	0	0.0	0	0	0	152242
PSC	0	HG01700	0	0	0	0	0	0	0.0	0	150363	1373	506
PSC	0	HG01705	0	0	0	0	0	0	0.0	0	150104	1648	490
PSC	0	HG01628	0	0	0	0	0	0	6.2	0	0	0	152242
PSC	0	HG01630	0	0	0	0	0	0	0.0	0	150204	1582	456
PSC	0	HG01673	0	0	0	0	0	0	0.0	0	0	0	152242
PSC	0	NA12813	0	0	0	0	0	0	8.0	0	0	0	152242
PSC	0	HG01678	0	0	0	0	0	0	6.5	0	150223	1574	445
PSC	0	HG01680	0	0	0	0	0	0	6.4	0	147276	3987	979
PSC	0	HG01685	0	0	0	0	0	0	7.6	0	0	0	152242
PSC	0	NA12875	0	0	0	0	0	0	0.0	0	0	0	152242
PSC	0	HG01762	0	0	0	0	0	0	9.1	0	0	0	152242
PSC	0	HG01767	0	0	0	0	0	0	0.0	0	149878	1507	857
PSC	0	HG01779	0	0	0	0	0	0	0.0	0	0	0	152242
PSC	0	HG01781	0	0	0	0	0	0	0.0	0	141906	3256	7080
PSC	0	HG01786	0	0	0	0	0	0	6.2	0	0	0	152242
PSC	0	HG01603	0	0	0	0	0	0	0.0	0	150060	1766	416
PSC	0	HG01519	0	0	0	0	0	0	0.0	0	0	0	152242
PSC	0	HG01521	0	0	0	0	0	0	0.0	0	150175	1559	508
PSC	0	HG01507	0	0	0	0	0	0	0.0	0	0	0	152242
PSC	0	HG01672	0	0	0	0	0	0	6.6	0	141892	3073	7277
PSC	0	HG01684	0	0	0	0	0	0	0.0	0	0	0	152242
PSC	0	HG01608	0	0	0	0	0	0	0.0	0	150248	1525	469
PSC	0	HG01610	0	0	0	0	0	0	7.2	0	146761	3286	2195
PSC	0	HG01615	0	0	0	0	0	0	6.3	0	150232	1576	434
PSC	0	HG01709	0	0	0	0	0	0	6.2	0	150074	1663	505
PSC	0	HG01747	0	0	0	0	0	0	5.9	0	150030	1593	619
PSC	0	HG01761	0	0	0	0	0	0	5.7	0	150083	1628	531
PSC	0	HG01766	0	0	0	0	0	0	0.0	0	0	0	152242
PSC	0	HG01773	0	0	0	0	0	0	6.0	0	0	0	152242
PSC	0	HG02239	0	0	0	0	0	0	0.0	0	0	0	152242
PSC	0	HG01785	0	0	0	0	0	0	0.0	0	150186	1499	557
PSC	0	HG02215	0	0	0	0	0	0	6.7	0	0	0	152242
PSC	0	HG01704	0	0	0	0	0	0	0.0	0	0	0	152242
PSC	0	NA20506	0	0	0	0	0	0	0.0	0	0	0	152242
PSC	0	NA20513	0	0	0	0	0	0	6.9	0	141705	3241	7296
PSC	0	NA20518	0	0	0	0	0	0	0.0	0	150229	1522	491
PSC	0	HG02238	0	0	0	0	0	0	6.0	0	150111	1649	482
PSC	0	HG02219	0	0	0	0	0	0	6.1	0	150226	1531	485
PSC	0	HG02221	0	0	0	0	0	0	0.0	0	150013	1720	509
PSC	0	HG02233	0	0	0	0	0	0	5.6	0	150248	1500	494
PSC	0	NA20520	0	0	0	0	0	0	0.0	0	148155	3393	694
PSC	0	NA20525	0	0	0	0	0	0	6.8	0	147900	3305	1037
PSC	0	NA20532	0	0	0	0	0	0	0.0	0	149989	1611	642
PSC	0	NA20544	0	0	0	0	0	0	5.9	0	147474	4058	710
PSC	0	NA20582	0	0	0	0	0	0	0.0	0	0	0	152242
PSC	0	NA20587	0	0	0	0	0	0	0.0	0	0	0	152242
PSC	0	NA20796	0	0	0	0	0	0	7.2	0	149288	2375	579
PSC	0	NA20804	0	0	0	0	0	0	6.0	0	0	0	152242
PSC	0	NA20809	0	0	0	0	0	0	0.0	0	141795	3218	7229
PSC	0	NA20811	0	0	0	0	0	0	0.0	0	147976	3197	1069
PSC	0	NA20828	0	0	0	0	0	0	6.3	0	0	0	152242
PSC	0	NA20753	0	0	0	0	0	0	0.0	0	0	0	152242
PSC	0	NA20758	0	0	0	0	0	0	6.3	0	147602	3347	1293
PSC	0	NA20760	0	0	0	0	0	0	0.0	0	0	0	152242
PSC	0	NA20765	0	0	0	0	0	0	0.0	0	141996	3110	7136
PSC	0	NA20772	0	0	0	0	0	0	7.3	0	0	0	152242
PSC	0	NA11832	0	0	0	0	0	0	0.0	0	0	0	152242
PSC	0	NA11882	0	0	0	0	0	0	6.2	0	0	0	152242
PSC	0	NA11894	0	0	0	0	0	0	0.0	0	0	0	152242
PSC	0	NA11919	0	0	0	0	0	0	7.7	0	147099	3351	1792
PSC	0	NA11933	0	0	0	0	0	0	0.0	0	0	0	152242
PSC	0	NA11995	0	0	0	0	0	0	0.0	0	0	0	152242
PSC	0	NA12006	0	0	0	0	0	0	0.0	0	0	0	152242
PSC	0	NA12044	0	0	0	0	0	0	0.0	0	0	0	152242
PSC	0	NA06984	0	0	0	0	0	0	8.1	0	150188	1622	432
PSC	0	NA06989	0	0	0	0	0	0	0.0	0	0	0	152242
PSC	0	NA12342	0	0	0	0	0	0	8.2	0	150067	1556	619
PSC	0	NA12347	0	0	0	0	0	0	0.0	0	150196	1594	452
PSC	0	NA12400	0	0	0	0	0	0	8.2	0	0	0	152242
PSC	0	NA12056	0	0	0	0	0	0	0.0	0	150163	1609	470
PSC	0	NA12145	0	0	0	0	0	0	0.0	0	0	0	152242
PSC	0	NA12234	0	0	0	0	0	0	0.0	0	0	0	152242
PSC	0	NA12239	0	0	0	0	0	0	7.8	0	0	0	152242
PSC	0	NA12272	0	0	0	0	0	0	0.0	0	150168	1616	458
PSC	0	NA07045	0	0	0	0	0	0	7.1	0	0	0	152242
PSC	0	NA12828	0	0	0	0	0	0	0.0	0	0	0	152242
PSC	0	NA12830	0	0	0	0	0	0	0.0	0	0	0	152242
PSC	0	NA12842	0	0	0	0	0	0	0.0	0	150142	1591	509
PSC	0	NA12873	0	0	0	0	0	0	0.0	0	0	0	152242
PSC	0	NA12892	0	0	0	0	0	0	0.0	0	0	0	152242
PSC	0	NA11829	0	0	0	0	0	0	0.0	0	147441	3425	1376
PSC	0	NA11831	0	0	0	0	0	0	0.0	0	150276	1516	450
PSC	0	NA11843	0	0	0	0	0	0	6.2	0	149243	2413	586
PSC	0	NA11881	0	0	0	0	0	0	6.3	0	147295	3395	1552
PSC	0	NA11893	0	0	0	0	0	0	0.0	0	147542	3151	1549
PSC	0	NA11918	0	0	0	0	0	0	5.7	0	0	0	152242
PSC	0	NA11920	0	0	0	0	0	0	0.0	0	0	0	152242
PSC	0	NA11932	0	0	0	0	0	0	0.0	0	147911	3382	949
PSC	0	NA11994	0	0	0	0	0	0	0.0	0	150043	1608	591
PSC	0	NA12005	0	0	0	0	0	0	5.7	0	150039	1695	508
PSC	0	NA07037	0	0	0	0	0	0	0.0	0	0	0	152242
PSC	0	NA07051	0	0	0	0	0	0	6.3	0	147267	3493	1482
PSC	0	NA07056	0	0	0	0	0	0	0.0	0	0	0	152242
PSC	0	NA07347	0	0	0	0	0	0	6.1	0	150177	1551	514
PSC	0	NA12760	0	0	0	0	0	0	6.6	0	149938	1790	514
PSC	0	NA12777	0	0	0	0	0	0	5.8	0	147572	3382	1288
PSC	0	NA12815	0	0	0	0	0	0	5.8	0	0	0	152242
PSC	0	NA12827	0	0	0	0	0	0	0.0	0	150011	1818	413
PSC	0	NA12872	0	0	0	0	0	0	6.1	0	150092	1654	496
PSC	0	NA12889	0	0	0	0	0	0	0.0	0	150184	1630	428
PSC	0	NA12891	0	0	0	0	0	0	0.0	0	147409	3398	1435
PSC	0	NA12043	0	0	0	0	0	0	5.9	0	150013	1787	442
PSC	0	NA12144	0	0	0	0	0	0	0.0	0	150029	1709	504
PSC	0	NA12156	0	0	0	0	0	0	0.0	0	0	0	152242
PSC	0	NA12264	0	0	0	0	0	0	0.0	0	150256	1514	472
PSC	0	NA12283	0	0	0	0	0	0	5.8	0	0	0	152242
PSC	0	NA12341	0	0	0	0	0	0	6.0	0	0	0	152242
PSC	0	NA12776	0	0	0	0	0	0	5.8	0	0	0	152242
PSC	0	NA12236	0	0	0	0	0	0	7.5	0	0	0	152242
PSC	0	NA20504	0	0	0	0	0	0	0.0	0	0	0	152242
PSC	0	NA20509	0	0	0	0	0	0	6.8	0	150280	1524	438
PSC	0	NA20511	0	0	0	0	0	0	0.0	0	147366	3250	1626
PSC	0	NA20516	0	0	0	0	0	0	6.1	0	147482	4020	740
PSC	0	NA20799	0	0	0	0	0	0	0.0	0	0	0	152242
PSC	0	NA20802	0	0	0	0	0	0	0.0	0	0	0	152242
PSC	0	NA20807	0	0	0	0	0	0	0.0	0	0	0	152242
PSC	0	NA20814	0	0	0	0	0	0	0.0	0	150128	1604	510
PSC	0	NA20819	0	0	0	0	0	0	0.0	0	0	0	152242
PSC	0	NA20821	0	0	0	0	0	0	5.7	0	0	0	152242
PSC	0	NA20826	0	0	0	0	0	0	6.5	0	0	0	152242
PSC	0	NA20756	0	0	0	0	0	0	6.6	0	0	0	152242
PSC	0	NA20763	0	0	0	0	0	0	0.0	0	148018	3282	942
PSC	0	NA20768	0	0	0	0	0	0	0.0	0	0	0	152242
PSC	0	NA20770	0	0	0	0	0	0	7.0	0	150155	1585	502
PSC	0	NA20775	0	0	0	0	0	0	0.0	0	0	0	152242
PSC	0	NA20787	0	0	0	0	0	0	0.0	0	141987	3116	7139
PSC	0	NA20528	0	0	0	0	0	0	5.9	0	147339	4089	814
PSC	0	NA20530	0	0	0	0	0	0	7.1	0	0	0	152242
PSC	0	NA20535	0	0	0	0	0	0	7.0	0	0	0	152242
PSC	0	NA20542	0	0	0	0	0	0	0.0	0	0	0	152242
PSC	0	NA20585	0	0	0	0	0	0	0.0	0	0	0	152242
PSC	0	NA20503	0	0	0	0	0	0	11.0	0	0	0	152242
PSC	0	NA20508	0	0	0	0	0	0	7.9	0	0	0	152242
PSC	0	NA20510	0	0	0	0	0	0	0.0	0	147320	4094	828
PSC	0	NA20515	0	0	0	0	0	0	6.7	0	150091	1671	480
PSC	0	NA20522	0	0	0	0	0	0	0.0	0	0	0	152242
PSC	0	NA20527	0	0	0	0	0	0	6.6	0	148190	3207	845
PSC	0	NA20534	0	0	0	0	0	0	0.0	0	141809	3205	7228
PSC	0	NA20539	0	0	0	0	0	0	7.7	0	149302	2282	658
PSC	0	NA20541	0	0	0	0	0	0	0.0	0	0	0	152242
PSC	0	NA20589	0	0	0	0	0	0	0.0	0	0	0	152242
PSC	0	NA20755	0	0	0	0	0	0	7.3	0	150102	1605	535
PSC	0	NA20762	0	0	0	0	0	0	6.1	0	147508	3428	1306
PSC	0	NA20767	0	0	0	0	0	0	0.0	0	147738	3354	1150
PSC	0	NA20774	0	0	0	0	0	0	0.0	0	0	0	152242
PSC	0	NA20786	0	0	0	0	0	0	11.9	0	0	0	152242
PSC	0	NA20798	0	0	0	0	0	0	0.0	0	149982	1780	480
PSC	0	NA20801	0	0	0	0	0	0	0.0	0	141633	3010	7599
PSC	0	NA20806	0	0	0	0	0	0	0.0	0	150100	1677	465
PSC	0	NA20813	0	0	0	0	0	0	7.1	0	0	0	152242
PSC	0	NA20818	0	0	0	0	0	0	0.0	0	0	0	152242
PSC	0	NA20832	0	0	0	0	0	0	0.0	0	0	0	152242
PSC	0	HG00119	0	0	0	0	0	0	7.7	0	150194	1586	462
PSC	0	HG00121	0	0	0	0	0	0	0.0	0	0	0	152242
PSC	0	HG00126	0	0	0	0	0	0	6.5	0	150160	1551	531
PSC	0	HG00133	0	0	0	0	0	0	0.0	0	0	0	152242
PSC	0	HG00138	0	0	0	0	0	0	0.0	0	150322	1447	473
PSC	0	HG00140	0	0	0	0	0	0	0.0	0	147300	3409	1533
PSC	0	HG00145	0	0	0	0	0	0	0.0	0	150084	1688	470
PSC	0	HG00157	0	0	0	0	0	0	0.0	0	150080	1614	548
PSC	0	HG00171	0	0	0	0	0	0	0.0	0	0	0	152242
PSC	0	HG00176	0	0	0	0	0	0	0.0	0	0	0	152242
PSC	0	HG00099	0	0	0	0	0	0	6.1	0	0	0	152242
PSC	0	HG00102	0	0	0	0	0	0	6.2	0	0	0	152242
PSC	0	HG00107	0	0	0	0	0	0	0.0	0	150031	1700	511
PSC	0	HG00114	0	0	0	0	0	0	6.3	0	148984	2423	835
PSC	0	HG00183	0	0	0	0	0	0	0.0	0	147515	3316	1411
PSC	0	HG00188	0	0	0	0	0	0	6.6	0	147792	3251	1199
PSC	0	HG00190	0	0	0	0	0	0	0.0	0	147357	3330	1555
PSC	0	HG00234	0	0	0	0	0	0	0.0	0	147599	3239	1404
PSC	0	HG00239	0	0	0	0	0	0	6.9	0	0	0	152242
PSC	0	HG00246	0	0	0	0	0	0	7.3	0	147268	2308	2666
PSC	0	HG00366	0	0	0	0	0	0	6.2	0	149198	2488	556
PSC	0	HG00373	0	0	0	0	0	0	6.3	0	0	0	152242
PSC	0	HG00378	0	0	0	0	0	0	6.1	0	0	0	152242
PSC	0	HG00380	0	0	0	0	0	0	0.0	0	0	0	152242
PSC	0	HG00253	0	0	0	0	0	0	0.0	0	0	0	152242
PSC	0	HG00258	0	0	0	0	0	0	0.0	0	0	0	152242
PSC	0	HG00260	0	0	0	0	0	0	0.0	0	149880	1806	556
PSC	0	HG00265	0	0	0	0	0	0	6.7	0	150140	1613	489
PSC	0	HG00272	0	0	0	0	0	0	0.0	0	0	0	152242
PSC	0	HG00277	0	0	0	0	0	0	0.0	0	149246	2427	569
PSC	0	HG00328	0	0	0	0	0	0	6.1	0	0	0	152242
PSC	0	HG00330	0	0	0	0	0	0	0.0	0	0	0	152242
PSC	0	HG00335	0	0	0	0	0	0	6.7	0	147593	3314	1335
PSC	0	HG00342	0	0	0	0	0	0	7.1	0	147555	3403	1284
PSC	0	HG00361	0	0	0	0	0	0	0.0	0	0	0	152242
PSC	0	HG00284	0	0	0	0	0	0	9.7	0	147667	3293	1282
PSC	0	HG00304	0	0	0	0	0	0	0.0	0	0	0	152242
PSC	0	HG00309	0	0	0	0	0	0	0.0	0	0	0	152242
PSC	0	HG00311	0	0	0	0	0	0	0.0	0	147685	3273	1284
PSC	0	HG00323	0	0	0	0	0	0	6.5	0	0	0	152242
PSC	0	HG01504	0	0	0	0	0	0	7.2	0	0	0	152242
PSC	0	HG01509	0	0	0	0	0	0	0.0	0	147864	3305	1073
PSC	0	HG01516	0	0	0	0	0	0	6.3	0	0	0	152242
PSC	0	HG01528	0	0	0	0	0	0	0.0	0	0	0	152242
PSC	0	HG01530	0	0	0	0	0	0	7.1	0	147756	3178	1308
PSC	0	HG01624	0	0	0	0	0	0	4.4	0	149954	1823	465
PSC	0	HG01631	0	0	0	0	0	0	6.9	0	150275	1482	485
PSC	0	HG01679	0	0	0	0	0	0	0.0	0	0	0	152242
PSC	0	HG01686	0	0	0	0	0	0	0.0	0	148028	3326	888
PSC	0	HG01605	0	0	0	0	0	0	0.0	0	0	0	152242
PSC	0	HG01612	0	0	0	0	0	0	7.5	0	0	0	152242
PSC	0	HG01617	0	0	0	0	0	0	8.1	0	149169	2251	822
PSC	0	HG01768	0	0	0	0	0	0	7.0	0	0	0	152242
PSC	0	HG01770	0	0	0	0	0	0	0.0	0	0	0	152242
PSC	0	HG01775	0	0	0	0	0	0	0.0	0	150236	1555	451
PSC	0	HG01756	0	0	0	0	0	0	7.6	0	141454	3066	7722
PSC	0	HG02235	0	0	0	0	0	0	6.3	0	0	0	152242
PSC	0	HG02223	0	0	0	0	0	0	7.5	0	0	0	152242
PSC	0	HG02230	0	0	0	0	0	0	0.0	0	0	0	152242
PSC	0	NA06985	0	0	0	0	0	0	6.8	0	0	0	152242
PSC	0	NA07022	0	0	0	0	0	0	0.0	0	147416	3352	1474
PSC	0	NA07034	0	0	0	0	0	0	7.7	0	150030	1711	501
PSC	0	NA11840	0	0	0	0	0	0	7.6	0	0	0	152242
PSC	0	NA12343	0	0	0	0	0	0	6.6	0	0	0	152242
PSC	0	NA12348	0	0	0	0	0	0	0.0	0	0	0	152242
PSC	0	NA12413	0	0	0	0	0	0	6.5	0	147717	3522	1003
PSC	0	NA12812	0	0	0	0	0	0	6.6	0	150149	1588	505
PSC	0	NA12829	0	0	0	0	0	0	6.6	0	150168	1591	483
PSC	0	NA12843	0	0	0	0	0	0	8.6	0	0	0	152242
PSC	0	NA12874	0	0	0	0	0	0	8.3	0	150148	1577	517
PSC	0	NA12716	0	0	0	0	0	0	0.0	0	150131	1562	549
PSC	0	NA12761	0	0	0	0	0	0	0.0	0	0	0	152242
PSC	0	NA12778	0	0	0	0	0	0	6.3	0	0	0	152242
PSC	0	NA12045	0	0	0	0	0	0	6.2	0	149859	1817	566
PSC	0	NA12057	0	0	0	0	0	0	6.2	0	0	0	152242
PSC	0	NA12146	0	0	0	0	0	0	7.3	0	147980	3281	981
PSC	0	NA12273	0	0	0	0	0	0	0.0	0	0	0	152242
PSC	0	NA20524	0	0	0	0	0	0	6.5	0	150219	1564	459
PSC	0	NA20529	0	0	0	0	0	0	0.0	0	0	0	152242
PSC	0	NA20531	0	0	0	0	0	0	5.9	0	0	0	152242
PSC	0	NA20536	0	0	0	0	0	0	6.2	0	147868	3372	1002
PSC	0	NA20543	0	0	0	0	0	0	0.0	0	147988	3360	894
PSC	0	NA20581	0	0	0	0	0	0	6.5	0	150285	1416	541
PSC	0	NA20586	0	0	0	0	0	0	5.8	0	150058	1670	514
PSC	0	NA20752	0	0	0	0	0	0	9.2	0	149916	1708	618
PSC	0	NA20757	0	0	0	0	0	0	7.3	0	0	0	152242
PSC	0	NA20764	0	0	0	0	0	0	6.0	0	0	0	152242
PSC	0	NA20769	0	0	0	0	0	0	7.8	0	0	0	152242
PSC	0	NA20771	0	0	0	0	0	0	0.0	0	0	0	152242
PSC	0	NA20783	0	0	0	0	0	0	0.0	0	150215	1526	501
PSC	0	NA20505	0	0	0	0	0	0	0.0	0	0	0	152242
PSC	0	NA20512	0	0	0	0	0	0	6.7	0	150114	1636	492
PSC	0	NA20517	0	0	0	0	0	0	0.0	0	0	0	152242
PSC	0	NA20790	0	0	0	0	0	0	6.6	0	0	0	152242
PSC	0	NA20795	0	0	0	0	0	0	0.0	0	0	0	152242
PSC	0	NA20803	0	0	0	0	0	0	7.0	0	150223	1544	475
PSC	0	NA20808	0	0	0	0	0	0	0.0	0	0	0	152242
PSC	0	NA20810	0	0	0	0	0	0	7.7	0	149963	1694	585
PSC	0	NA20815	0	0	0	0	0	0	7.4	0	141850	3250	7142
PSC	0	NA20822	0	0	0	0	0	0	0.0	0	0	0	152242
PSC	0	NA20827	0	0	0	0	0	0	0.0	0	142074	3009	7159
# PSI, Per-Sample Indels
# PSI	[2]id	[3]sample	[4]in-frame	[5]out-frame	[6]not applicable	[7]out/(in+out) ratio	[8]nHets	[9]nAA
PSI	0	HG00178	0	0	0	0.00	0	0
PSI	0	HG00180	0	0	0	0.00	0	0
PSI	0	HG00185	0	0	0	0.00	0	0
PSI	0	HG00231	0	0	0	0.00	0	0
PSI	0	HG00236	0	0	0	0.00	0	0
PSI	0	HG00243	0	0	0	0.00	0	0
PSI	0	HG00116	0	0	0	0.00	0	0
PSI	0	HG00123	0	0	0	0.00	0	0
PSI	0	HG00128	0	0	0	0.00	0	0
PSI	0	HG00130	0	0	0	0.00	0	0
PSI	0	HG00142	0	0	0	0.00	0	0
PSI	0	HG00154	0	0	0	0.00	0	0
PSI	0	HG00159	0	0	0	0.00	0	0
PSI	0	HG00173	0	0	0	0.00	0	0
PSI	0	HG00250	0	0	0	0.00	0	0
PSI	0	HG00255	0	0	0	0.00	0	0
PSI	0	HG00262	0	0	0	0.00	0	0
PSI	0	HG00267	0	0	0	0.00	0	0
PSI	0	HG00274	0	0	0	0.00	0	0
PSI	0	HG00281	0	0	0	0.00	0	0
PSI	0	HG00096	0	0	0	0.00	0	0
PSI	0	HG00109	0	0	0	0.00	0	0
PSI	0	HG00111	0	0	0	0.00	0	0
PSI	0	HG00332	0	0	0	0.00	0	0
PSI	0	HG00337	0	0	0	0.00	0	0
PSI	0	HG00344	0	0	0	0.00	0	0
PSI	0	HG00349	0	0	0	0.00	0	0
PSI	0	HG00351	0	0	0	0.00	0	0
PSI	0	HG00356	0	0	0	0.00	0	0
PSI	0	HG00368	0	0	0	0.00	0	0
PSI	0	HG00375	0	0	0	0.00	0	0
PSI	0	HG00382	0	0	0	0.00	0	0
PSI	0	HG00306	0	0	0	0.00	0	0
PSI	0	HG00313	0	0	0	0.00	0	0
PSI	0	HG00318	0	0	0	0.00	0	0
PSI	0	HG00320	0	0	0	0.00	0	0
PSI	0	HG00325	0	0	0	0.00	0	0
PSI	0	HG01501	0	0	0	0.00	0	0
PSI	0	HG01506	0	0	0	0.00	0	0
PSI	0	HG01513	0	0	0	0.00	0	0
PSI	0	HG01626	0	0	0	0.00	0	0
PSI	0	HG01669	0	0	0	0.00	0	0
PSI	0	HG01607	0	0	0	0.00	0	0
PSI	0	HG01619	0	0	0	0.00	0	0
PSI	0	HG01602	0	0	0	0.00	0	0
PSI	0	HG01518	0	0	0	0.00	0	0
PSI	0	HG01525	0	0	0	0.00	0	0
PSI	0	HG01537	0	0	0	0.00	0	0
PSI	0	HG01695	0	0	0	0.00	0	0
PSI	0	HG01708	0	0	0	0.00	0	0
PSI	0	HG01710	0	0	0	0.00	0	0
PSI	0	HG01746	0	0	0	0.00	0	0
PSI	0	HG01765	0	0	0	0.00	0	0
PSI	0	HG01676	0	0	0	0.00	0	0
PSI	0	HG01784	0	0	0	0.00	0	0
PSI	0	HG01789	0	0	0	0.00	0	0
PSI	0	HG01791	0	0	0	0.00	0	0
PSI	0	HG01777	0	0	0	0.00	0	0
PSI	0	HG02220	0	0	0	0.00	0	0
PSI	0	HG02232	0	0	0	0.00	0	0
PSI	0	HG00103	0	0	0	0.00	0	0
PSI	0	HG00108	0	0	0	0.00	0	0
PSI	0	HG00110	0	0	0	0.00	0	0
PSI	0	HG00254	0	0	0	0.00	0	0
PSI	0	HG00259	0	0	0	0.00	0	0
PSI	0	HG00261	0	0	0	0.00	0	0
PSI	0	HG00266	0	0	0	0.00	0	0
PSI	0	HG00273	0	0	0	0.00	0	0
PSI	0	HG00278	0	0	0	0.00	0	0
PSI	0	HG00280	0	0	0	0.00	0	0
PSI	0	HG00329	0	0	0	0.00	0	0
PSI	0	HG00331	0	0	0	0.00	0	0
PSI	0	HG00336	0	0	0	0.00	0	0
PSI	0	HG00343	0	0	0	0.00	0	0
PSI	0	HG00350	0	0	0	0.00	0	0
PSI	0	HG00355	0	0	0	0.00	0	0
PSI	0	HG00362	0	0	0	0.00	0	0
PSI	0	HG00139	0	0	0	0.00	0	0
PSI	0	HG00141	0	0	0	0.00	0	0
PSI	0	HG00146	0	0	0	0.00	0	0
PSI	0	HG00158	0	0	0	0.00	0	0
PSI	0	HG00160	0	0	0	0.00	0	0
PSI	0	HG00177	0	0	0	0.00	0	0
PSI	0	HG00189	0	0	0	0.00	0	0
PSI	0	HG00235	0	0	0	0.00	0	0
PSI	0	HG00242	0	0	0	0.00	0	0
PSI	0	HG00367	0	0	0	0.00	0	0
PSI	0	HG00379	0	0	0	0.00	0	0
PSI	0	HG00381	0	0	0	0.00	0	0
PSI	0	HG00115	0	0	0	0.00	0	0
PSI	0	HG00122	0	0	0	0.00	0	0
PSI	0	HG00127	0	0	0	0.00	0	0
PSI	0	HG00285	0	0	0	0.00	0	0
PSI	0	HG00324	0	0	0	0.00	0	0
PSI	0	NA11830	0	0	0	0.00	0	0
PSI	0	NA11892	0	0	0	0.00	0	0
PSI	0	NA11917	0	0	0	0.00	0	0
PSI	0	NA11931	0	0	0	0.00	0	0
PSI	0	NA11993	0	0	0	0.00	0	0
PSI	0	NA12004	0	0	0	0.00	0	0
PSI	0	NA06994	0	0	0	0.00	0	0
PSI	0	NA07000	0	0	0	0.00	0	0
PSI	0	NA07031	0	0	0	0.00	0	0
PSI	0	NA07055	0	0	0	0.00	0	0
PSI	0	NA12155	0	0	0	0.00	0	0
PSI	0	NA12249	0	0	0	0.00	0	0
PSI	0	NA12275	0	0	0	0.00	0	0
PSI	0	NA12282	0	0	0	0.00	0	0
PSI	0	NA12287	0	0	0	0.00	0	0
PSI	0	NA12340	0	0	0	0.00	0	0
PSI	0	NA12383	0	0	0	0.00	0	0
PSI	0	NA12489	0	0	0	0.00	0	0
PSI	0	NA07346	0	0	0	0.00	0	0
PSI	0	NA07435	0	0	0	0.00	0	0
PSI	0	HG01334	0	0	0	0.00	0	0
PSI	0	NA12718	0	0	0	0.00	0	0
PSI	0	NA12749	0	0	0	0.00	0	0
PSI	0	NA12751	0	0	0	0.00	0	0
PSI	0	NA12763	0	0	0	0.00	0	0
PSI	0	NA12775	0	0	0	0.00	0	0
PSI	0	HG01531	0	0	0	0.00	0	0
PSI	0	HG01536	0	0	0	0.00	0	0
PSI	0	NA12814	0	0	0	0.00	0	0
PSI	0	HG01500	0	0	0	0.00	0	0
PSI	0	NA12890	0	0	0	0.00	0	0
PSI	0	HG01606	0	0	0	0.00	0	0
PSI	0	HG01613	0	0	0	0.00	0	0
PSI	0	HG01618	0	0	0	0.00	0	0
PSI	0	HG01620	0	0	0	0.00	0	0
PSI	0	HG01512	0	0	0	0.00	0	0
PSI	0	HG01524	0	0	0	0.00	0	0
PSI	0	HG01694	0	0	0	0.00	0	0
PSI	0	HG01699	0	0	0	0.00	0	0
PSI	0	HG01702	0	0	0	0.00	0	0
PSI	0	HG01707	0	0	0	0.00	0	0
PSI	0	HG01783	0	0	0	0.00	0	0
PSI	0	HG01790	0	0	0	0.00	0	0
PSI	0	HG01625	0	0	0	0.00	0	0
PSI	0	HG01632	0	0	0	0.00	0	0
PSI	0	HG01668	0	0	0	0.00	0	0
PSI	0	HG01670	0	0	0	0.00	0	0
PSI	0	HG01771	0	0	0	0.00	0	0
PSI	0	HG01776	0	0	0	0.00	0	0
PSI	0	HG01675	0	0	0	0.00	0	0
PSI	0	HG01682	0	0	0	0.00	0	0
PSI	0	HG01757	0	0	0	0.00	0	0
PSI	0	HG02236	0	0	0	0.00	0	0
PSI	0	HG02224	0	0	0	0.00	0	0
PSI	0	HG02231	0	0	0	0.00	0	0
PSI	0	NA20502	0	0	0	0.00	0	0
PSI	0	NA20507	0	0	0	0.00	0	0
PSI	0	NA20514	0	0	0	0.00	0	0
PSI	0	NA20519	0	0	0	0.00	0	0
PSI	0	NA20521	0	0	0	0.00	0	0
PSI	0	NA20759	0	0	0	0.00	0	0
PSI	0	NA20761	0	0	0	0.00	0	0
PSI	0	NA20766	0	0	0	0.00	0	0
PSI	0	NA20773	0	0	0	0.00	0	0
PSI	0	NA20778	0	0	0	0.00	0	0
PSI	0	NA20785	0	0	0	0.00	0	0
PSI	0	NA20792	0	0	0	0.00	0	0
PSI	0	NA20533	0	0	0	0.00	0	0
PSI	0	NA20538	0	0	0	0.00	0	0
PSI	0	NA20540	0	0	0	0.00	0	0
PSI	0	NA20588	0	0	0	0.00	0	0
PSI	0	NA20754	0	0	0	0.00	0	0
PSI	0	NA20797	0	0	0	0.00	0	0
PSI	0	NA20800	0	0	0	0.00	0	0
PSI	0	NA20805	0	0	0	0.00	0	0
PSI	0	NA20812	0	0	0	0.00	0	0
PSI	0	HG00182	0	0	0	0.00	0	0
PSI	0	HG00187	0	0	0	0.00	0	0
PSI	0	HG00233	0	0	0	0.00	0	0
PSI	0	HG00238	0	0	0	0.00	0	0
PSI	0	HG00240	0	0	0	0.00	0	0
PSI	0	HG00245	0	0	0	0.00	0	0
PSI	0	HG00252	0	0	0	0.00	0	0
PSI	0	HG00257	0	0	0	0.00	0	0
PSI	0	HG00264	0	0	0	0.00	0	0
PSI	0	HG00269	0	0	0	0.00	0	0
PSI	0	HG00271	0	0	0	0.00	0	0
PSI	0	HG00276	0	0	0	0.00	0	0
PSI	0	HG00118	0	0	0	0.00	0	0
PSI	0	HG00120	0	0	0	0.00	0	0
PSI	0	HG00125	0	0	0	0.00	0	0
PSI	0	HG00132	0	0	0	0.00	0	0
PSI	0	HG00137	0	0	0	0.00	0	0
PSI	0	HG00149	0	0	0	0.00	0	0
PSI	0	HG00151	0	0	0	0.00	0	0
PSI	0	HG00101	0	0	0	0.00	0	0
PSI	0	HG00106	0	0	0	0.00	0	0
PSI	0	HG00113	0	0	0	0.00	0	0
PSI	0	HG00334	0	0	0	0.00	0	0
PSI	0	HG00339	0	0	0	0.00	0	0
PSI	0	HG00341	0	0	0	0.00	0	0
PSI	0	HG00346	0	0	0	0.00	0	0
PSI	0	HG00353	0	0	0	0.00	0	0
PSI	0	HG00358	0	0	0	0.00	0	0
PSI	0	HG00360	0	0	0	0.00	0	0
PSI	0	HG00365	0	0	0	0.00	0	0
PSI	0	HG00372	0	0	0	0.00	0	0
PSI	0	HG00384	0	0	0	0.00	0	0
PSI	0	HG00143	0	0	0	0.00	0	0
PSI	0	HG00148	0	0	0	0.00	0	0
PSI	0	HG00150	0	0	0	0.00	0	0
PSI	0	HG00155	0	0	0	0.00	0	0
PSI	0	HG00174	0	0	0	0.00	0	0
PSI	0	HG00117	0	0	0	0.00	0	0
PSI	0	HG00129	0	0	0	0.00	0	0
PSI	0	HG00131	0	0	0	0.00	0	0
PSI	0	HG00136	0	0	0	0.00	0	0
PSI	0	HG00288	0	0	0	0.00	0	0
PSI	0	HG00097	0	0	0	0.00	0	0
PSI	0	HG00290	0	0	0	0.00	0	0
PSI	0	HG00100	0	0	0	0.00	0	0
PSI	0	HG00105	0	0	0	0.00	0	0
PSI	0	HG00308	0	0	0	0.00	0	0
PSI	0	HG00112	0	0	0	0.00	0	0
PSI	0	HG00310	0	0	0	0.00	0	0
PSI	0	HG00315	0	0	0	0.00	0	0
PSI	0	HG00327	0	0	0	0.00	0	0
PSI	0	HG00251	0	0	0	0.00	0	0
PSI	0	HG00256	0	0	0	0.00	0	0
PSI	0	HG00263	0	0	0	0.00	0	0
PSI	0	HG00268	0	0	0	0.00	0	0
PSI	0	HG00275	0	0	0	0.00	0	0
PSI	0	HG00369	0	0	0	0.00	0	0
PSI	0	HG00371	0	0	0	0.00	0	0
PSI	0	HG00376	0	0	0	0.00	0	0
PSI	0	HG00383	0	0	0	0.00	0	0
PSI	0	HG00179	0	0	0	0.00	0	0
PSI	0	HG00181	0	0	0	0.00	0	0
PSI	0	HG00186	0	0	0	0.00	0	0
PSI	0	HG00232	0	0	0	0.00	0	0
PSI	0	HG00237	0	0	0	0.00	0	0
PSI	0	HG00244	0	0	0	0.00	0	0
PSI	0	NA07345	0	0	0	0.00	0	0
PSI	0	NA07357	0	0	0	0.00	0	0
PSI	0	NA06986	0	0	0	0.00	0	0
PSI	0	HG00282	0	0	0	0.00	0	0
PSI	0	HG00319	0	0	0	0.00	0	0
PSI	0	HG00321	0	0	0	0.00	0	0
PSI	0	HG00326	0	0	0	0.00	0	0
PSI	0	HG00338	0	0	0	0.00	0	0
PSI	0	HG00345	0	0	0	0.00	0	0
PSI	0	HG00357	0	0	0	0.00	0	0
PSI	0	HG00364	0	0	0	0.00	0	0
PSI	0	NA06993	0	0	0	0.00	0	0
PSI	0	NA12717	0	0	0	0.00	0	0
PSI	0	NA12748	0	0	0	0.00	0	0
PSI	0	NA12750	0	0	0	0.00	0	0
PSI	0	NA12762	0	0	0	0.00	0	0
PSI	0	NA12286	0	0	0	0.00	0	0
PSI	0	NA12399	0	0	0	0.00	0	0
PSI	0	NA12414	0	0	0	0.00	0	0
PSI	0	NA12546	0	0	0	0.00	0	0
PSI	0	NA11839	0	0	0	0.00	0	0
PSI	0	HG01503	0	0	0	0.00	0	0
PSI	0	NA11891	0	0	0	0.00	0	0
PSI	0	NA11930	0	0	0	0.00	0	0
PSI	0	HG01510	0	0	0	0.00	0	0
PSI	0	NA11992	0	0	0	0.00	0	0
PSI	0	NA12003	0	0	0	0.00	0	0
PSI	0	NA12046	0	0	0	0.00	0	0
PSI	0	NA12058	0	0	0	0.00	0	0
PSI	0	HG01623	0	0	0	0.00	0	0
PSI	0	NA12154	0	0	0	0.00	0	0
PSI	0	NA12248	0	0	0	0.00	0	0
PSI	0	NA12274	0	0	0	0.00	0	0
PSI	0	HG01515	0	0	0	0.00	0	0
PSI	0	HG01522	0	0	0	0.00	0	0
PSI	0	HG01527	0	0	0	0.00	0	0
PSI	0	HG01697	0	0	0	0.00	0	0
PSI	0	HG01700	0	0	0	0.00	0	0
PSI	0	HG01705	0	0	0	0.00	0	0
PSI	0	HG01628	0	0	0	0.00	0	0
PSI	0	HG01630	0	0	0	0.00	0	0
PSI	0	HG01673	0	0	0	0.00	0	0
PSI	0	NA12813	0	0	0	0.00	0	0
PSI	0	HG01678	0	0	0	0.00	0	0
PSI	0	HG01680	0	0	0	0.00	0	0
PSI	0	HG01685	0	0	0	0.00	0	0
PSI	0	NA12875	0	0	0	0.00	0	0
PSI	0	HG01762	0	0	0	0.00	0	0
PSI	0	HG01767	0	0	0	0.00	0	0
PSI	0	HG01779	0	0	0	0.00	0	0
PSI	0	HG01781	0	0	0	0.00	0	0
PSI	0	HG01786	0	0	0	0.00	0	0
PSI	0	HG01603	0	0	0	0.00	0	0
PSI	0	HG01519	0	0	0	0.00	0	0
PSI	0	HG01521	0	0	0	0.00	0	0
PSI	0	HG01507	0	0	0	0.00	0	0
PSI	0	HG01672	0	0	0	0.00	0	0
PSI	0	HG01684	0	0	0	0.00	0	0
PSI	0	HG01608	0	0	0	0.00	0	0
PSI	0	HG01610	0	0	0	0.00	0	0
PSI	0	HG01615	0	0	0	0.00	0	0
PSI	0	HG01709	0	0	0	0.00	0	0
PSI	0	HG01747	0	0	0	0.00	0	0
PSI	0	HG01761	0	0	0	0.00	0	0
PSI	0	HG01766	0	0	0	0.00	0	0
PSI	0	HG01773	0	0	0	0.00	0	0
PSI	0	HG02239	0	0	0	0.00	0	0
PSI	0	HG01785	0	0	0	0.00	0	0
PSI	0	HG02215	0	0	0	0.00	0	0
PSI	0	HG01704	0	0	0	0.00	0	0
PSI	0	NA20506	0	0	0	0.00	0	0
PSI	0	NA20513	0	0	0	0.00	0	0
PSI	0	NA20518	0	0	0	0.00	0	0
PSI	0	HG02238	0	0	0	0.00	0	0
PSI	0	HG02219	0	0	0	0.00	0	0
PSI	0	HG02221	0	0	0	0.00	0	0
PSI	0	HG02233	0	0	0	0.00	0	0
PSI	0	NA20520	0	0	0	0.00	0	0
PSI	0	NA20525	0	0	0	0.00	0	0
PSI	0	NA20532	0	0	0	0.00	0	0
PSI	0	NA20544	0	0	0	0.00	0	0
PSI	0	NA20582	0	0	0	0.00	0	0
PSI	0	NA20587	0	0	0	0.00	0	0
PSI	0	NA20796	0	0	0	0.00	0	0
PSI	0	NA20804	0	0	0	0.00	0	0
PSI	0	NA20809	0	0	0	0.00	0	0
PSI	0	NA20811	0	0	0	0.00	0	0
PSI	0	NA20828	0	0	0	0.00	0	0
PSI	0	NA20753	0	0	0	0.00	0	0
PSI	0	NA20758	0	0	0	0.00	0	0
PSI	0	NA20760	0	0	0	0.00	0	0
PSI	0	NA20765	0	0	0	0.00	0	0
PSI	0	NA20772	0	0	0	0.00	0	0
PSI	0	NA11832	0	0	0	0.00	0	0
PSI	0	NA11882	0	0	0	0.00	0	0
PSI	0	NA11894	0	0	0	0.00	0	0
PSI	0	NA11919	0	0	0	0.00	0	0
PSI	0	NA11933	0	0	0	0.00	0	0
PSI	0	NA11995	0	0	0	0.00	0	0
PSI	0	NA12006	0	0	0	0.00	0	0
PSI	0	NA12044	0	0	0	0.00	0	0
PSI	0	NA06984	0	0	0	0.00	0	0
PSI	0	NA06989	0	0	0	0.00	0	0
PSI	0	NA12342	0	0	0	0.00	0	0
PSI	0	NA12347	0	0	0	0.00	0	0
PSI	0	NA12400	0	0	0	0.00	0	0
PSI	0	NA12056	0	0	0	0.00	0	0
PSI	0	NA12145	0	0	0	0.00	0	0
PSI	0	NA12234	0	0	0	0.00	0	0
PSI	0	NA12239	0	0	0	0.00	0	0
PSI	0	NA12272	0	0	0	0.00	0	0
PSI	0	NA07045	0	0	0	0.00	0	0
PSI	0	NA12828	0	0	0	0.00	0	0
PSI	0	NA12830	0	0	0	0.00	0	0
PSI	0	NA12842	0	0	0	0.00	0	0
PSI	0	NA12873	0	0	0	0.00	0	0
PSI	0	NA12892	0	0	0	0.00	0	0
PSI	0	NA11829	0	0	0	0.00	0	0
PSI	0	NA11831	0	0	0	0.00	0	0
PSI	0	NA11843	0	0	0	0.00	0	0
PSI	0	NA11881	0	0	0	0.00	0	0
PSI	0	NA11893	0	0	0	0.00	0	0
PSI	0	NA11918	0	0	0	0.00	0	0
PSI	0	NA11920	0	0	0	0.00	0	0
PSI	0	NA11932	0	0	0	0.00	0	0
PSI	0	NA11994	0	0	0	0.00	0	0
PSI	0	NA12005	0	0	0	0.00	0	0
PSI	0	NA07037	0	0	0	0.00	0	0
PSI	0	NA07051	0	0	0	0.00	0	0
PSI	0	NA07056	0	0	0	0.00	0	0
PSI	0	NA07347	0	0	0	0.00	0	0
PSI	0	NA12760	0	0	0	0.00	0	0
PSI	0	NA12777	0	0	0	0.00	0	0
PSI	0	NA12815	0	0	0	0.00	0	0
PSI	0	NA12827	0	0	0	0.00	0	0
PSI	0	NA12872	0	0	0	0.00	0	0
PSI	0	NA12889	0	0	0	0.00	0	0
PSI	0	NA12891	0	0	0	0.00	0	0
PSI	0	NA12043	0	0	0	0.00	0	0
PSI	0	NA12144	0	0	0	0.00	0	0
PSI	0	NA12156	0	0	0	0.00	0	0
PSI	0	NA12264	0	0	0	0.00	0	0
PSI	0	NA12283	0	0	0	0.00	0	0
PSI	0	NA12341	0	0	0	0.00	0	0
PSI	0	NA12776	0	0	0	0.00	0	0
PSI	0	NA12236	0	0	0	0.00	0	0
PSI	0	NA20504	0	0	0	0.00	0	0
PSI	0	NA20509	0	0	0	0.00	0	0
PSI	0	NA20511	0	0	0	0.00	0	0
PSI	0	NA20516	0	0	0	0.00	0	0
PSI	0	NA20799	0	0	0	0.00	0	0
PSI	0	NA20802	0	0	0	0.00	0	0
PSI	0	NA20807	0	0	0	0.00	0	0
PSI	0	NA20814	0	0	0	0.00	0	0
PSI	0	NA20819	0	0	0	0.00	0	0
PSI	0	NA20821	0	0	0	0.00	0	0
PSI	0	NA20826	0	0	0	0.00	0	0
PSI	0	NA20756	0	0	0	0.00	0	0
PSI	0	NA20763	0	0	0	0.00	0	0
PSI	0	NA20768	0	0	0	0.00	0	0
PSI	0	NA20770	0	0	0	0.00	0	0
PSI	0	NA20775	0	0	0	0.00	0	0
PSI	0	NA20787	0	0	0	0.00	0	0
PSI	0	NA20528	0	0	0	0.00	0	0
PSI	0	NA20530	0	0	0	0.00	0	0
PSI	0	NA20535	0	0	0	0.00	0	0
PSI	0	NA20542	0	0	0	0.00	0	0
PSI	0	NA20585	0	0	0	0.00	0	0
PSI	0	NA20503	0	0	0	0.00	0	0
PSI	0	NA20508	0	0	0	0.00	0	0
PSI	0	NA20510	0	0	0	0.00	0	0
PSI	0	NA20515	0	0	0	0.00	0	0
PSI	0	NA20522	0	0	0	0.00	0	0
PSI	0	NA20527	0	0	0	0.00	0	0
PSI	0	NA20534	0	0	0	0.00	0	0
PSI	0	NA20539	0	0	0	0.00	0	0
PSI	0	NA20541	0	0	0	0.00	0	0
PSI	0	NA20589	0	0	0	0.00	0	0
PSI	0	NA20755	0	0	0	0.00	0	0
PSI	0	NA20762	0	0	0	0.00	0	0
PSI	0	NA20767	0	0	0	0.00	0	0
PSI	0	NA20774	0	0	0	0.00	0	0
PSI	0	NA20786	0	0	0	0.00	0	0
PSI	0	NA20798	0	0	0	0.00	0	0
PSI	0	NA20801	0	0	0	0.00	0	0
PSI	0	NA20806	0	0	0	0.00	0	0
PSI	0	NA20813	0	0	0	0.00	0	0
PSI	0	NA20818	0	0	0	0.00	0	0
PSI	0	NA20832	0	0	0	0.00	0	0
PSI	0	HG00119	0	0	0	0.00	0	0
PSI	0	HG00121	0	0	0	0.00	0	0
PSI	0	HG00126	0	0	0	0.00	0	0
PSI	0	HG00133	0	0	0	0.00	0	0
PSI	0	HG00138	0	0	0	0.00	0	0
PSI	0	HG00140	0	0	0	0.00	0	0
PSI	0	HG00145	0	0	0	0.00	0	0
PSI	0	HG00157	0	0	0	0.00	0	0
PSI	0	HG00171	0	0	0	0.00	0	0
PSI	0	HG00176	0	0	0	0.00	0	0
PSI	0	HG00099	0	0	0	0.00	0	0
PSI	0	HG00102	0	0	0	0.00	0	0
PSI	0	HG00107	0	0	0	0.00	0	0
PSI	0	HG00114	0	0	0	0.00	0	0
PSI	0	HG00183	0	0	0	0.00	0	0
PSI	0	HG00188	0	0	0	0.00	0	0
PSI	0	HG00190	0	0	0	0.00	0	0
PSI	0	HG00234	0	0	0	0.00	0	0
PSI	0	HG00239	0	0	0	0.00	0	0
PSI	0	HG00246	0	0	0	0.00	0	0
PSI	0	HG00366	0	0	0	0.00	0	0
PSI	0	HG00373	0	0	0	0.00	0	0
PSI	0	HG00378	0	0	0	0.00	0	0
PSI	0	HG00380	0	0	0	0.00	0	0
PSI	0	HG00253	0	0	0	0.00	0	0
PSI	0	HG00258	0	0	0	0.00	0	0
PSI	0	HG00260	0	0	0	0.00	0	0
PSI	0	HG00265	0	0	0	0.00	0	0
PSI	0	HG00272	0	0	0	0.00	0	0
PSI	0	HG00277	0	0	0	0.00	0	0
PSI	0	HG00328	0	0	0	0.00	0	0
PSI	0	HG00330	0	0	0	0.00	0	0
PSI	0	HG00335	0	0	0	0.00	0	0
PSI	0	HG00342	0	0	0	0.00	0	0
PSI	0	HG00361	0	0	0	0.00	0	0
PSI	0	HG00284	0	0	0	0.00	0	0
PSI	0	HG00304	0	0	0	0.00	0	0
PSI	0	HG00309	0	0	0	0.00	0	0
PSI	0	HG00311	0	0	0	0.00	0	0
PSI	0	HG00323	0	0	0	0.00	0	0
PSI	0	HG01504	0	0	0	0.00	0	0
PSI	0	HG01509	0	0	0	0.00	0	0
PSI	0	HG01516	0	0	0	0.00	0	0
PSI	0	HG01528	0	0	0	0.00	0	0
PSI	0	HG01530	0	0	0	0.00	0	0
PSI	0	HG01624	0	0	0	0.00	0	0
PSI	0	HG01631	0	0	0	0.00	0	0
PSI	0	HG01679	0	0	0	0.00	0	0
PSI	0	HG01686	0	0	0	0.00	0	0
PSI	0	HG01605	0	0	0	0.00	0	0
PSI	0	HG01612	0	0	0	0.00	0	0
PSI	0	HG01617	0	0	0	0.00	0	0
PSI	0	HG01768	0	0	0	0.00	0	0
PSI	0	HG01770	0	0	0	0.00	0	0
PSI	0	HG01775	0	0	0	0.00	0	0
PSI	0	HG01756	0	0	0	0.00	0	0
PSI	0	HG02235	0	0	0	0.00	0	0
PSI	0	HG02223	0	0	0	0.00	0	0
PSI	0	HG02230	0	0	0	0.00	0	0
PSI	0	NA06985	0	0	0	0.00	0	0
PSI	0	NA07022	0	0	0	0.00	0	0
PSI	0	NA07034	0	0	0	0.00	0	0
PSI	0	NA11840	0	0	0	0.00	0	0
PSI	0	NA12343	0	0	0	0.00	0	0
PSI	0	NA12348	0	0	0	0.00	0	0
PSI	0	NA12413	0	0	0	0.00	0	0
PSI	0	NA12812	0	0	0	0.00	0	0
PSI	0	NA12829	0	0	0	0.00	0	0
PSI	0	NA12843	0	0	0	0.00	0	0
PSI	0	NA12874	0	0	0	0.00	0	0
PSI	0	NA12716	0	0	0	0.00	0	0
PSI	0	NA12761	0	0	0	0.00	0	0
PSI	0	NA12778	0	0	0	0.00	0	0
PSI	0	NA12045	0	0	0	0.00	0	0
PSI	0	NA12057	0	0	0	0.00	0	0
PSI	0	NA12146	0	0	0	0.00	0	0
PSI	0	NA12273	0	0	0	0.00	0	0
PSI	0	NA20524	0	0	0	0.00	0	0
PSI	0	NA20529	0	0	0	0.00	0	0
PSI	0	NA20531	0	0	0	0.00	0	0
PSI	0	NA20536	0	0	0	0.00	0	0
PSI	0	NA20543	0	0	0	0.00	0	0
PSI	0	NA20581	0	0	0	0.00	0	0
PSI	0	NA20586	0	0	0	0.00	0	0
PSI	0	NA20752	0	0	0	0.00	0	0
PSI	0	NA20757	0	0	0	0.00	0	0
PSI	0	NA20764	0	0	0	0.00	0	0
PSI	0	NA20769	0	0	0	0.00	0	0
PSI	0	NA20771	0	0	0	0.00	0	0
PSI	0	NA20783	0	0	0	0.00	0	0
PSI	0	NA20505	0	0	0	0.00	0	0
PSI	0	NA20512	0	0	0	0.00	0	0
PSI	0	NA20517	0	0	0	0.00	0	0
PSI	0	NA20790	0	0	0	0.00	0	0
PSI	0	NA20795	0	0	0	0.00	0	0
PSI	0	NA20803	0	0	0	0.00	0	0
PSI	0	NA20808	0	0	0	0.00	0	0
PSI	0	NA20810	0	0	0	0.00	0	0
PSI	0	NA20815	0	0	0	0.00	0	0
PSI	0	NA20822	0	0	0	0.00	0	0
PSI	0	NA20827	0	0	0	0.00	0	0
# HWE
# HWE	[2]id	[3]1st ALT allele frequency	[4]Number of observations	[5]25th percentile	[6]median	[7]75th percentile
